gen		id		dom		parent_id		variation_type		fitness		parent_fitness		age		parent_age		num_voxels		parent_num_voxels		energy		parent_energy		material_different_from_parent		mean_material		mean_parent_material		mean_parent_diff_material
0		14		0		-1		newly_generated		5.0697		-10000000.0		0		10000000.0		216		10000000.0		216		10000000.0		
1		14		0		-1		survived		5.0697		-10000000.0		1		10000000.0		216		10000000.0		216		10000000.0		
2		14		0		-1		survived		5.0697		-10000000.0		2		10000000.0		216		10000000.0		216		10000000.0		
3		14		0		-1		survived		5.0697		-10000000.0		3		10000000.0		216		10000000.0		216		10000000.0		
4		14		0		-1		survived		5.0697		-10000000.0		4		10000000.0		216		10000000.0		216		10000000.0		
5		104		0		14		add_link		5.15841		5.0697		5		5		216		216		216		216		
6		104		0		14		survived		5.15841		5.0697		6		5		216		216		216		216		
7		104		0		14		survived		5.15841		5.0697		7		5		216		216		216		216		
8		188		0		-1		newly_generated		5.86138		-10000000.0		0		10000000.0		216		10000000.0		216		10000000.0		
9		188		0		-1		survived		5.86138		-10000000.0		1		10000000.0		216		10000000.0		216		10000000.0		
10		188		0		-1		survived		5.86138		-10000000.0		2		10000000.0		216		10000000.0		216		10000000.0		
11		188		0		-1		survived		5.86138		-10000000.0		3		10000000.0		216		10000000.0		216		10000000.0		
12		188		0		-1		survived		5.86138		-10000000.0		4		10000000.0		216		10000000.0		216		10000000.0		
13		282		0		188		add_node		6.25713		5.86138		5		5		216		216		216		216		
14		282		0		188		survived		6.25713		5.86138		6		5		216		216		216		216		
15		282		0		188		survived		6.25713		5.86138		7		5		216		216		216		216		
16		282		0		188		survived		6.25713		5.86138		8		5		216		216		216		216		
17		282		0		188		survived		6.25713		5.86138		9		5		216		216		216		216		
18		282		0		188		survived		6.25713		5.86138		10		5		216		216		216		216		
19		282		0		188		survived		6.25713		5.86138		11		5		216		216		216		216		
20		282		0		188		survived		6.25713		5.86138		12		5		216		216		216		216		
21		282		0		188		survived		6.25713		5.86138		13		5		216		216		216		216		
22		282		0		188		survived		6.25713		5.86138		14		5		216		216		216		216		
23		282		0		188		survived		6.25713		5.86138		15		5		216		216		216		216		
24		282		0		188		survived		6.25713		5.86138		16		5		216		216		216		216		
25		557		0		411		add_node		6.40628		6.01681		7		7		216		216		216		216		
26		557		0		411		survived		6.40628		6.01681		8		7		216		216		216		216		
27		557		0		411		survived		6.40628		6.01681		9		7		216		216		216		216		
28		557		0		411		survived		6.40628		6.01681		10		7		216		216		216		216		
29		557		0		411		survived		6.40628		6.01681		11		7		216		216		216		216		
30		557		0		411		survived		6.40628		6.01681		12		7		216		216		216		216		
31		557		0		411		survived		6.40628		6.01681		13		7		216		216		216		216		
32		557		0		411		survived		6.40628		6.01681		14		7		216		216		216		216		
33		720		0		557		remove_link		6.65742		6.40628		15		15		216		216		216		216		
34		720		0		557		survived		6.65742		6.40628		16		15		216		216		216		216		
35		720		0		557		survived		6.65742		6.40628		17		15		216		216		216		216		
36		720		0		557		survived		6.65742		6.40628		18		15		216		216		216		216		
37		720		0		557		survived		6.65742		6.40628		19		15		216		216		216		216		
38		720		0		557		survived		6.65742		6.40628		20		15		216		216		216		216		
39		720		0		557		survived		6.65742		6.40628		21		15		216		216		216		216		
40		720		0		557		survived		6.65742		6.40628		22		15		216		216		216		216		
41		720		0		557		survived		6.65742		6.40628		23		15		216		216		216		216		
42		720		0		557		survived		6.65742		6.40628		24		15		216		216		216		216		
43		720		0		557		survived		6.65742		6.40628		25		15		216		216		216		216		
44		720		0		557		survived		6.65742		6.40628		26		15		216		216		216		216		
45		720		0		557		survived		6.65742		6.40628		27		15		216		216		216		216		
46		720		0		557		survived		6.65742		6.40628		28		15		216		216		216		216		
47		720		0		557		survived		6.65742		6.40628		29		15		216		216		216		216		
48		720		0		557		survived		6.65742		6.40628		30		15		216		216		216		216		
49		1085		0		720		mutate_function(sqrt_abs-to-absolute)		6.69493		6.65742		31		31		216		216		216		216		
50		1085		0		720		survived		6.69493		6.65742		32		31		216		216		216		216		
51		1085		0		720		survived		6.69493		6.65742		33		31		216		216		216		216		
52		1085		0		720		survived		6.69493		6.65742		34		31		216		216		216		216		
53		1085		0		720		survived		6.69493		6.65742		35		31		216		216		216		216		
54		1085		0		720		survived		6.69493		6.65742		36		31		216		216		216		216		
55		1085		0		720		survived		6.69493		6.65742		37		31		216		216		216		216		
56		1085		0		720		survived		6.69493		6.65742		38		31		216		216		216		216		
57		1085		0		720		survived		6.69493		6.65742		39		31		216		216		216		216		
58		1085		0		720		survived		6.69493		6.65742		40		31		216		216		216		216		
59		1085		0		720		survived		6.69493		6.65742		41		31		216		216		216		216		
60		1085		0		720		survived		6.69493		6.65742		42		31		216		216		216		216		
61		1085		0		720		survived		6.69493		6.65742		43		31		216		216		216		216		
62		1085		0		720		survived		6.69493		6.65742		44		31		216		216		216		216		
63		1085		0		720		survived		6.69493		6.65742		45		31		216		216		216		216		
64		1085		0		720		survived		6.69493		6.65742		46		31		216		216		216		216		
65		1085		0		720		survived		6.69493		6.65742		47		31		216		216		216		216		
66		1085		0		720		survived		6.69493		6.65742		48		31		216		216		216		216		
67		1085		0		720		survived		6.69493		6.65742		49		31		216		216		216		216		
68		1085		0		720		survived		6.69493		6.65742		50		31		216		216		216		216		
69		1085		0		720		survived		6.69493		6.65742		51		31		216		216		216		216		
70		1536		0		1085		add_node		6.70326		6.69493		52		52		216		216		216		216		
71		1536		0		1085		survived		6.70326		6.69493		53		52		216		216		216		216		
72		1536		0		1085		survived		6.70326		6.69493		54		52		216		216		216		216		
73		1536		0		1085		survived		6.70326		6.69493		55		52		216		216		216		216		
74		1536		0		1085		survived		6.70326		6.69493		56		52		216		216		216		216		
75		1536		0		1085		survived		6.70326		6.69493		57		52		216		216		216		216		
76		1536		0		1085		survived		6.70326		6.69493		58		52		216		216		216		216		
77		1536		0		1085		survived		6.70326		6.69493		59		52		216		216		216		216		
78		1536		0		1085		survived		6.70326		6.69493		60		52		216		216		216		216		
79		1536		0		1085		survived		6.70326		6.69493		61		52		216		216		216		216		
80		1536		0		1085		survived		6.70326		6.69493		62		52		216		216		216		216		
81		1536		0		1085		survived		6.70326		6.69493		63		52		216		216		216		216		
82		1536		0		1085		survived		6.70326		6.69493		64		52		216		216		216		216		
83		1536		0		1085		survived		6.70326		6.69493		65		52		216		216		216		216		
84		1536		0		1085		survived		6.70326		6.69493		66		52		216		216		216		216		
85		1536		0		1085		survived		6.70326		6.69493		67		52		216		216		216		216		
86		1536		0		1085		survived		6.70326		6.69493		68		52		216		216		216		216		
87		1536		0		1085		survived		6.70326		6.69493		69		52		216		216		216		216		
88		1536		0		1085		survived		6.70326		6.69493		70		52		216		216		216		216		
89		1536		0		1085		survived		6.70326		6.69493		71		52		216		216		216		216		
90		1536		0		1085		survived		6.70326		6.69493		72		52		216		216		216		216		
91		1536		0		1085		survived		6.70326		6.69493		73		52		216		216		216		216		
92		1536		0		1085		survived		6.70326		6.69493		74		52		216		216		216		216		
93		1536		0		1085		survived		6.70326		6.69493		75		52		216		216		216		216		
94		1536		0		1085		survived		6.70326		6.69493		76		52		216		216		216		216		
95		1536		0		1085		survived		6.70326		6.69493		77		52		216		216		216		216		
96		1536		0		1085		survived		6.70326		6.69493		78		52		216		216		216		216		
97		1536		0		1085		survived		6.70326		6.69493		79		52		216		216		216		216		
98		1536		0		1085		survived		6.70326		6.69493		80		52		216		216		216		216		
99		1536		0		1085		survived		6.70326		6.69493		81		52		216		216		216		216		
100		1536		0		1085		survived		6.70326		6.69493		82		52		216		216		216		216		
101		1536		0		1085		survived		6.70326		6.69493		83		52		216		216		216		216		
102		1536		0		1085		survived		6.70326		6.69493		84		52		216		216		216		216		
103		1536		0		1085		survived		6.70326		6.69493		85		52		216		216		216		216		
104		1536		0		1085		survived		6.70326		6.69493		86		52		216		216		216		216		
105		1536		0		1085		survived		6.70326		6.69493		87		52		216		216		216		216		
106		1536		0		1085		survived		6.70326		6.69493		88		52		216		216		216		216		
107		1536		0		1085		survived		6.70326		6.69493		89		52		216		216		216		216		
108		1536		0		1085		survived		6.70326		6.69493		90		52		216		216		216		216		
109		1536		0		1085		survived		6.70326		6.69493		91		52		216		216		216		216		
110		1536		0		1085		survived		6.70326		6.69493		92		52		216		216		216		216		
111		1536		0		1085		survived		6.70326		6.69493		93		52		216		216		216		216		
112		1536		0		1085		survived		6.70326		6.69493		94		52		216		216		216		216		
113		1536		0		1085		survived		6.70326		6.69493		95		52		216		216		216		216		
114		1536		0		1085		survived		6.70326		6.69493		96		52		216		216		216		216		
115		1536		0		1085		survived		6.70326		6.69493		97		52		216		216		216		216		
116		1536		0		1085		survived		6.70326		6.69493		98		52		216		216		216		216		
117		1536		0		1085		survived		6.70326		6.69493		99		52		216		216		216		216		
118		1536		0		1085		survived		6.70326		6.69493		100		52		216		216		216		216		
119		1536		0		1085		survived		6.70326		6.69493		101		52		216		216		216		216		
120		1536		0		1085		survived		6.70326		6.69493		102		52		216		216		216		216		
121		1536		0		1085		survived		6.70326		6.69493		103		52		216		216		216		216		
122		1536		0		1085		survived		6.70326		6.69493		104		52		216		216		216		216		
123		1536		0		1085		survived		6.70326		6.69493		105		52		216		216		216		216		
124		1536		0		1085		survived		6.70326		6.69493		106		52		216		216		216		216		
125		1536		0		1085		survived		6.70326		6.69493		107		52		216		216		216		216		
126		1536		0		1085		survived		6.70326		6.69493		108		52		216		216		216		216		
127		1536		0		1085		survived		6.70326		6.69493		109		52		216		216		216		216		
128		1536		0		1085		survived		6.70326		6.69493		110		52		216		216		216		216		
129		1536		0		1085		survived		6.70326		6.69493		111		52		216		216		216		216		
130		1536		0		1085		survived		6.70326		6.69493		112		52		216		216		216		216		
131		1536		0		1085		survived		6.70326		6.69493		113		52		216		216		216		216		
132		1536		0		1085		survived		6.70326		6.69493		114		52		216		216		216		216		
133		1536		0		1085		survived		6.70326		6.69493		115		52		216		216		216		216		
134		1536		0		1085		survived		6.70326		6.69493		116		52		216		216		216		216		
135		1536		0		1085		survived		6.70326		6.69493		117		52		216		216		216		216		
136		1536		0		1085		survived		6.70326		6.69493		118		52		216		216		216		216		
137		1536		0		1085		survived		6.70326		6.69493		119		52		216		216		216		216		
138		1536		0		1085		survived		6.70326		6.69493		120		52		216		216		216		216		
139		1536		0		1085		survived		6.70326		6.69493		121		52		216		216		216		216		
140		1536		0		1085		survived		6.70326		6.69493		122		52		216		216		216		216		
141		1536		0		1085		survived		6.70326		6.69493		123		52		216		216		216		216		
142		1536		0		1085		survived		6.70326		6.69493		124		52		216		216		216		216		
143		1536		0		1085		survived		6.70326		6.69493		125		52		216		216		216		216		
144		1536		0		1085		survived		6.70326		6.69493		126		52		216		216		216		216		
145		1536		0		1085		survived		6.70326		6.69493		127		52		216		216		216		216		
146		1536		0		1085		survived		6.70326		6.69493		128		52		216		216		216		216		
147		1536		0		1085		survived		6.70326		6.69493		129		52		216		216		216		216		
148		1536		0		1085		survived		6.70326		6.69493		130		52		216		216		216		216		
149		1536		0		1085		survived		6.70326		6.69493		131		52		216		216		216		216		
150		1536		0		1085		survived		6.70326		6.69493		132		52		216		216		216		216		
151		1536		0		1085		survived		6.70326		6.69493		133		52		216		216		216		216		
152		1536		0		1085		survived		6.70326		6.69493		134		52		216		216		216		216		
153		1536		0		1085		survived		6.70326		6.69493		135		52		216		216		216		216		
154		1536		0		1085		survived		6.70326		6.69493		136		52		216		216		216		216		
155		1536		0		1085		survived		6.70326		6.69493		137		52		216		216		216		216		
156		1536		0		1085		survived		6.70326		6.69493		138		52		216		216		216		216		
157		1536		0		1085		survived		6.70326		6.69493		139		52		216		216		216		216		
158		1536		0		1085		survived		6.70326		6.69493		140		52		216		216		216		216		
159		1536		0		1085		survived		6.70326		6.69493		141		52		216		216		216		216		
160		1536		0		1085		survived		6.70326		6.69493		142		52		216		216		216		216		
161		1536		0		1085		survived		6.70326		6.69493		143		52		216		216		216		216		
162		1536		0		1085		survived		6.70326		6.69493		144		52		216		216		216		216		
163		1536		0		1085		survived		6.70326		6.69493		145		52		216		216		216		216		
164		1536		0		1085		survived		6.70326		6.69493		146		52		216		216		216		216		
165		1536		0		1085		survived		6.70326		6.69493		147		52		216		216		216		216		
166		1536		0		1085		survived		6.70326		6.69493		148		52		216		216		216		216		
167		1536		0		1085		survived		6.70326		6.69493		149		52		216		216		216		216		
168		1536		0		1085		survived		6.70326		6.69493		150		52		216		216		216		216		
169		1536		0		1085		survived		6.70326		6.69493		151		52		216		216		216		216		
170		1536		0		1085		survived		6.70326		6.69493		152		52		216		216		216		216		
171		1536		0		1085		survived		6.70326		6.69493		153		52		216		216		216		216		
172		1536		0		1085		survived		6.70326		6.69493		154		52		216		216		216		216		
173		1536		0		1085		survived		6.70326		6.69493		155		52		216		216		216		216		
174		1536		0		1085		survived		6.70326		6.69493		156		52		216		216		216		216		
175		1536		0		1085		survived		6.70326		6.69493		157		52		216		216		216		216		
176		1536		0		1085		survived		6.70326		6.69493		158		52		216		216		216		216		
177		1536		0		1085		survived		6.70326		6.69493		159		52		216		216		216		216		
178		1536		0		1085		survived		6.70326		6.69493		160		52		216		216		216		216		
179		1536		0		1085		survived		6.70326		6.69493		161		52		216		216		216		216		
180		1536		0		1085		survived		6.70326		6.69493		162		52		216		216		216		216		
181		1536		0		1085		survived		6.70326		6.69493		163		52		216		216		216		216		
182		1536		0		1085		survived		6.70326		6.69493		164		52		216		216		216		216		
183		1536		0		1085		survived		6.70326		6.69493		165		52		216		216		216		216		
184		1536		0		1085		survived		6.70326		6.69493		166		52		216		216		216		216		
185		1536		0		1085		survived		6.70326		6.69493		167		52		216		216		216		216		
186		1536		0		1085		survived		6.70326		6.69493		168		52		216		216		216		216		
187		1536		0		1085		survived		6.70326		6.69493		169		52		216		216		216		216		
188		1536		0		1085		survived		6.70326		6.69493		170		52		216		216		216		216		
189		1536		0		1085		survived		6.70326		6.69493		171		52		216		216		216		216		
190		1536		0		1085		survived		6.70326		6.69493		172		52		216		216		216		216		
191		1536		0		1085		survived		6.70326		6.69493		173		52		216		216		216		216		
192		1536		0		1085		survived		6.70326		6.69493		174		52		216		216		216		216		
193		1536		0		1085		survived		6.70326		6.69493		175		52		216		216		216		216		
194		1536		0		1085		survived		6.70326		6.69493		176		52		216		216		216		216		
195		1536		0		1085		survived		6.70326		6.69493		177		52		216		216		216		216		
196		1536		0		1085		survived		6.70326		6.69493		178		52		216		216		216		216		
197		1536		0		1085		survived		6.70326		6.69493		179		52		216		216		216		216		
198		1536		0		1085		survived		6.70326		6.69493		180		52		216		216		216		216		
199		1536		0		1085		survived		6.70326		6.69493		181		52		216		216		216		216		
200		1536		0		1085		survived		6.70326		6.69493		182		52		216		216		216		216		
201		1536		0		1085		survived		6.70326		6.69493		183		52		216		216		216		216		
202		1536		0		1085		survived		6.70326		6.69493		184		52		216		216		216		216		
203		1536		0		1085		survived		6.70326		6.69493		185		52		216		216		216		216		
204		1536		0		1085		survived		6.70326		6.69493		186		52		216		216		216		216		
205		1536		0		1085		survived		6.70326		6.69493		187		52		216		216		216		216		
206		1536		0		1085		survived		6.70326		6.69493		188		52		216		216		216		216		
207		1536		0		1085		survived		6.70326		6.69493		189		52		216		216		216		216		
208		1536		0		1085		survived		6.70326		6.69493		190		52		216		216		216		216		
209		1536		0		1085		survived		6.70326		6.69493		191		52		216		216		216		216		
210		1536		0		1085		survived		6.70326		6.69493		192		52		216		216		216		216		
211		1536		0		1085		survived		6.70326		6.69493		193		52		216		216		216		216		
212		1536		0		1085		survived		6.70326		6.69493		194		52		216		216		216		216		
213		1536		0		1085		survived		6.70326		6.69493		195		52		216		216		216		216		
214		1536		0		1085		survived		6.70326		6.69493		196		52		216		216		216		216		
215		1536		0		1085		survived		6.70326		6.69493		197		52		216		216		216		216		
216		1536		0		1085		survived		6.70326		6.69493		198		52		216		216		216		216		
217		1536		0		1085		survived		6.70326		6.69493		199		52		216		216		216		216		
218		1536		0		1085		survived		6.70326		6.69493		200		52		216		216		216		216		
219		1536		0		1085		survived		6.70326		6.69493		201		52		216		216		216		216		
220		1536		0		1085		survived		6.70326		6.69493		202		52		216		216		216		216		
221		1536		0		1085		survived		6.70326		6.69493		203		52		216		216		216		216		
222		1536		0		1085		survived		6.70326		6.69493		204		52		216		216		216		216		
223		1536		0		1085		survived		6.70326		6.69493		205		52		216		216		216		216		
224		1536		0		1085		survived		6.70326		6.69493		206		52		216		216		216		216		
225		1536		0		1085		survived		6.70326		6.69493		207		52		216		216		216		216		
226		1536		0		1085		survived		6.70326		6.69493		208		52		216		216		216		216		
227		1536		0		1085		survived		6.70326		6.69493		209		52		216		216		216		216		
228		1536		0		1085		survived		6.70326		6.69493		210		52		216		216		216		216		
229		1536		0		1085		survived		6.70326		6.69493		211		52		216		216		216		216		
230		1536		0		1085		survived		6.70326		6.69493		212		52		216		216		216		216		
231		1536		0		1085		survived		6.70326		6.69493		213		52		216		216		216		216		
232		1536		0		1085		survived		6.70326		6.69493		214		52		216		216		216		216		
233		1536		0		1085		survived		6.70326		6.69493		215		52		216		216		216		216		
234		1536		0		1085		survived		6.70326		6.69493		216		52		216		216		216		216		
235		1536		0		1085		survived		6.70326		6.69493		217		52		216		216		216		216		
236		1536		0		1085		survived		6.70326		6.69493		218		52		216		216		216		216		
237		1536		0		1085		survived		6.70326		6.69493		219		52		216		216		216		216		
238		1536		0		1085		survived		6.70326		6.69493		220		52		216		216		216		216		
239		1536		0		1085		survived		6.70326		6.69493		221		52		216		216		216		216		
240		1536		0		1085		survived		6.70326		6.69493		222		52		216		216		216		216		
241		1536		0		1085		survived		6.70326		6.69493		223		52		216		216		216		216		
242		1536		0		1085		survived		6.70326		6.69493		224		52		216		216		216		216		
243		1536		0		1085		survived		6.70326		6.69493		225		52		216		216		216		216		
244		1536		0		1085		survived		6.70326		6.69493		226		52		216		216		216		216		
245		1536		0		1085		survived		6.70326		6.69493		227		52		216		216		216		216		
246		1536		0		1085		survived		6.70326		6.69493		228		52		216		216		216		216		
247		1536		0		1085		survived		6.70326		6.69493		229		52		216		216		216		216		
248		1536		0		1085		survived		6.70326		6.69493		230		52		216		216		216		216		
249		1536		0		1085		survived		6.70326		6.69493		231		52		216		216		216		216		
250		1536		0		1085		survived		6.70326		6.69493		232		52		216		216		216		216		
251		1536		0		1085		survived		6.70326		6.69493		233		52		216		216		216		216		
252		1536		0		1085		survived		6.70326		6.69493		234		52		216		216		216		216		
253		1536		0		1085		survived		6.70326		6.69493		235		52		216		216		216		216		
254		1536		0		1085		survived		6.70326		6.69493		236		52		216		216		216		216		
255		1536		0		1085		survived		6.70326		6.69493		237		52		216		216		216		216		
256		1536		0		1085		survived		6.70326		6.69493		238		52		216		216		216		216		
257		1536		0		1085		survived		6.70326		6.69493		239		52		216		216		216		216		
258		1536		0		1085		survived		6.70326		6.69493		240		52		216		216		216		216		
259		1536		0		1085		survived		6.70326		6.69493		241		52		216		216		216		216		
260		1536		0		1085		survived		6.70326		6.69493		242		52		216		216		216		216		
261		1536		0		1085		survived		6.70326		6.69493		243		52		216		216		216		216		
262		1536		0		1085		survived		6.70326		6.69493		244		52		216		216		216		216		
263		1536		0		1085		survived		6.70326		6.69493		245		52		216		216		216		216		
264		1536		0		1085		survived		6.70326		6.69493		246		52		216		216		216		216		
265		1536		0		1085		survived		6.70326		6.69493		247		52		216		216		216		216		
266		1536		0		1085		survived		6.70326		6.69493		248		52		216		216		216		216		
267		1536		0		1085		survived		6.70326		6.69493		249		52		216		216		216		216		
268		1536		0		1085		survived		6.70326		6.69493		250		52		216		216		216		216		
269		1536		0		1085		survived		6.70326		6.69493		251		52		216		216		216		216		
270		1536		0		1085		survived		6.70326		6.69493		252		52		216		216		216		216		
271		1536		0		1085		survived		6.70326		6.69493		253		52		216		216		216		216		
272		1536		0		1085		survived		6.70326		6.69493		254		52		216		216		216		216		
273		1536		0		1085		survived		6.70326		6.69493		255		52		216		216		216		216		
274		1536		0		1085		survived		6.70326		6.69493		256		52		216		216		216		216		
275		1536		0		1085		survived		6.70326		6.69493		257		52		216		216		216		216		
276		1536		0		1085		survived		6.70326		6.69493		258		52		216		216		216		216		
277		1536		0		1085		survived		6.70326		6.69493		259		52		216		216		216		216		
278		1536		0		1085		survived		6.70326		6.69493		260		52		216		216		216		216		
279		1536		0		1085		survived		6.70326		6.69493		261		52		216		216		216		216		
280		1536		0		1085		survived		6.70326		6.69493		262		52		216		216		216		216		
281		1536		0		1085		survived		6.70326		6.69493		263		52		216		216		216		216		
282		1536		0		1085		survived		6.70326		6.69493		264		52		216		216		216		216		
283		1536		0		1085		survived		6.70326		6.69493		265		52		216		216		216		216		
284		1536		0		1085		survived		6.70326		6.69493		266		52		216		216		216		216		
285		1536		0		1085		survived		6.70326		6.69493		267		52		216		216		216		216		
286		1536		0		1085		survived		6.70326		6.69493		268		52		216		216		216		216		
287		1536		0		1085		survived		6.70326		6.69493		269		52		216		216		216		216		
288		1536		0		1085		survived		6.70326		6.69493		270		52		216		216		216		216		
289		1536		0		1085		survived		6.70326		6.69493		271		52		216		216		216		216		
290		1536		0		1085		survived		6.70326		6.69493		272		52		216		216		216		216		
291		1536		0		1085		survived		6.70326		6.69493		273		52		216		216		216		216		
292		1536		0		1085		survived		6.70326		6.69493		274		52		216		216		216		216		
293		1536		0		1085		survived		6.70326		6.69493		275		52		216		216		216		216		
294		1536		0		1085		survived		6.70326		6.69493		276		52		216		216		216		216		
295		1536		0		1085		survived		6.70326		6.69493		277		52		216		216		216		216		
296		1536		0		1085		survived		6.70326		6.69493		278		52		216		216		216		216		
297		1536		0		1085		survived		6.70326		6.69493		279		52		216		216		216		216		
298		1536		0		1085		survived		6.70326		6.69493		280		52		216		216		216		216		
299		1536		0		1085		survived		6.70326		6.69493		281		52		216		216		216		216		
300		1536		0		1085		survived		6.70326		6.69493		282		52		216		216		216		216		
301		1536		0		1085		survived		6.70326		6.69493		283		52		216		216		216		216		
302		1536		0		1085		survived		6.70326		6.69493		284		52		216		216		216		216		
303		1536		0		1085		survived		6.70326		6.69493		285		52		216		216		216		216		
304		1536		0		1085		survived		6.70326		6.69493		286		52		216		216		216		216		
305		1536		0		1085		survived		6.70326		6.69493		287		52		216		216		216		216		
306		1536		0		1085		survived		6.70326		6.69493		288		52		216		216		216		216		
307		1536		0		1085		survived		6.70326		6.69493		289		52		216		216		216		216		
308		1536		0		1085		survived		6.70326		6.69493		290		52		216		216		216		216		
309		1536		0		1085		survived		6.70326		6.69493		291		52		216		216		216		216		
310		1536		0		1085		survived		6.70326		6.69493		292		52		216		216		216		216		
311		1536		0		1085		survived		6.70326		6.69493		293		52		216		216		216		216		
312		1536		0		1085		survived		6.70326		6.69493		294		52		216		216		216		216		
313		1536		0		1085		survived		6.70326		6.69493		295		52		216		216		216		216		
314		1536		0		1085		survived		6.70326		6.69493		296		52		216		216		216		216		
315		1536		0		1085		survived		6.70326		6.69493		297		52		216		216		216		216		
316		1536		0		1085		survived		6.70326		6.69493		298		52		216		216		216		216		
317		1536		0		1085		survived		6.70326		6.69493		299		52		216		216		216		216		
318		1536		0		1085		survived		6.70326		6.69493		300		52		216		216		216		216		
319		1536		0		1085		survived		6.70326		6.69493		301		52		216		216		216		216		
320		1536		0		1085		survived		6.70326		6.69493		302		52		216		216		216		216		
321		1536		0		1085		survived		6.70326		6.69493		303		52		216		216		216		216		
322		1536		0		1085		survived		6.70326		6.69493		304		52		216		216		216		216		
323		1536		0		1085		survived		6.70326		6.69493		305		52		216		216		216		216		
324		1536		0		1085		survived		6.70326		6.69493		306		52		216		216		216		216		
325		1536		0		1085		survived		6.70326		6.69493		307		52		216		216		216		216		
326		1536		0		1085		survived		6.70326		6.69493		308		52		216		216		216		216		
327		1536		0		1085		survived		6.70326		6.69493		309		52		216		216		216		216		
328		1536		0		1085		survived		6.70326		6.69493		310		52		216		216		216		216		
329		1536		0		1085		survived		6.70326		6.69493		311		52		216		216		216		216		
330		1536		0		1085		survived		6.70326		6.69493		312		52		216		216		216		216		
331		1536		0		1085		survived		6.70326		6.69493		313		52		216		216		216		216		
332		1536		0		1085		survived		6.70326		6.69493		314		52		216		216		216		216		
333		1536		0		1085		survived		6.70326		6.69493		315		52		216		216		216		216		
334		1536		0		1085		survived		6.70326		6.69493		316		52		216		216		216		216		
335		1536		0		1085		survived		6.70326		6.69493		317		52		216		216		216		216		
336		1536		0		1085		survived		6.70326		6.69493		318		52		216		216		216		216		
337		1536		0		1085		survived		6.70326		6.69493		319		52		216		216		216		216		
338		1536		0		1085		survived		6.70326		6.69493		320		52		216		216		216		216		
339		1536		0		1085		survived		6.70326		6.69493		321		52		216		216		216		216		
340		1536		0		1085		survived		6.70326		6.69493		322		52		216		216		216		216		
341		1536		0		1085		survived		6.70326		6.69493		323		52		216		216		216		216		
342		1536		0		1085		survived		6.70326		6.69493		324		52		216		216		216		216		
343		1536		0		1085		survived		6.70326		6.69493		325		52		216		216		216		216		
344		1536		0		1085		survived		6.70326		6.69493		326		52		216		216		216		216		
345		1536		0		1085		survived		6.70326		6.69493		327		52		216		216		216		216		
346		1536		0		1085		survived		6.70326		6.69493		328		52		216		216		216		216		
347		1536		0		1085		survived		6.70326		6.69493		329		52		216		216		216		216		
348		1536		0		1085		survived		6.70326		6.69493		330		52		216		216		216		216		
349		1536		0		1085		survived		6.70326		6.69493		331		52		216		216		216		216		
350		1536		0		1085		survived		6.70326		6.69493		332		52		216		216		216		216		
351		1536		0		1085		survived		6.70326		6.69493		333		52		216		216		216		216		
352		1536		0		1085		survived		6.70326		6.69493		334		52		216		216		216		216		
353		1536		0		1085		survived		6.70326		6.69493		335		52		216		216		216		216		
354		1536		0		1085		survived		6.70326		6.69493		336		52		216		216		216		216		
355		1536		0		1085		survived		6.70326		6.69493		337		52		216		216		216		216		
356		1536		0		1085		survived		6.70326		6.69493		338		52		216		216		216		216		
357		1536		0		1085		survived		6.70326		6.69493		339		52		216		216		216		216		
358		1536		0		1085		survived		6.70326		6.69493		340		52		216		216		216		216		
359		1536		0		1085		survived		6.70326		6.69493		341		52		216		216		216		216		
360		1536		0		1085		survived		6.70326		6.69493		342		52		216		216		216		216		
361		1536		0		1085		survived		6.70326		6.69493		343		52		216		216		216		216		
362		1536		0		1085		survived		6.70326		6.69493		344		52		216		216		216		216		
363		1536		0		1085		survived		6.70326		6.69493		345		52		216		216		216		216		
364		1536		0		1085		survived		6.70326		6.69493		346		52		216		216		216		216		
365		1536		0		1085		survived		6.70326		6.69493		347		52		216		216		216		216		
366		1536		0		1085		survived		6.70326		6.69493		348		52		216		216		216		216		
367		1536		0		1085		survived		6.70326		6.69493		349		52		216		216		216		216		
368		1536		0		1085		survived		6.70326		6.69493		350		52		216		216		216		216		
369		1536		0		1085		survived		6.70326		6.69493		351		52		216		216		216		216		
370		1536		0		1085		survived		6.70326		6.69493		352		52		216		216		216		216		
371		1536		0		1085		survived		6.70326		6.69493		353		52		216		216		216		216		
372		1536		0		1085		survived		6.70326		6.69493		354		52		216		216		216		216		
373		1536		0		1085		survived		6.70326		6.69493		355		52		216		216		216		216		
374		1536		0		1085		survived		6.70326		6.69493		356		52		216		216		216		216		
375		1536		0		1085		survived		6.70326		6.69493		357		52		216		216		216		216		
376		1536		0		1085		survived		6.70326		6.69493		358		52		216		216		216		216		
377		1536		0		1085		survived		6.70326		6.69493		359		52		216		216		216		216		
378		1536		0		1085		survived		6.70326		6.69493		360		52		216		216		216		216		
379		1536		0		1085		survived		6.70326		6.69493		361		52		216		216		216		216		
380		1536		0		1085		survived		6.70326		6.69493		362		52		216		216		216		216		
381		1536		0		1085		survived		6.70326		6.69493		363		52		216		216		216		216		
382		1536		0		1085		survived		6.70326		6.69493		364		52		216		216		216		216		
383		1536		0		1085		survived		6.70326		6.69493		365		52		216		216		216		216		
384		1536		0		1085		survived		6.70326		6.69493		366		52		216		216		216		216		
385		1536		0		1085		survived		6.70326		6.69493		367		52		216		216		216		216		
386		1536		0		1085		survived		6.70326		6.69493		368		52		216		216		216		216		
387		1536		0		1085		survived		6.70326		6.69493		369		52		216		216		216		216		
388		1536		0		1085		survived		6.70326		6.69493		370		52		216		216		216		216		
389		1536		0		1085		survived		6.70326		6.69493		371		52		216		216		216		216		
390		1536		0		1085		survived		6.70326		6.69493		372		52		216		216		216		216		
391		1536		0		1085		survived		6.70326		6.69493		373		52		216		216		216		216		
392		1536		0		1085		survived		6.70326		6.69493		374		52		216		216		216		216		
393		1536		0		1085		survived		6.70326		6.69493		375		52		216		216		216		216		
394		1536		0		1085		survived		6.70326		6.69493		376		52		216		216		216		216		
395		1536		0		1085		survived		6.70326		6.69493		377		52		216		216		216		216		
396		1536		0		1085		survived		6.70326		6.69493		378		52		216		216		216		216		
397		1536		0		1085		survived		6.70326		6.69493		379		52		216		216		216		216		
398		1536		0		1085		survived		6.70326		6.69493		380		52		216		216		216		216		
399		1536		0		1085		survived		6.70326		6.69493		381		52		216		216		216		216		
400		1536		0		1085		survived		6.70326		6.69493		382		52		216		216		216		216		
401		1536		0		1085		survived		6.70326		6.69493		383		52		216		216		216		216		
402		1536		0		1085		survived		6.70326		6.69493		384		52		216		216		216		216		
403		1536		0		1085		survived		6.70326		6.69493		385		52		216		216		216		216		
404		1536		0		1085		survived		6.70326		6.69493		386		52		216		216		216		216		
405		1536		0		1085		survived		6.70326		6.69493		387		52		216		216		216		216		
406		1536		0		1085		survived		6.70326		6.69493		388		52		216		216		216		216		
407		1536		0		1085		survived		6.70326		6.69493		389		52		216		216		216		216		
408		1536		0		1085		survived		6.70326		6.69493		390		52		216		216		216		216		
409		1536		0		1085		survived		6.70326		6.69493		391		52		216		216		216		216		
410		1536		0		1085		survived		6.70326		6.69493		392		52		216		216		216		216		
411		1536		0		1085		survived		6.70326		6.69493		393		52		216		216		216		216		
412		1536		0		1085		survived		6.70326		6.69493		394		52		216		216		216		216		
413		1536		0		1085		survived		6.70326		6.69493		395		52		216		216		216		216		
414		1536		0		1085		survived		6.70326		6.69493		396		52		216		216		216		216		
415		1536		0		1085		survived		6.70326		6.69493		397		52		216		216		216		216		
416		1536		0		1085		survived		6.70326		6.69493		398		52		216		216		216		216		
417		1536		0		1085		survived		6.70326		6.69493		399		52		216		216		216		216		
418		1536		0		1085		survived		6.70326		6.69493		400		52		216		216		216		216		
419		1536		0		1085		survived		6.70326		6.69493		401		52		216		216		216		216		
420		1536		0		1085		survived		6.70326		6.69493		402		52		216		216		216		216		
421		1536		0		1085		survived		6.70326		6.69493		403		52		216		216		216		216		
422		1536		0		1085		survived		6.70326		6.69493		404		52		216		216		216		216		
423		1536		0		1085		survived		6.70326		6.69493		405		52		216		216		216		216		
424		1536		0		1085		survived		6.70326		6.69493		406		52		216		216		216		216		
425		1536		0		1085		survived		6.70326		6.69493		407		52		216		216		216		216		
426		1536		0		1085		survived		6.70326		6.69493		408		52		216		216		216		216		
427		1536		0		1085		survived		6.70326		6.69493		409		52		216		216		216		216		
428		1536		0		1085		survived		6.70326		6.69493		410		52		216		216		216		216		
429		1536		0		1085		survived		6.70326		6.69493		411		52		216		216		216		216		
430		1536		0		1085		survived		6.70326		6.69493		412		52		216		216		216		216		
431		1536		0		1085		survived		6.70326		6.69493		413		52		216		216		216		216		
432		1536		0		1085		survived		6.70326		6.69493		414		52		216		216		216		216		
433		1536		0		1085		survived		6.70326		6.69493		415		52		216		216		216		216		
434		1536		0		1085		survived		6.70326		6.69493		416		52		216		216		216		216		
435		1536		0		1085		survived		6.70326		6.69493		417		52		216		216		216		216		
436		1536		0		1085		survived		6.70326		6.69493		418		52		216		216		216		216		
437		1536		0		1085		survived		6.70326		6.69493		419		52		216		216		216		216		
438		1536		0		1085		survived		6.70326		6.69493		420		52		216		216		216		216		
439		1536		0		1085		survived		6.70326		6.69493		421		52		216		216		216		216		
440		1536		0		1085		survived		6.70326		6.69493		422		52		216		216		216		216		
441		1536		0		1085		survived		6.70326		6.69493		423		52		216		216		216		216		
442		1536		0		1085		survived		6.70326		6.69493		424		52		216		216		216		216		
443		1536		0		1085		survived		6.70326		6.69493		425		52		216		216		216		216		
444		1536		0		1085		survived		6.70326		6.69493		426		52		216		216		216		216		
445		1536		0		1085		survived		6.70326		6.69493		427		52		216		216		216		216		
446		1536		0		1085		survived		6.70326		6.69493		428		52		216		216		216		216		
447		1536		0		1085		survived		6.70326		6.69493		429		52		216		216		216		216		
448		1536		0		1085		survived		6.70326		6.69493		430		52		216		216		216		216		
449		1536		0		1085		survived		6.70326		6.69493		431		52		216		216		216		216		
450		1536		0		1085		survived		6.70326		6.69493		432		52		216		216		216		216		
451		1536		0		1085		survived		6.70326		6.69493		433		52		216		216		216		216		
452		1536		0		1085		survived		6.70326		6.69493		434		52		216		216		216		216		
453		1536		0		1085		survived		6.70326		6.69493		435		52		216		216		216		216		
454		1536		0		1085		survived		6.70326		6.69493		436		52		216		216		216		216		
455		1536		0		1085		survived		6.70326		6.69493		437		52		216		216		216		216		
456		1536		0		1085		survived		6.70326		6.69493		438		52		216		216		216		216		
457		1536		0		1085		survived		6.70326		6.69493		439		52		216		216		216		216		
458		1536		0		1085		survived		6.70326		6.69493		440		52		216		216		216		216		
459		1536		0		1085		survived		6.70326		6.69493		441		52		216		216		216		216		
460		1536		0		1085		survived		6.70326		6.69493		442		52		216		216		216		216		
461		1536		0		1085		survived		6.70326		6.69493		443		52		216		216		216		216		
462		1536		0		1085		survived		6.70326		6.69493		444		52		216		216		216		216		
463		1536		0		1085		survived		6.70326		6.69493		445		52		216		216		216		216		
464		1536		0		1085		survived		6.70326		6.69493		446		52		216		216		216		216		
465		1536		0		1085		survived		6.70326		6.69493		447		52		216		216		216		216		
466		1536		0		1085		survived		6.70326		6.69493		448		52		216		216		216		216		
467		1536		0		1085		survived		6.70326		6.69493		449		52		216		216		216		216		
468		1536		0		1085		survived		6.70326		6.69493		450		52		216		216		216		216		
469		1536		0		1085		survived		6.70326		6.69493		451		52		216		216		216		216		
470		1536		0		1085		survived		6.70326		6.69493		452		52		216		216		216		216		
471		1536		0		1085		survived		6.70326		6.69493		453		52		216		216		216		216		
472		1536		0		1085		survived		6.70326		6.69493		454		52		216		216		216		216		
473		1536		0		1085		survived		6.70326		6.69493		455		52		216		216		216		216		
474		1536		0		1085		survived		6.70326		6.69493		456		52		216		216		216		216		
475		1536		0		1085		survived		6.70326		6.69493		457		52		216		216		216		216		
476		1536		0		1085		survived		6.70326		6.69493		458		52		216		216		216		216		
477		1536		0		1085		survived		6.70326		6.69493		459		52		216		216		216		216		
478		1536		0		1085		survived		6.70326		6.69493		460		52		216		216		216		216		
479		1536		0		1085		survived		6.70326		6.69493		461		52		216		216		216		216		
480		1536		0		1085		survived		6.70326		6.69493		462		52		216		216		216		216		
481		1536		0		1085		survived		6.70326		6.69493		463		52		216		216		216		216		
482		1536		0		1085		survived		6.70326		6.69493		464		52		216		216		216		216		
483		1536		0		1085		survived		6.70326		6.69493		465		52		216		216		216		216		
484		1536		0		1085		survived		6.70326		6.69493		466		52		216		216		216		216		
485		1536		0		1085		survived		6.70326		6.69493		467		52		216		216		216		216		
486		1536		0		1085		survived		6.70326		6.69493		468		52		216		216		216		216		
487		1536		0		1085		survived		6.70326		6.69493		469		52		216		216		216		216		
488		1536		0		1085		survived		6.70326		6.69493		470		52		216		216		216		216		
489		1536		0		1085		survived		6.70326		6.69493		471		52		216		216		216		216		
490		1536		0		1085		survived		6.70326		6.69493		472		52		216		216		216		216		
491		1536		0		1085		survived		6.70326		6.69493		473		52		216		216		216		216		
492		1536		0		1085		survived		6.70326		6.69493		474		52		216		216		216		216		
493		1536		0		1085		survived		6.70326		6.69493		475		52		216		216		216		216		
494		1536		0		1085		survived		6.70326		6.69493		476		52		216		216		216		216		
495		1536		0		1085		survived		6.70326		6.69493		477		52		216		216		216		216		
496		1536		0		1085		survived		6.70326		6.69493		478		52		216		216		216		216		
497		1536		0		1085		survived		6.70326		6.69493		479		52		216		216		216		216		
498		1536		0		1085		survived		6.70326		6.69493		480		52		216		216		216		216		
499		1536		0		1085		survived		6.70326		6.69493		481		52		216		216		216		216		
500		1536		0		1085		survived		6.70326		6.69493		482		52		216		216		216		216		
501		1536		0		1085		survived		6.70326		6.69493		483		52		216		216		216		216		
502		1536		0		1085		survived		6.70326		6.69493		484		52		216		216		216		216		
503		1536		0		1085		survived		6.70326		6.69493		485		52		216		216		216		216		
504		1536		0		1085		survived		6.70326		6.69493		486		52		216		216		216		216		
505		1536		0		1085		survived		6.70326		6.69493		487		52		216		216		216		216		
506		1536		0		1085		survived		6.70326		6.69493		488		52		216		216		216		216		
507		1536		0		1085		survived		6.70326		6.69493		489		52		216		216		216		216		
508		1536		0		1085		survived		6.70326		6.69493		490		52		216		216		216		216		
509		1536		0		1085		survived		6.70326		6.69493		491		52		216		216		216		216		
510		1536		0		1085		survived		6.70326		6.69493		492		52		216		216		216		216		
511		1536		0		1085		survived		6.70326		6.69493		493		52		216		216		216		216		
512		1536		0		1085		survived		6.70326		6.69493		494		52		216		216		216		216		
513		1536		0		1085		survived		6.70326		6.69493		495		52		216		216		216		216		
514		1536		0		1085		survived		6.70326		6.69493		496		52		216		216		216		216		
515		1536		0		1085		survived		6.70326		6.69493		497		52		216		216		216		216		
516		1536		0		1085		survived		6.70326		6.69493		498		52		216		216		216		216		
517		1536		0		1085		survived		6.70326		6.69493		499		52		216		216		216		216		
518		1536		0		1085		survived		6.70326		6.69493		500		52		216		216		216		216		
519		1536		0		1085		survived		6.70326		6.69493		501		52		216		216		216		216		
520		1536		0		1085		survived		6.70326		6.69493		502		52		216		216		216		216		
521		1536		0		1085		survived		6.70326		6.69493		503		52		216		216		216		216		
522		1536		0		1085		survived		6.70326		6.69493		504		52		216		216		216		216		
523		1536		0		1085		survived		6.70326		6.69493		505		52		216		216		216		216		
524		1536		0		1085		survived		6.70326		6.69493		506		52		216		216		216		216		
525		11553		0		11490		mutate_function(absolute-to-neg_sqrt_abs)		7.7042		6.67585		64		64		216		216		214		210		
526		11553		0		11490		survived		7.7042		6.67585		65		64		216		216		214		210		
527		11553		0		11490		survived		7.7042		6.67585		66		64		216		216		214		210		
528		11553		0		11490		survived		7.7042		6.67585		67		64		216		216		214		210		
529		11553		0		11490		survived		7.7042		6.67585		68		64		216		216		214		210		
530		11553		0		11490		survived		7.7042		6.67585		69		64		216		216		214		210		
531		11553		0		11490		survived		7.7042		6.67585		70		64		216		216		214		210		
532		11553		0		11490		survived		7.7042		6.67585		71		64		216		216		214		210		
533		11553		0		11490		survived		7.7042		6.67585		72		64		216		216		214		210		
534		11553		0		11490		survived		7.7042		6.67585		73		64		216		216		214		210		
535		11553		0		11490		survived		7.7042		6.67585		74		64		216		216		214		210		
536		11553		0		11490		survived		7.7042		6.67585		75		64		216		216		214		210		
537		11553		0		11490		survived		7.7042		6.67585		76		64		216		216		214		210		
538		11553		0		11490		survived		7.7042		6.67585		77		64		216		216		214		210		
539		11854		0		11553		remove_node		7.80663		7.7042		78		78		216		216		214		214		
540		11854		0		11553		survived		7.80663		7.7042		79		78		216		216		214		214		
541		11854		0		11553		survived		7.80663		7.7042		80		78		216		216		214		214		
542		11854		0		11553		survived		7.80663		7.7042		81		78		216		216		214		214		
543		11854		0		11553		survived		7.80663		7.7042		82		78		216		216		214		214		
544		11854		0		11553		survived		7.80663		7.7042		83		78		216		216		214		214		
545		11854		0		11553		survived		7.80663		7.7042		84		78		216		216		214		214		
546		11854		0		11553		survived		7.80663		7.7042		85		78		216		216		214		214		
547		11854		0		11553		survived		7.80663		7.7042		86		78		216		216		214		214		
548		11854		0		11553		survived		7.80663		7.7042		87		78		216		216		214		214		
549		11854		0		11553		survived		7.80663		7.7042		88		78		216		216		214		214		
550		11854		0		11553		survived		7.80663		7.7042		89		78		216		216		214		214		
551		11854		0		11553		survived		7.80663		7.7042		90		78		216		216		214		214		
552		11854		0		11553		survived		7.80663		7.7042		91		78		216		216		214		214		
553		11854		0		11553		survived		7.80663		7.7042		92		78		216		216		214		214		
554		11854		0		11553		survived		7.80663		7.7042		93		78		216		216		214		214		
555		11854		0		11553		survived		7.80663		7.7042		94		78		216		216		214		214		
556		11854		0		11553		survived		7.80663		7.7042		95		78		216		216		214		214		
557		11854		0		11553		survived		7.80663		7.7042		96		78		216		216		214		214		
558		11854		0		11553		survived		7.80663		7.7042		97		78		216		216		214		214		
559		11854		0		11553		survived		7.80663		7.7042		98		78		216		216		214		214		
560		11854		0		11553		survived		7.80663		7.7042		99		78		216		216		214		214		
561		11854		0		11553		survived		7.80663		7.7042		100		78		216		216		214		214		
562		11854		0		11553		survived		7.80663		7.7042		101		78		216		216		214		214		
563		11854		0		11553		survived		7.80663		7.7042		102		78		216		216		214		214		
564		11854		0		11553		survived		7.80663		7.7042		103		78		216		216		214		214		
565		11854		0		11553		survived		7.80663		7.7042		104		78		216		216		214		214		
566		11854		0		11553		survived		7.80663		7.7042		105		78		216		216		214		214		
567		11854		0		11553		survived		7.80663		7.7042		106		78		216		216		214		214		
568		11854		0		11553		survived		7.80663		7.7042		107		78		216		216		214		214		
569		11854		0		11553		survived		7.80663		7.7042		108		78		216		216		214		214		
570		11854		0		11553		survived		7.80663		7.7042		109		78		216		216		214		214		
571		11854		0		11553		survived		7.80663		7.7042		110		78		216		216		214		214		
572		11854		0		11553		survived		7.80663		7.7042		111		78		216		216		214		214		
573		11854		0		11553		survived		7.80663		7.7042		112		78		216		216		214		214		
574		11854		0		11553		survived		7.80663		7.7042		113		78		216		216		214		214		
575		11854		0		11553		survived		7.80663		7.7042		114		78		216		216		214		214		
576		11854		0		11553		survived		7.80663		7.7042		115		78		216		216		214		214		
577		11854		0		11553		survived		7.80663		7.7042		116		78		216		216		214		214		
578		11854		0		11553		survived		7.80663		7.7042		117		78		216		216		214		214		
579		11854		0		11553		survived		7.80663		7.7042		118		78		216		216		214		214		
580		11854		0		11553		survived		7.80663		7.7042		119		78		216		216		214		214		
581		11854		0		11553		survived		7.80663		7.7042		120		78		216		216		214		214		
582		11854		0		11553		survived		7.80663		7.7042		121		78		216		216		214		214		
583		11854		0		11553		survived		7.80663		7.7042		122		78		216		216		214		214		
584		11854		0		11553		survived		7.80663		7.7042		123		78		216		216		214		214		
585		11854		0		11553		survived		7.80663		7.7042		124		78		216		216		214		214		
586		11854		0		11553		survived		7.80663		7.7042		125		78		216		216		214		214		
587		11854		0		11553		survived		7.80663		7.7042		126		78		216		216		214		214		
588		11854		0		11553		survived		7.80663		7.7042		127		78		216		216		214		214		
589		11854		0		11553		survived		7.80663		7.7042		128		78		216		216		214		214		
590		11854		0		11553		survived		7.80663		7.7042		129		78		216		216		214		214		
591		11854		0		11553		survived		7.80663		7.7042		130		78		216		216		214		214		
592		11854		0		11553		survived		7.80663		7.7042		131		78		216		216		214		214		
593		11854		0		11553		survived		7.80663		7.7042		132		78		216		216		214		214		
594		11854		0		11553		survived		7.80663		7.7042		133		78		216		216		214		214		
595		11854		0		11553		survived		7.80663		7.7042		134		78		216		216		214		214		
596		11854		0		11553		survived		7.80663		7.7042		135		78		216		216		214		214		
597		11854		0		11553		survived		7.80663		7.7042		136		78		216		216		214		214		
598		11854		0		11553		survived		7.80663		7.7042		137		78		216		216		214		214		
599		11854		0		11553		survived		7.80663		7.7042		138		78		216		216		214		214		
600		11854		0		11553		survived		7.80663		7.7042		139		78		216		216		214		214		
601		11854		0		11553		survived		7.80663		7.7042		140		78		216		216		214		214		
602		11854		0		11553		survived		7.80663		7.7042		141		78		216		216		214		214		
603		11854		0		11553		survived		7.80663		7.7042		142		78		216		216		214		214		
604		11854		0		11553		survived		7.80663		7.7042		143		78		216		216		214		214		
605		11854		0		11553		survived		7.80663		7.7042		144		78		216		216		214		214		
606		11854		0		11553		survived		7.80663		7.7042		145		78		216		216		214		214		
607		11854		0		11553		survived		7.80663		7.7042		146		78		216		216		214		214		
608		11854		0		11553		survived		7.80663		7.7042		147		78		216		216		214		214		
609		11854		0		11553		survived		7.80663		7.7042		148		78		216		216		214		214		
610		11854		0		11553		survived		7.80663		7.7042		149		78		216		216		214		214		
611		11854		0		11553		survived		7.80663		7.7042		150		78		216		216		214		214		
612		11854		0		11553		survived		7.80663		7.7042		151		78		216		216		214		214		
613		11854		0		11553		survived		7.80663		7.7042		152		78		216		216		214		214		
614		11854		0		11553		survived		7.80663		7.7042		153		78		216		216		214		214		
615		11854		0		11553		survived		7.80663		7.7042		154		78		216		216		214		214		
616		11854		0		11553		survived		7.80663		7.7042		155		78		216		216		214		214		
617		11854		0		11553		survived		7.80663		7.7042		156		78		216		216		214		214		
618		11854		0		11553		survived		7.80663		7.7042		157		78		216		216		214		214		
619		11854		0		11553		survived		7.80663		7.7042		158		78		216		216		214		214		
620		11854		0		11553		survived		7.80663		7.7042		159		78		216		216		214		214		
621		11854		0		11553		survived		7.80663		7.7042		160		78		216		216		214		214		
622		11854		0		11553		survived		7.80663		7.7042		161		78		216		216		214		214		
623		11854		0		11553		survived		7.80663		7.7042		162		78		216		216		214		214		
624		11854		0		11553		survived		7.80663		7.7042		163		78		216		216		214		214		
625		11854		0		11553		survived		7.80663		7.7042		164		78		216		216		214		214		
626		11854		0		11553		survived		7.80663		7.7042		165		78		216		216		214		214		
627		11854		0		11553		survived		7.80663		7.7042		166		78		216		216		214		214		
628		11854		0		11553		survived		7.80663		7.7042		167		78		216		216		214		214		
629		11854		0		11553		survived		7.80663		7.7042		168		78		216		216		214		214		
630		11854		0		11553		survived		7.80663		7.7042		169		78		216		216		214		214		
631		11854		0		11553		survived		7.80663		7.7042		170		78		216		216		214		214		
632		11854		0		11553		survived		7.80663		7.7042		171		78		216		216		214		214		
633		11854		0		11553		survived		7.80663		7.7042		172		78		216		216		214		214		
634		11854		0		11553		survived		7.80663		7.7042		173		78		216		216		214		214		
635		11854		0		11553		survived		7.80663		7.7042		174		78		216		216		214		214		
636		11854		0		11553		survived		7.80663		7.7042		175		78		216		216		214		214		
637		11854		0		11553		survived		7.80663		7.7042		176		78		216		216		214		214		
638		11854		0		11553		survived		7.80663		7.7042		177		78		216		216		214		214		
639		11854		0		11553		survived		7.80663		7.7042		178		78		216		216		214		214		
640		11854		0		11553		survived		7.80663		7.7042		179		78		216		216		214		214		
641		11854		0		11553		survived		7.80663		7.7042		180		78		216		216		214		214		
642		11854		0		11553		survived		7.80663		7.7042		181		78		216		216		214		214		
643		11854		0		11553		survived		7.80663		7.7042		182		78		216		216		214		214		
644		11854		0		11553		survived		7.80663		7.7042		183		78		216		216		214		214		
645		11854		0		11553		survived		7.80663		7.7042		184		78		216		216		214		214		
646		11854		0		11553		survived		7.80663		7.7042		185		78		216		216		214		214		
647		11854		0		11553		survived		7.80663		7.7042		186		78		216		216		214		214		
648		11854		0		11553		survived		7.80663		7.7042		187		78		216		216		214		214		
649		11854		0		11553		survived		7.80663		7.7042		188		78		216		216		214		214		
650		11854		0		11553		survived		7.80663		7.7042		189		78		216		216		214		214		
651		11854		0		11553		survived		7.80663		7.7042		190		78		216		216		214		214		
652		11854		0		11553		survived		7.80663		7.7042		191		78		216		216		214		214		
653		11854		0		11553		survived		7.80663		7.7042		192		78		216		216		214		214		
654		11854		0		11553		survived		7.80663		7.7042		193		78		216		216		214		214		
655		11854		0		11553		survived		7.80663		7.7042		194		78		216		216		214		214		
656		11854		0		11553		survived		7.80663		7.7042		195		78		216		216		214		214		
657		11854		0		11553		survived		7.80663		7.7042		196		78		216		216		214		214		
658		11854		0		11553		survived		7.80663		7.7042		197		78		216		216		214		214		
659		11854		0		11553		survived		7.80663		7.7042		198		78		216		216		214		214		
660		11854		0		11553		survived		7.80663		7.7042		199		78		216		216		214		214		
661		11854		0		11553		survived		7.80663		7.7042		200		78		216		216		214		214		
662		11854		0		11553		survived		7.80663		7.7042		201		78		216		216		214		214		
663		11854		0		11553		survived		7.80663		7.7042		202		78		216		216		214		214		
664		11854		0		11553		survived		7.80663		7.7042		203		78		216		216		214		214		
665		11854		0		11553		survived		7.80663		7.7042		204		78		216		216		214		214		
666		11854		0		11553		survived		7.80663		7.7042		205		78		216		216		214		214		
667		11854		0		11553		survived		7.80663		7.7042		206		78		216		216		214		214		
668		11854		0		11553		survived		7.80663		7.7042		207		78		216		216		214		214		
669		11854		0		11553		survived		7.80663		7.7042		208		78		216		216		214		214		
670		11854		0		11553		survived		7.80663		7.7042		209		78		216		216		214		214		
671		11854		0		11553		survived		7.80663		7.7042		210		78		216		216		214		214		
672		11854		0		11553		survived		7.80663		7.7042		211		78		216		216		214		214		
673		11854		0		11553		survived		7.80663		7.7042		212		78		216		216		214		214		
674		11854		0		11553		survived		7.80663		7.7042		213		78		216		216		214		214		
675		11854		0		11553		survived		7.80663		7.7042		214		78		216		216		214		214		
676		11854		0		11553		survived		7.80663		7.7042		215		78		216		216		214		214		
677		11854		0		11553		survived		7.80663		7.7042		216		78		216		216		214		214		
678		11854		0		11553		survived		7.80663		7.7042		217		78		216		216		214		214		
679		11854		0		11553		survived		7.80663		7.7042		218		78		216		216		214		214		
680		11854		0		11553		survived		7.80663		7.7042		219		78		216		216		214		214		
681		11854		0		11553		survived		7.80663		7.7042		220		78		216		216		214		214		
682		11854		0		11553		survived		7.80663		7.7042		221		78		216		216		214		214		
683		11854		0		11553		survived		7.80663		7.7042		222		78		216		216		214		214		
684		11854		0		11553		survived		7.80663		7.7042		223		78		216		216		214		214		
685		11854		0		11553		survived		7.80663		7.7042		224		78		216		216		214		214		
686		11854		0		11553		survived		7.80663		7.7042		225		78		216		216		214		214		
687		11854		0		11553		survived		7.80663		7.7042		226		78		216		216		214		214		
688		11854		0		11553		survived		7.80663		7.7042		227		78		216		216		214		214		
689		11854		0		11553		survived		7.80663		7.7042		228		78		216		216		214		214		
690		11854		0		11553		survived		7.80663		7.7042		229		78		216		216		214		214		
691		11854		0		11553		survived		7.80663		7.7042		230		78		216		216		214		214		
692		11854		0		11553		survived		7.80663		7.7042		231		78		216		216		214		214		
693		11854		0		11553		survived		7.80663		7.7042		232		78		216		216		214		214		
694		11854		0		11553		survived		7.80663		7.7042		233		78		216		216		214		214		
695		11854		0		11553		survived		7.80663		7.7042		234		78		216		216		214		214		
696		11854		0		11553		survived		7.80663		7.7042		235		78		216		216		214		214		
697		11854		0		11553		survived		7.80663		7.7042		236		78		216		216		214		214		
698		11854		0		11553		survived		7.80663		7.7042		237		78		216		216		214		214		
699		11854		0		11553		survived		7.80663		7.7042		238		78		216		216		214		214		
700		11854		0		11553		survived		7.80663		7.7042		239		78		216		216		214		214		
701		11854		0		11553		survived		7.80663		7.7042		240		78		216		216		214		214		
702		11854		0		11553		survived		7.80663		7.7042		241		78		216		216		214		214		
703		11854		0		11553		survived		7.80663		7.7042		242		78		216		216		214		214		
704		11854		0		11553		survived		7.80663		7.7042		243		78		216		216		214		214		
705		11854		0		11553		survived		7.80663		7.7042		244		78		216		216		214		214		
706		11854		0		11553		survived		7.80663		7.7042		245		78		216		216		214		214		
707		11854		0		11553		survived		7.80663		7.7042		246		78		216		216		214		214		
708		11854		0		11553		survived		7.80663		7.7042		247		78		216		216		214		214		
709		11854		0		11553		survived		7.80663		7.7042		248		78		216		216		214		214		
710		11854		0		11553		survived		7.80663		7.7042		249		78		216		216		214		214		
711		11854		0		11553		survived		7.80663		7.7042		250		78		216		216		214		214		
712		11854		0		11553		survived		7.80663		7.7042		251		78		216		216		214		214		
713		11854		0		11553		survived		7.80663		7.7042		252		78		216		216		214		214		
714		11854		0		11553		survived		7.80663		7.7042		253		78		216		216		214		214		
715		11854		0		11553		survived		7.80663		7.7042		254		78		216		216		214		214		
716		11854		0		11553		survived		7.80663		7.7042		255		78		216		216		214		214		
717		11854		0		11553		survived		7.80663		7.7042		256		78		216		216		214		214		
718		11854		0		11553		survived		7.80663		7.7042		257		78		216		216		214		214		
719		11854		0		11553		survived		7.80663		7.7042		258		78		216		216		214		214		
720		11854		0		11553		survived		7.80663		7.7042		259		78		216		216		214		214		
721		11854		0		11553		survived		7.80663		7.7042		260		78		216		216		214		214		
722		11854		0		11553		survived		7.80663		7.7042		261		78		216		216		214		214		
723		11854		0		11553		survived		7.80663		7.7042		262		78		216		216		214		214		
724		11854		0		11553		survived		7.80663		7.7042		263		78		216		216		214		214		
725		11854		0		11553		survived		7.80663		7.7042		264		78		216		216		214		214		
726		11854		0		11553		survived		7.80663		7.7042		265		78		216		216		214		214		
727		11854		0		11553		survived		7.80663		7.7042		266		78		216		216		214		214		
728		11854		0		11553		survived		7.80663		7.7042		267		78		216		216		214		214		
729		11854		0		11553		survived		7.80663		7.7042		268		78		216		216		214		214		
730		11854		0		11553		survived		7.80663		7.7042		269		78		216		216		214		214		
731		11854		0		11553		survived		7.80663		7.7042		270		78		216		216		214		214		
732		11854		0		11553		survived		7.80663		7.7042		271		78		216		216		214		214		
733		11854		0		11553		survived		7.80663		7.7042		272		78		216		216		214		214		
734		11854		0		11553		survived		7.80663		7.7042		273		78		216		216		214		214		
735		11854		0		11553		survived		7.80663		7.7042		274		78		216		216		214		214		
736		11854		0		11553		survived		7.80663		7.7042		275		78		216		216		214		214		
737		11854		0		11553		survived		7.80663		7.7042		276		78		216		216		214		214		
738		11854		0		11553		survived		7.80663		7.7042		277		78		216		216		214		214		
739		11854		0		11553		survived		7.80663		7.7042		278		78		216		216		214		214		
740		11854		0		11553		survived		7.80663		7.7042		279		78		216		216		214		214		
741		11854		0		11553		survived		7.80663		7.7042		280		78		216		216		214		214		
742		11854		0		11553		survived		7.80663		7.7042		281		78		216		216		214		214		
743		11854		0		11553		survived		7.80663		7.7042		282		78		216		216		214		214		
744		11854		0		11553		survived		7.80663		7.7042		283		78		216		216		214		214		
745		11854		0		11553		survived		7.80663		7.7042		284		78		216		216		214		214		
746		11854		0		11553		survived		7.80663		7.7042		285		78		216		216		214		214		
747		11854		0		11553		survived		7.80663		7.7042		286		78		216		216		214		214		
748		11854		0		11553		survived		7.80663		7.7042		287		78		216		216		214		214		
749		11854		0		11553		survived		7.80663		7.7042		288		78		216		216		214		214		
750		11854		0		11553		survived		7.80663		7.7042		289		78		216		216		214		214		
751		11854		0		11553		survived		7.80663		7.7042		290		78		216		216		214		214		
752		11854		0		11553		survived		7.80663		7.7042		291		78		216		216		214		214		
753		11854		0		11553		survived		7.80663		7.7042		292		78		216		216		214		214		
754		11854		0		11553		survived		7.80663		7.7042		293		78		216		216		214		214		
755		11854		0		11553		survived		7.80663		7.7042		294		78		216		216		214		214		
756		11854		0		11553		survived		7.80663		7.7042		295		78		216		216		214		214		
757		11854		0		11553		survived		7.80663		7.7042		296		78		216		216		214		214		
758		11854		0		11553		survived		7.80663		7.7042		297		78		216		216		214		214		
759		11854		0		11553		survived		7.80663		7.7042		298		78		216		216		214		214		
760		11854		0		11553		survived		7.80663		7.7042		299		78		216		216		214		214		
761		11854		0		11553		survived		7.80663		7.7042		300		78		216		216		214		214		
762		11854		0		11553		survived		7.80663		7.7042		301		78		216		216		214		214		
763		11854		0		11553		survived		7.80663		7.7042		302		78		216		216		214		214		
764		11854		0		11553		survived		7.80663		7.7042		303		78		216		216		214		214		
765		11854		0		11553		survived		7.80663		7.7042		304		78		216		216		214		214		
766		11854		0		11553		survived		7.80663		7.7042		305		78		216		216		214		214		
767		11854		0		11553		survived		7.80663		7.7042		306		78		216		216		214		214		
768		11854		0		11553		survived		7.80663		7.7042		307		78		216		216		214		214		
769		11854		0		11553		survived		7.80663		7.7042		308		78		216		216		214		214		
770		11854		0		11553		survived		7.80663		7.7042		309		78		216		216		214		214		
771		11854		0		11553		survived		7.80663		7.7042		310		78		216		216		214		214		
772		11854		0		11553		survived		7.80663		7.7042		311		78		216		216		214		214		
773		11854		0		11553		survived		7.80663		7.7042		312		78		216		216		214		214		
774		11854		0		11553		survived		7.80663		7.7042		313		78		216		216		214		214		
775		11854		0		11553		survived		7.80663		7.7042		314		78		216		216		214		214		
776		11854		0		11553		survived		7.80663		7.7042		315		78		216		216		214		214		
777		11854		0		11553		survived		7.80663		7.7042		316		78		216		216		214		214		
778		11854		0		11553		survived		7.80663		7.7042		317		78		216		216		214		214		
779		11854		0		11553		survived		7.80663		7.7042		318		78		216		216		214		214		
780		11854		0		11553		survived		7.80663		7.7042		319		78		216		216		214		214		
781		11854		0		11553		survived		7.80663		7.7042		320		78		216		216		214		214		
782		11854		0		11553		survived		7.80663		7.7042		321		78		216		216		214		214		
783		11854		0		11553		survived		7.80663		7.7042		322		78		216		216		214		214		
784		11854		0		11553		survived		7.80663		7.7042		323		78		216		216		214		214		
785		11854		0		11553		survived		7.80663		7.7042		324		78		216		216		214		214		
786		11854		0		11553		survived		7.80663		7.7042		325		78		216		216		214		214		
787		11854		0		11553		survived		7.80663		7.7042		326		78		216		216		214		214		
788		11854		0		11553		survived		7.80663		7.7042		327		78		216		216		214		214		
789		11854		0		11553		survived		7.80663		7.7042		328		78		216		216		214		214		
790		11854		0		11553		survived		7.80663		7.7042		329		78		216		216		214		214		
791		11854		0		11553		survived		7.80663		7.7042		330		78		216		216		214		214		
792		11854		0		11553		survived		7.80663		7.7042		331		78		216		216		214		214		
793		11854		0		11553		survived		7.80663		7.7042		332		78		216		216		214		214		
794		11854		0		11553		survived		7.80663		7.7042		333		78		216		216		214		214		
795		11854		0		11553		survived		7.80663		7.7042		334		78		216		216		214		214		
796		11854		0		11553		survived		7.80663		7.7042		335		78		216		216		214		214		
797		11854		0		11553		survived		7.80663		7.7042		336		78		216		216		214		214		
798		11854		0		11553		survived		7.80663		7.7042		337		78		216		216		214		214		
799		11854		0		11553		survived		7.80663		7.7042		338		78		216		216		214		214		
800		11854		0		11553		survived		7.80663		7.7042		339		78		216		216		214		214		
801		11854		0		11553		survived		7.80663		7.7042		340		78		216		216		214		214		
802		11854		0		11553		survived		7.80663		7.7042		341		78		216		216		214		214		
803		11854		0		11553		survived		7.80663		7.7042		342		78		216		216		214		214		
804		11854		0		11553		survived		7.80663		7.7042		343		78		216		216		214		214		
805		11854		0		11553		survived		7.80663		7.7042		344		78		216		216		214		214		
806		11854		0		11553		survived		7.80663		7.7042		345		78		216		216		214		214		
807		11854		0		11553		survived		7.80663		7.7042		346		78		216		216		214		214		
808		11854		0		11553		survived		7.80663		7.7042		347		78		216		216		214		214		
809		11854		0		11553		survived		7.80663		7.7042		348		78		216		216		214		214		
810		11854		0		11553		survived		7.80663		7.7042		349		78		216		216		214		214		
811		11854		0		11553		survived		7.80663		7.7042		350		78		216		216		214		214		
812		11854		0		11553		survived		7.80663		7.7042		351		78		216		216		214		214		
813		11854		0		11553		survived		7.80663		7.7042		352		78		216		216		214		214		
814		11854		0		11553		survived		7.80663		7.7042		353		78		216		216		214		214		
815		11854		0		11553		survived		7.80663		7.7042		354		78		216		216		214		214		
816		11854		0		11553		survived		7.80663		7.7042		355		78		216		216		214		214		
817		11854		0		11553		survived		7.80663		7.7042		356		78		216		216		214		214		
818		11854		0		11553		survived		7.80663		7.7042		357		78		216		216		214		214		
819		11854		0		11553		survived		7.80663		7.7042		358		78		216		216		214		214		
820		11854		0		11553		survived		7.80663		7.7042		359		78		216		216		214		214		
821		11854		0		11553		survived		7.80663		7.7042		360		78		216		216		214		214		
822		11854		0		11553		survived		7.80663		7.7042		361		78		216		216		214		214		
823		11854		0		11553		survived		7.80663		7.7042		362		78		216		216		214		214		
824		11854		0		11553		survived		7.80663		7.7042		363		78		216		216		214		214		
825		11854		0		11553		survived		7.80663		7.7042		364		78		216		216		214		214		
826		11854		0		11553		survived		7.80663		7.7042		365		78		216		216		214		214		
827		11854		0		11553		survived		7.80663		7.7042		366		78		216		216		214		214		
828		11854		0		11553		survived		7.80663		7.7042		367		78		216		216		214		214		
829		11854		0		11553		survived		7.80663		7.7042		368		78		216		216		214		214		
830		11854		0		11553		survived		7.80663		7.7042		369		78		216		216		214		214		
831		11854		0		11553		survived		7.80663		7.7042		370		78		216		216		214		214		
832		11854		0		11553		survived		7.80663		7.7042		371		78		216		216		214		214		
833		11854		0		11553		survived		7.80663		7.7042		372		78		216		216		214		214		
834		11854		0		11553		survived		7.80663		7.7042		373		78		216		216		214		214		
835		11854		0		11553		survived		7.80663		7.7042		374		78		216		216		214		214		
836		11854		0		11553		survived		7.80663		7.7042		375		78		216		216		214		214		
837		11854		0		11553		survived		7.80663		7.7042		376		78		216		216		214		214		
838		11854		0		11553		survived		7.80663		7.7042		377		78		216		216		214		214		
839		11854		0		11553		survived		7.80663		7.7042		378		78		216		216		214		214		
840		11854		0		11553		survived		7.80663		7.7042		379		78		216		216		214		214		
841		11854		0		11553		survived		7.80663		7.7042		380		78		216		216		214		214		
842		11854		0		11553		survived		7.80663		7.7042		381		78		216		216		214		214		
843		11854		0		11553		survived		7.80663		7.7042		382		78		216		216		214		214		
844		11854		0		11553		survived		7.80663		7.7042		383		78		216		216		214		214		
845		11854		0		11553		survived		7.80663		7.7042		384		78		216		216		214		214		
846		11854		0		11553		survived		7.80663		7.7042		385		78		216		216		214		214		
847		11854		0		11553		survived		7.80663		7.7042		386		78		216		216		214		214		
848		11854		0		11553		survived		7.80663		7.7042		387		78		216		216		214		214		
849		11854		0		11553		survived		7.80663		7.7042		388		78		216		216		214		214		
850		11854		0		11553		survived		7.80663		7.7042		389		78		216		216		214		214		
851		11854		0		11553		survived		7.80663		7.7042		390		78		216		216		214		214		
852		11854		0		11553		survived		7.80663		7.7042		391		78		216		216		214		214		
853		11854		0		11553		survived		7.80663		7.7042		392		78		216		216		214		214		
854		11854		0		11553		survived		7.80663		7.7042		393		78		216		216		214		214		
855		11854		0		11553		survived		7.80663		7.7042		394		78		216		216		214		214		
856		11854		0		11553		survived		7.80663		7.7042		395		78		216		216		214		214		
857		11854		0		11553		survived		7.80663		7.7042		396		78		216		216		214		214		
858		11854		0		11553		survived		7.80663		7.7042		397		78		216		216		214		214		
859		11854		0		11553		survived		7.80663		7.7042		398		78		216		216		214		214		
860		11854		0		11553		survived		7.80663		7.7042		399		78		216		216		214		214		
861		11854		0		11553		survived		7.80663		7.7042		400		78		216		216		214		214		
862		11854		0		11553		survived		7.80663		7.7042		401		78		216		216		214		214		
863		11854		0		11553		survived		7.80663		7.7042		402		78		216		216		214		214		
864		11854		0		11553		survived		7.80663		7.7042		403		78		216		216		214		214		
865		11854		0		11553		survived		7.80663		7.7042		404		78		216		216		214		214		
866		11854		0		11553		survived		7.80663		7.7042		405		78		216		216		214		214		
867		11854		0		11553		survived		7.80663		7.7042		406		78		216		216		214		214		
868		11854		0		11553		survived		7.80663		7.7042		407		78		216		216		214		214		
869		11854		0		11553		survived		7.80663		7.7042		408		78		216		216		214		214		
870		11854		0		11553		survived		7.80663		7.7042		409		78		216		216		214		214		
871		11854		0		11553		survived		7.80663		7.7042		410		78		216		216		214		214		
872		11854		0		11553		survived		7.80663		7.7042		411		78		216		216		214		214		
873		11854		0		11553		survived		7.80663		7.7042		412		78		216		216		214		214		
874		11854		0		11553		survived		7.80663		7.7042		413		78		216		216		214		214		
875		11854		0		11553		survived		7.80663		7.7042		414		78		216		216		214		214		
876		11854		0		11553		survived		7.80663		7.7042		415		78		216		216		214		214		
877		11854		0		11553		survived		7.80663		7.7042		416		78		216		216		214		214		
878		11854		0		11553		survived		7.80663		7.7042		417		78		216		216		214		214		
879		11854		0		11553		survived		7.80663		7.7042		418		78		216		216		214		214		
880		11854		0		11553		survived		7.80663		7.7042		419		78		216		216		214		214		
881		11854		0		11553		survived		7.80663		7.7042		420		78		216		216		214		214		
882		11854		0		11553		survived		7.80663		7.7042		421		78		216		216		214		214		
883		11854		0		11553		survived		7.80663		7.7042		422		78		216		216		214		214		
884		11854		0		11553		survived		7.80663		7.7042		423		78		216		216		214		214		
885		11854		0		11553		survived		7.80663		7.7042		424		78		216		216		214		214		
886		11854		0		11553		survived		7.80663		7.7042		425		78		216		216		214		214		
887		11854		0		11553		survived		7.80663		7.7042		426		78		216		216		214		214		
888		11854		0		11553		survived		7.80663		7.7042		427		78		216		216		214		214		
889		11854		0		11553		survived		7.80663		7.7042		428		78		216		216		214		214		
890		11854		0		11553		survived		7.80663		7.7042		429		78		216		216		214		214		
891		11854		0		11553		survived		7.80663		7.7042		430		78		216		216		214		214		
892		11854		0		11553		survived		7.80663		7.7042		431		78		216		216		214		214		
893		11854		0		11553		survived		7.80663		7.7042		432		78		216		216		214		214		
894		11854		0		11553		survived		7.80663		7.7042		433		78		216		216		214		214		
895		11854		0		11553		survived		7.80663		7.7042		434		78		216		216		214		214		
896		11854		0		11553		survived		7.80663		7.7042		435		78		216		216		214		214		
897		11854		0		11553		survived		7.80663		7.7042		436		78		216		216		214		214		
898		11854		0		11553		survived		7.80663		7.7042		437		78		216		216		214		214		
899		11854		0		11553		survived		7.80663		7.7042		438		78		216		216		214		214		
900		11854		0		11553		survived		7.80663		7.7042		439		78		216		216		214		214		
901		11854		0		11553		survived		7.80663		7.7042		440		78		216		216		214		214		
902		11854		0		11553		survived		7.80663		7.7042		441		78		216		216		214		214		
903		11854		0		11553		survived		7.80663		7.7042		442		78		216		216		214		214		
904		11854		0		11553		survived		7.80663		7.7042		443		78		216		216		214		214		
905		11854		0		11553		survived		7.80663		7.7042		444		78		216		216		214		214		
906		11854		0		11553		survived		7.80663		7.7042		445		78		216		216		214		214		
907		11854		0		11553		survived		7.80663		7.7042		446		78		216		216		214		214		
908		11854		0		11553		survived		7.80663		7.7042		447		78		216		216		214		214		
909		11854		0		11553		survived		7.80663		7.7042		448		78		216		216		214		214		
910		11854		0		11553		survived		7.80663		7.7042		449		78		216		216		214		214		
911		11854		0		11553		survived		7.80663		7.7042		450		78		216		216		214		214		
912		11854		0		11553		survived		7.80663		7.7042		451		78		216		216		214		214		
913		11854		0		11553		survived		7.80663		7.7042		452		78		216		216		214		214		
914		11854		0		11553		survived		7.80663		7.7042		453		78		216		216		214		214		
915		11854		0		11553		survived		7.80663		7.7042		454		78		216		216		214		214		
916		11854		0		11553		survived		7.80663		7.7042		455		78		216		216		214		214		
917		11854		0		11553		survived		7.80663		7.7042		456		78		216		216		214		214		
918		11854		0		11553		survived		7.80663		7.7042		457		78		216		216		214		214		
919		11854		0		11553		survived		7.80663		7.7042		458		78		216		216		214		214		
920		11854		0		11553		survived		7.80663		7.7042		459		78		216		216		214		214		
921		11854		0		11553		survived		7.80663		7.7042		460		78		216		216		214		214		
922		11854		0		11553		survived		7.80663		7.7042		461		78		216		216		214		214		
923		11854		0		11553		survived		7.80663		7.7042		462		78		216		216		214		214		
924		11854		0		11553		survived		7.80663		7.7042		463		78		216		216		214		214		
925		11854		0		11553		survived		7.80663		7.7042		464		78		216		216		214		214		
926		11854		0		11553		survived		7.80663		7.7042		465		78		216		216		214		214		
927		11854		0		11553		survived		7.80663		7.7042		466		78		216		216		214		214		
928		11854		0		11553		survived		7.80663		7.7042		467		78		216		216		214		214		
929		11854		0		11553		survived		7.80663		7.7042		468		78		216		216		214		214		
930		11854		0		11553		survived		7.80663		7.7042		469		78		216		216		214		214		
931		11854		0		11553		survived		7.80663		7.7042		470		78		216		216		214		214		
932		11854		0		11553		survived		7.80663		7.7042		471		78		216		216		214		214		
933		11854		0		11553		survived		7.80663		7.7042		472		78		216		216		214		214		
934		11854		0		11553		survived		7.80663		7.7042		473		78		216		216		214		214		
935		11854		0		11553		survived		7.80663		7.7042		474		78		216		216		214		214		
936		11854		0		11553		survived		7.80663		7.7042		475		78		216		216		214		214		
937		11854		0		11553		survived		7.80663		7.7042		476		78		216		216		214		214		
938		11854		0		11553		survived		7.80663		7.7042		477		78		216		216		214		214		
939		11854		0		11553		survived		7.80663		7.7042		478		78		216		216		214		214		
940		11854		0		11553		survived		7.80663		7.7042		479		78		216		216		214		214		
941		11854		0		11553		survived		7.80663		7.7042		480		78		216		216		214		214		
942		11854		0		11553		survived		7.80663		7.7042		481		78		216		216		214		214		
943		11854		0		11553		survived		7.80663		7.7042		482		78		216		216		214		214		
944		11854		0		11553		survived		7.80663		7.7042		483		78		216		216		214		214		
945		11854		0		11553		survived		7.80663		7.7042		484		78		216		216		214		214		
946		11854		0		11553		survived		7.80663		7.7042		485		78		216		216		214		214		
947		11854		0		11553		survived		7.80663		7.7042		486		78		216		216		214		214		
948		11854		0		11553		survived		7.80663		7.7042		487		78		216		216		214		214		
949		11854		0		11553		survived		7.80663		7.7042		488		78		216		216		214		214		
950		11854		0		11553		survived		7.80663		7.7042		489		78		216		216		214		214		
951		11854		0		11553		survived		7.80663		7.7042		490		78		216		216		214		214		
952		11854		0		11553		survived		7.80663		7.7042		491		78		216		216		214		214		
953		11854		0		11553		survived		7.80663		7.7042		492		78		216		216		214		214		
954		11854		0		11553		survived		7.80663		7.7042		493		78		216		216		214		214		
955		11854		0		11553		survived		7.80663		7.7042		494		78		216		216		214		214		
956		11854		0		11553		survived		7.80663		7.7042		495		78		216		216		214		214		
957		11854		0		11553		survived		7.80663		7.7042		496		78		216		216		214		214		
958		11854		0		11553		survived		7.80663		7.7042		497		78		216		216		214		214		
959		11854		0		11553		survived		7.80663		7.7042		498		78		216		216		214		214		
960		11854		0		11553		survived		7.80663		7.7042		499		78		216		216		214		214		
961		11854		0		11553		survived		7.80663		7.7042		500		78		216		216		214		214		
962		11854		0		11553		survived		7.80663		7.7042		501		78		216		216		214		214		
963		11854		0		11553		survived		7.80663		7.7042		502		78		216		216		214		214		
964		11854		0		11553		survived		7.80663		7.7042		503		78		216		216		214		214		
965		11854		0		11553		survived		7.80663		7.7042		504		78		216		216		214		214		
966		11854		0		11553		survived		7.80663		7.7042		505		78		216		216		214		214		
967		11854		0		11553		survived		7.80663		7.7042		506		78		216		216		214		214		
968		11854		0		11553		survived		7.80663		7.7042		507		78		216		216		214		214		
969		11854		0		11553		survived		7.80663		7.7042		508		78		216		216		214		214		
970		11854		0		11553		survived		7.80663		7.7042		509		78		216		216		214		214		
971		11854		0		11553		survived		7.80663		7.7042		510		78		216		216		214		214		
972		11854		0		11553		survived		7.80663		7.7042		511		78		216		216		214		214		
973		11854		0		11553		survived		7.80663		7.7042		512		78		216		216		214		214		
974		11854		0		11553		survived		7.80663		7.7042		513		78		216		216		214		214		
