gen		id		dom		parent_id		variation_type		fitness		parent_fitness		age		parent_age		num_voxels		parent_num_voxels		energy		parent_energy		material_different_from_parent		mean_material		mean_parent_material		mean_parent_diff_material
0		8		0		-1		newly_generated		1.26186		-10000000.0		0		10000000.0		216		10000000.0		214		10000000.0		
1		23		0		11		mutate_function(absolute-to-sin)		3.55923		0.020924		1		1		216		216		216		216		
2		38		0		23		mutate_function(square-to-sqrt_abs)		4.61346		3.55923		2		2		216		216		216		216		
3		38		0		23		survived		4.61346		3.55923		3		2		216		216		216		216		
4		70		0		38		add_node		4.75248		4.61346		4		4		216		216		216		216		
5		79		0		70		add_link		5.09148		4.75248		5		5		216		216		216		216		
6		79		0		70		survived		5.09148		4.75248		6		5		216		216		216		216		
7		118		0		79		add_node		5.37937		5.09148		7		7		216		216		216		216		
8		118		0		79		survived		5.37937		5.09148		8		7		216		216		216		216		
9		148		0		108		mutate_weight(0.0925586710874)		5.83273		4.255		8		8		216		216		216		216		
10		148		0		108		survived		5.83273		4.255		9		8		216		216		216		216		
11		148		0		108		survived		5.83273		4.255		10		8		216		216		216		216		
12		148		0		108		survived		5.83273		4.255		11		8		216		216		216		216		
13		148		0		108		survived		5.83273		4.255		12		8		216		216		216		216		
14		148		0		108		survived		5.83273		4.255		13		8		216		216		216		216		
15		148		0		108		survived		5.83273		4.255		14		8		216		216		216		216		
16		148		0		108		survived		5.83273		4.255		15		8		216		216		216		216		
17		148		0		108		survived		5.83273		4.255		16		8		216		216		216		216		
18		148		0		108		survived		5.83273		4.255		17		8		216		216		216		216		
19		148		0		108		survived		5.83273		4.255		18		8		216		216		216		216		
20		326		0		148		add_link		6.42811		5.83273		19		19		216		216		216		216		
21		326		0		148		survived		6.42811		5.83273		20		19		216		216		216		216		
22		326		0		148		survived		6.42811		5.83273		21		19		216		216		216		216		
23		326		0		148		survived		6.42811		5.83273		22		19		216		216		216		216		
24		326		0		148		survived		6.42811		5.83273		23		19		216		216		216		216		
25		326		0		148		survived		6.42811		5.83273		24		19		216		216		216		216		
26		326		0		148		survived		6.42811		5.83273		25		19		216		216		216		216		
27		326		0		148		survived		6.42811		5.83273		26		19		216		216		216		216		
28		326		0		148		survived		6.42811		5.83273		27		19		216		216		216		216		
29		326		0		148		survived		6.42811		5.83273		28		19		216		216		216		216		
30		326		0		148		survived		6.42811		5.83273		29		19		216		216		216		216		
31		326		0		148		survived		6.42811		5.83273		30		19		216		216		216		216		
32		326		0		148		survived		6.42811		5.83273		31		19		216		216		216		216		
33		326		0		148		survived		6.42811		5.83273		32		19		216		216		216		216		
34		326		0		148		survived		6.42811		5.83273		33		19		216		216		216		216		
35		326		0		148		survived		6.42811		5.83273		34		19		216		216		216		216		
36		326		0		148		survived		6.42811		5.83273		35		19		216		216		216		216		
37		592		0		585		add_node		6.55234		6.36654		20		20		216		216		216		216		
38		592		0		585		survived		6.55234		6.36654		21		20		216		216		216		216		
39		592		0		585		survived		6.55234		6.36654		22		20		216		216		216		216		
40		592		0		585		survived		6.55234		6.36654		23		20		216		216		216		216		
41		592		0		585		survived		6.55234		6.36654		24		20		216		216		216		216		
42		592		0		585		survived		6.55234		6.36654		25		20		216		216		216		216		
43		592		0		585		survived		6.55234		6.36654		26		20		216		216		216		216		
44		592		0		585		survived		6.55234		6.36654		27		20		216		216		216		216		
45		592		0		585		survived		6.55234		6.36654		28		20		216		216		216		216		
46		592		0		585		survived		6.55234		6.36654		29		20		216		216		216		216		
47		592		0		585		survived		6.55234		6.36654		30		20		216		216		216		216		
48		592		0		585		survived		6.55234		6.36654		31		20		216		216		216		216		
49		592		0		585		survived		6.55234		6.36654		32		20		216		216		216		216		
50		592		0		585		survived		6.55234		6.36654		33		20		216		216		216		216		
51		592		0		585		survived		6.55234		6.36654		34		20		216		216		216		216		
52		592		0		585		survived		6.55234		6.36654		35		20		216		216		216		216		
53		592		0		585		survived		6.55234		6.36654		36		20		216		216		216		216		
54		592		0		585		survived		6.55234		6.36654		37		20		216		216		216		216		
55		893		0		592		add_link		6.55272		6.55234		38		38		216		216		216		216		
56		893		0		592		survived		6.55272		6.55234		39		38		216		216		216		216		
57		893		0		592		survived		6.55272		6.55234		40		38		216		216		216		216		
58		893		0		592		survived		6.55272		6.55234		41		38		216		216		216		216		
59		893		0		592		survived		6.55272		6.55234		42		38		216		216		216		216		
60		893		0		592		survived		6.55272		6.55234		43		38		216		216		216		216		
61		893		0		592		survived		6.55272		6.55234		44		38		216		216		216		216		
62		893		0		592		survived		6.55272		6.55234		45		38		216		216		216		216		
63		893		0		592		survived		6.55272		6.55234		46		38		216		216		216		216		
64		893		0		592		survived		6.55272		6.55234		47		38		216		216		216		216		
65		893		0		592		survived		6.55272		6.55234		48		38		216		216		216		216		
66		893		0		592		survived		6.55272		6.55234		49		38		216		216		216		216		
67		893		0		592		survived		6.55272		6.55234		50		38		216		216		216		216		
68		893		0		592		survived		6.55272		6.55234		51		38		216		216		216		216		
69		893		0		592		survived		6.55272		6.55234		52		38		216		216		216		216		
70		893		0		592		survived		6.55272		6.55234		53		38		216		216		216		216		
71		893		0		592		survived		6.55272		6.55234		54		38		216		216		216		216		
72		893		0		592		survived		6.55272		6.55234		55		38		216		216		216		216		
73		893		0		592		survived		6.55272		6.55234		56		38		216		216		216		216		
74		893		0		592		survived		6.55272		6.55234		57		38		216		216		216		216		
75		893		0		592		survived		6.55272		6.55234		58		38		216		216		216		216		
76		1222		0		1171		remove_link		6.65529		4.7528		32		32		176		173		176		173		
77		1222		0		1171		survived		6.65529		4.7528		33		32		176		173		176		173		
78		1222		0		1171		survived		6.65529		4.7528		34		32		176		173		176		173		
79		1222		0		1171		survived		6.65529		4.7528		35		32		176		173		176		173		
80		1222		0		1171		survived		6.65529		4.7528		36		32		176		173		176		173		
81		1222		0		1171		survived		6.65529		4.7528		37		32		176		173		176		173		
82		1222		0		1171		survived		6.65529		4.7528		38		32		176		173		176		173		
83		1222		0		1171		survived		6.65529		4.7528		39		32		176		173		176		173		
84		1222		0		1171		survived		6.65529		4.7528		40		32		176		173		176		173		
85		1222		0		1171		survived		6.65529		4.7528		41		32		176		173		176		173		
86		1222		0		1171		survived		6.65529		4.7528		42		32		176		173		176		173		
87		1222		0		1171		survived		6.65529		4.7528		43		32		176		173		176		173		
88		1222		0		1171		survived		6.65529		4.7528		44		32		176		173		176		173		
89		1222		0		1171		survived		6.65529		4.7528		45		32		176		173		176		173		
90		1222		0		1171		survived		6.65529		4.7528		46		32		176		173		176		173		
91		1466		0		1222		remove_link		6.73951		6.65529		47		47		174		176		174		176		
92		1466		0		1222		survived		6.73951		6.65529		48		47		174		176		174		176		
93		1466		0		1222		survived		6.73951		6.65529		49		47		174		176		174		176		
94		1466		0		1222		survived		6.73951		6.65529		50		47		174		176		174		176		
95		1466		0		1222		survived		6.73951		6.65529		51		47		174		176		174		176		
96		1466		0		1222		survived		6.73951		6.65529		52		47		174		176		174		176		
97		1466		0		1222		survived		6.73951		6.65529		53		47		174		176		174		176		
98		1466		0		1222		survived		6.73951		6.65529		54		47		174		176		174		176		
99		1466		0		1222		survived		6.73951		6.65529		55		47		174		176		174		176		
100		1466		0		1222		survived		6.73951		6.65529		56		47		174		176		174		176		
101		1466		0		1222		survived		6.73951		6.65529		57		47		174		176		174		176		
102		1466		0		1222		survived		6.73951		6.65529		58		47		174		176		174		176		
103		1466		0		1222		survived		6.73951		6.65529		59		47		174		176		174		176		
104		1466		0		1222		survived		6.73951		6.65529		60		47		174		176		174		176		
105		1466		0		1222		survived		6.73951		6.65529		61		47		174		176		174		176		
106		1466		0		1222		survived		6.73951		6.65529		62		47		174		176		174		176		
107		1717		0		1348		remove_link		6.89869		5.4772		63		63		176		173		176		173		
108		1717		0		1348		survived		6.89869		5.4772		64		63		176		173		176		173		
109		1717		0		1348		survived		6.89869		5.4772		65		63		176		173		176		173		
110		1717		0		1348		survived		6.89869		5.4772		66		63		176		173		176		173		
111		1717		0		1348		survived		6.89869		5.4772		67		63		176		173		176		173		
112		1796		0		1770		mutate_function(absolute-to-sin)		6.89921		6.79896		68		68		176		176		176		176		
113		1796		0		1770		survived		6.89921		6.79896		69		68		176		176		176		176		
114		1796		0		1770		survived		6.89921		6.79896		70		68		176		176		176		176		
115		1796		0		1770		survived		6.89921		6.79896		71		68		176		176		176		176		
116		1796		0		1770		survived		6.89921		6.79896		72		68		176		176		176		176		
117		1796		0		1770		survived		6.89921		6.79896		73		68		176		176		176		176		
118		1796		0		1770		survived		6.89921		6.79896		74		68		176		176		176		176		
119		1796		0		1770		survived		6.89921		6.79896		75		68		176		176		176		176		
120		1796		0		1770		survived		6.89921		6.79896		76		68		176		176		176		176		
121		1796		0		1770		survived		6.89921		6.79896		77		68		176		176		176		176		
122		1796		0		1770		survived		6.89921		6.79896		78		68		176		176		176		176		
123		1796		0		1770		survived		6.89921		6.79896		79		68		176		176		176		176		
124		1796		0		1770		survived		6.89921		6.79896		80		68		176		176		176		176		
125		1796		0		1770		survived		6.89921		6.79896		81		68		176		176		176		176		
126		1796		0		1770		survived		6.89921		6.79896		82		68		176		176		176		176		
127		1796		0		1770		survived		6.89921		6.79896		83		68		176		176		176		176		
128		1796		0		1770		survived		6.89921		6.79896		84		68		176		176		176		176		
129		1796		0		1770		survived		6.89921		6.79896		85		68		176		176		176		176		
130		1796		0		1770		survived		6.89921		6.79896		86		68		176		176		176		176		
131		1796		0		1770		survived		6.89921		6.79896		87		68		176		176		176		176		
132		2123		0		1968		add_node		6.90734		6.89633		88		88		174		174		174		174		
133		2123		0		1968		survived		6.90734		6.89633		89		88		174		174		174		174		
134		2123		0		1968		survived		6.90734		6.89633		90		88		174		174		174		174		
135		2123		0		1968		survived		6.90734		6.89633		91		88		174		174		174		174		
136		2123		0		1968		survived		6.90734		6.89633		92		88		174		174		174		174		
137		2123		0		1968		survived		6.90734		6.89633		93		88		174		174		174		174		
138		2123		0		1968		survived		6.90734		6.89633		94		88		174		174		174		174		
139		2123		0		1968		survived		6.90734		6.89633		95		88		174		174		174		174		
140		2123		0		1968		survived		6.90734		6.89633		96		88		174		174		174		174		
141		2123		0		1968		survived		6.90734		6.89633		97		88		174		174		174		174		
142		2123		0		1968		survived		6.90734		6.89633		98		88		174		174		174		174		
143		2123		0		1968		survived		6.90734		6.89633		99		88		174		174		174		174		
144		2123		0		1968		survived		6.90734		6.89633		100		88		174		174		174		174		
145		2123		0		1968		survived		6.90734		6.89633		101		88		174		174		174		174		
146		2123		0		1968		survived		6.90734		6.89633		102		88		174		174		174		174		
147		2123		0		1968		survived		6.90734		6.89633		103		88		174		174		174		174		
148		2123		0		1968		survived		6.90734		6.89633		104		88		174		174		174		174		
149		2123		0		1968		survived		6.90734		6.89633		105		88		174		174		174		174		
150		2123		0		1968		survived		6.90734		6.89633		106		88		174		174		174		174		
151		2123		0		1968		survived		6.90734		6.89633		107		88		174		174		174		174		
152		2123		0		1968		survived		6.90734		6.89633		108		88		174		174		174		174		
153		2123		0		1968		survived		6.90734		6.89633		109		88		174		174		174		174		
154		2123		0		1968		survived		6.90734		6.89633		110		88		174		174		174		174		
155		2123		0		1968		survived		6.90734		6.89633		111		88		174		174		174		174		
156		2123		0		1968		survived		6.90734		6.89633		112		88		174		174		174		174		
157		2123		0		1968		survived		6.90734		6.89633		113		88		174		174		174		174		
158		2123		0		1968		survived		6.90734		6.89633		114		88		174		174		174		174		
159		2123		0		1968		survived		6.90734		6.89633		115		88		174		174		174		174		
160		2123		0		1968		survived		6.90734		6.89633		116		88		174		174		174		174		
161		2123		0		1968		survived		6.90734		6.89633		117		88		174		174		174		174		
162		2123		0		1968		survived		6.90734		6.89633		118		88		174		174		174		174		
163		2617		0		2123		add_link		6.91628		6.90734		119		119		174		174		174		174		
164		2617		0		2123		survived		6.91628		6.90734		120		119		174		174		174		174		
165		2617		0		2123		survived		6.91628		6.90734		121		119		174		174		174		174		
166		2617		0		2123		survived		6.91628		6.90734		122		119		174		174		174		174		
167		2617		0		2123		survived		6.91628		6.90734		123		119		174		174		174		174		
168		2699		0		2617		add_node		6.92506		6.91628		124		124		174		174		174		174		
169		2699		0		2617		survived		6.92506		6.91628		125		124		174		174		174		174		
170		2699		0		2617		survived		6.92506		6.91628		126		124		174		174		174		174		
171		2699		0		2617		survived		6.92506		6.91628		127		124		174		174		174		174		
172		2699		0		2617		survived		6.92506		6.91628		128		124		174		174		174		174		
173		2699		0		2617		survived		6.92506		6.91628		129		124		174		174		174		174		
174		2699		0		2617		survived		6.92506		6.91628		130		124		174		174		174		174		
175		2699		0		2617		survived		6.92506		6.91628		131		124		174		174		174		174		
176		2699		0		2617		survived		6.92506		6.91628		132		124		174		174		174		174		
177		2699		0		2617		survived		6.92506		6.91628		133		124		174		174		174		174		
178		2699		0		2617		survived		6.92506		6.91628		134		124		174		174		174		174		
179		2699		0		2617		survived		6.92506		6.91628		135		124		174		174		174		174		
180		2699		0		2617		survived		6.92506		6.91628		136		124		174		174		174		174		
181		2699		0		2617		survived		6.92506		6.91628		137		124		174		174		174		174		
182		2699		0		2617		survived		6.92506		6.91628		138		124		174		174		174		174		
183		2699		0		2617		survived		6.92506		6.91628		139		124		174		174		174		174		
184		2699		0		2617		survived		6.92506		6.91628		140		124		174		174		174		174		
185		2699		0		2617		survived		6.92506		6.91628		141		124		174		174		174		174		
186		2699		0		2617		survived		6.92506		6.91628		142		124		174		174		174		174		
187		2995		0		2977		add_node		6.93032		6.83477		51		51		204		192		204		192		
188		2995		0		2977		survived		6.93032		6.83477		52		51		204		192		204		192		
189		2995		0		2977		survived		6.93032		6.83477		53		51		204		192		204		192		
190		2995		0		2977		survived		6.93032		6.83477		54		51		204		192		204		192		
191		2995		0		2977		survived		6.93032		6.83477		55		51		204		192		204		192		
192		3085		0		2995		add_link		6.97941		6.93032		56		56		202		204		202		204		
193		3085		0		2995		survived		6.97941		6.93032		57		56		202		204		202		204		
194		3085		0		2995		survived		6.97941		6.93032		58		56		202		204		202		204		
195		3085		0		2995		survived		6.97941		6.93032		59		56		202		204		202		204		
196		3085		0		2995		survived		6.97941		6.93032		60		56		202		204		202		204		
197		3085		0		2995		survived		6.97941		6.93032		61		56		202		204		202		204		
198		3085		0		2995		survived		6.97941		6.93032		62		56		202		204		202		204		
199		3085		0		2995		survived		6.97941		6.93032		63		56		202		204		202		204		
200		3201		0		3085		add_link		7.25377		6.97941		64		64		202		202		202		202		
201		3201		0		3085		survived		7.25377		6.97941		65		64		202		202		202		202		
202		3201		0		3085		survived		7.25377		6.97941		66		64		202		202		202		202		
203		3201		0		3085		survived		7.25377		6.97941		67		64		202		202		202		202		
204		3276		0		3201		add_node		7.49215		7.25377		68		68		198		202		198		202		
205		3276		0		3201		survived		7.49215		7.25377		69		68		198		202		198		202		
206		3304		0		2977		mutate_weight(-0.538614106333)		7.84845		6.83477		70		70		186		192		186		192		
207		3304		0		2977		survived		7.84845		6.83477		71		70		186		192		186		192		
208		3304		0		2977		survived		7.84845		6.83477		72		70		186		192		186		192		
209		3304		0		2977		survived		7.84845		6.83477		73		70		186		192		186		192		
210		3368		0		3304		add_link		7.92842		7.84845		74		74		186		186		186		186		
211		3368		0		3304		survived		7.92842		7.84845		75		74		186		186		186		186		
212		3368		0		3304		survived		7.92842		7.84845		76		74		186		186		186		186		
213		3368		0		3304		survived		7.92842		7.84845		77		74		186		186		186		186		
214		3368		0		3304		survived		7.92842		7.84845		78		74		186		186		186		186		
215		3368		0		3304		survived		7.92842		7.84845		79		74		186		186		186		186		
216		3368		0		3304		survived		7.92842		7.84845		80		74		186		186		186		186		
217		3368		0		3304		survived		7.92842		7.84845		81		74		186		186		186		186		
218		3368		0		3304		survived		7.92842		7.84845		82		74		186		186		186		186		
219		3368		0		3304		survived		7.92842		7.84845		83		74		186		186		186		186		
220		3368		0		3304		survived		7.92842		7.84845		84		74		186		186		186		186		
221		3368		0		3304		survived		7.92842		7.84845		85		74		186		186		186		186		
222		3368		0		3304		survived		7.92842		7.84845		86		74		186		186		186		186		
223		3368		0		3304		survived		7.92842		7.84845		87		74		186		186		186		186		
224		3368		0		3304		survived		7.92842		7.84845		88		74		186		186		186		186		
225		3368		0		3304		survived		7.92842		7.84845		89		74		186		186		186		186		
226		3368		0		3304		survived		7.92842		7.84845		90		74		186		186		186		186		
227		3368		0		3304		survived		7.92842		7.84845		91		74		186		186		186		186		
228		3368		0		3304		survived		7.92842		7.84845		92		74		186		186		186		186		
229		3368		0		3304		survived		7.92842		7.84845		93		74		186		186		186		186		
230		3368		0		3304		survived		7.92842		7.84845		94		74		186		186		186		186		
231		3368		0		3304		survived		7.92842		7.84845		95		74		186		186		186		186		
232		3368		0		3304		survived		7.92842		7.84845		96		74		186		186		186		186		
233		3368		0		3304		survived		7.92842		7.84845		97		74		186		186		186		186		
234		3368		0		3304		survived		7.92842		7.84845		98		74		186		186		186		186		
235		3368		0		3304		survived		7.92842		7.84845		99		74		186		186		186		186		
236		3368		0		3304		survived		7.92842		7.84845		100		74		186		186		186		186		
237		3368		0		3304		survived		7.92842		7.84845		101		74		186		186		186		186		
238		3820		0		3368		add_link		7.93017		7.92842		102		102		186		186		186		186		
239		3820		0		3368		survived		7.93017		7.92842		103		102		186		186		186		186		
240		3820		0		3368		survived		7.93017		7.92842		104		102		186		186		186		186		
241		3820		0		3368		survived		7.93017		7.92842		105		102		186		186		186		186		
242		3820		0		3368		survived		7.93017		7.92842		106		102		186		186		186		186		
243		3820		0		3368		survived		7.93017		7.92842		107		102		186		186		186		186		
244		3820		0		3368		survived		7.93017		7.92842		108		102		186		186		186		186		
245		3820		0		3368		survived		7.93017		7.92842		109		102		186		186		186		186		
246		3820		0		3368		survived		7.93017		7.92842		110		102		186		186		186		186		
247		3820		0		3368		survived		7.93017		7.92842		111		102		186		186		186		186		
248		3820		0		3368		survived		7.93017		7.92842		112		102		186		186		186		186		
249		3820		0		3368		survived		7.93017		7.92842		113		102		186		186		186		186		
250		3820		0		3368		survived		7.93017		7.92842		114		102		186		186		186		186		
251		3820		0		3368		survived		7.93017		7.92842		115		102		186		186		186		186		
252		3820		0		3368		survived		7.93017		7.92842		116		102		186		186		186		186		
253		3820		0		3368		survived		7.93017		7.92842		117		102		186		186		186		186		
254		3820		0		3368		survived		7.93017		7.92842		118		102		186		186		186		186		
255		3820		0		3368		survived		7.93017		7.92842		119		102		186		186		186		186		
256		3820		0		3368		survived		7.93017		7.92842		120		102		186		186		186		186		
257		3820		0		3368		survived		7.93017		7.92842		121		102		186		186		186		186		
258		3820		0		3368		survived		7.93017		7.92842		122		102		186		186		186		186		
259		3820		0		3368		survived		7.93017		7.92842		123		102		186		186		186		186		
260		3820		0		3368		survived		7.93017		7.92842		124		102		186		186		186		186		
261		3820		0		3368		survived		7.93017		7.92842		125		102		186		186		186		186		
262		3820		0		3368		survived		7.93017		7.92842		126		102		186		186		186		186		
263		3820		0		3368		survived		7.93017		7.92842		127		102		186		186		186		186		
264		3820		0		3368		survived		7.93017		7.92842		128		102		186		186		186		186		
265		3820		0		3368		survived		7.93017		7.92842		129		102		186		186		186		186		
266		3820		0		3368		survived		7.93017		7.92842		130		102		186		186		186		186		
267		3820		0		3368		survived		7.93017		7.92842		131		102		186		186		186		186		
268		3820		0		3368		survived		7.93017		7.92842		132		102		186		186		186		186		
269		3820		0		3368		survived		7.93017		7.92842		133		102		186		186		186		186		
270		3820		0		3368		survived		7.93017		7.92842		134		102		186		186		186		186		
271		3820		0		3368		survived		7.93017		7.92842		135		102		186		186		186		186		
272		4365		0		3844		add_link		7.94257		7.9212		136		136		181		181		181		181		
273		4365		0		3844		survived		7.94257		7.9212		137		136		181		181		181		181		
274		4365		0		3844		survived		7.94257		7.9212		138		136		181		181		181		181		
275		4365		0		3844		survived		7.94257		7.9212		139		136		181		181		181		181		
276		4365		0		3844		survived		7.94257		7.9212		140		136		181		181		181		181		
277		4365		0		3844		survived		7.94257		7.9212		141		136		181		181		181		181		
278		4365		0		3844		survived		7.94257		7.9212		142		136		181		181		181		181		
279		4365		0		3844		survived		7.94257		7.9212		143		136		181		181		181		181		
280		4365		0		3844		survived		7.94257		7.9212		144		136		181		181		181		181		
281		4365		0		3844		survived		7.94257		7.9212		145		136		181		181		181		181		
282		4365		0		3844		survived		7.94257		7.9212		146		136		181		181		181		181		
283		4365		0		3844		survived		7.94257		7.9212		147		136		181		181		181		181		
284		4365		0		3844		survived		7.94257		7.9212		148		136		181		181		181		181		
285		4561		0		4365		add_node		8.00546		7.94257		149		149		181		181		181		181		
286		4582		0		4561		add_link		8.06773		8.00546		150		150		181		181		181		181		
287		4582		0		4561		survived		8.06773		8.00546		151		150		181		181		181		181		
288		4582		0		4561		survived		8.06773		8.00546		152		150		181		181		181		181		
289		4582		0		4561		survived		8.06773		8.00546		153		150		181		181		181		181		
290		4582		0		4561		survived		8.06773		8.00546		154		150		181		181		181		181		
291		4582		0		4561		survived		8.06773		8.00546		155		150		181		181		181		181		
292		4582		0		4561		survived		8.06773		8.00546		156		150		181		181		181		181		
293		4582		0		4561		survived		8.06773		8.00546		157		150		181		181		181		181		
294		4582		0		4561		survived		8.06773		8.00546		158		150		181		181		181		181		
295		4582		0		4561		survived		8.06773		8.00546		159		150		181		181		181		181		
296		4582		0		4561		survived		8.06773		8.00546		160		150		181		181		181		181		
297		4582		0		4561		survived		8.06773		8.00546		161		150		181		181		181		181		
298		4582		0		4561		survived		8.06773		8.00546		162		150		181		181		181		181		
299		4582		0		4561		survived		8.06773		8.00546		163		150		181		181		181		181		
300		4582		0		4561		survived		8.06773		8.00546		164		150		181		181		181		181		
301		4582		0		4561		survived		8.06773		8.00546		165		150		181		181		181		181		
302		4582		0		4561		survived		8.06773		8.00546		166		150		181		181		181		181		
303		4582		0		4561		survived		8.06773		8.00546		167		150		181		181		181		181		
304		4582		0		4561		survived		8.06773		8.00546		168		150		181		181		181		181		
305		4582		0		4561		survived		8.06773		8.00546		169		150		181		181		181		181		
306		4906		0		4582		add_link		8.22627		8.06773		170		170		179		181		179		181		
307		4906		0		4582		survived		8.22627		8.06773		171		170		179		181		179		181		
308		4906		0		4582		survived		8.22627		8.06773		172		170		179		181		179		181		
309		4906		0		4582		survived		8.22627		8.06773		173		170		179		181		179		181		
310		4906		0		4582		survived		8.22627		8.06773		174		170		179		181		179		181		
311		4906		0		4582		survived		8.22627		8.06773		175		170		179		181		179		181		
312		4906		0		4582		survived		8.22627		8.06773		176		170		179		181		179		181		
313		4906		0		4582		survived		8.22627		8.06773		177		170		179		181		179		181		
314		4906		0		4582		survived		8.22627		8.06773		178		170		179		181		179		181		
315		4906		0		4582		survived		8.22627		8.06773		179		170		179		181		179		181		
316		4906		0		4582		survived		8.22627		8.06773		180		170		179		181		179		181		
317		4906		0		4582		survived		8.22627		8.06773		181		170		179		181		179		181		
318		4906		0		4582		survived		8.22627		8.06773		182		170		179		181		179		181		
319		4906		0		4582		survived		8.22627		8.06773		183		170		179		181		179		181		
320		5127		0		4906		remove_node		8.27482		8.22627		184		184		177		179		177		179		
321		5127		0		4906		survived		8.27482		8.22627		185		184		177		179		177		179		
322		5127		0		4906		survived		8.27482		8.22627		186		184		177		179		177		179		
323		5127		0		4906		survived		8.27482		8.22627		187		184		177		179		177		179		
324		5127		0		4906		survived		8.27482		8.22627		188		184		177		179		177		179		
325		5127		0		4906		survived		8.27482		8.22627		189		184		177		179		177		179		
326		5127		0		4906		survived		8.27482		8.22627		190		184		177		179		177		179		
327		5127		0		4906		survived		8.27482		8.22627		191		184		177		179		177		179		
328		5127		0		4906		survived		8.27482		8.22627		192		184		177		179		177		179		
329		5127		0		4906		survived		8.27482		8.22627		193		184		177		179		177		179		
330		5127		0		4906		survived		8.27482		8.22627		194		184		177		179		177		179		
331		5127		0		4906		survived		8.27482		8.22627		195		184		177		179		177		179		
332		5127		0		4906		survived		8.27482		8.22627		196		184		177		179		177		179		
333		5127		0		4906		survived		8.27482		8.22627		197		184		177		179		177		179		
334		5127		0		4906		survived		8.27482		8.22627		198		184		177		179		177		179		
335		5127		0		4906		survived		8.27482		8.22627		199		184		177		179		177		179		
336		5127		0		4906		survived		8.27482		8.22627		200		184		177		179		177		179		
337		5127		0		4906		survived		8.27482		8.22627		201		184		177		179		177		179		
338		5127		0		4906		survived		8.27482		8.22627		202		184		177		179		177		179		
339		5127		0		4906		survived		8.27482		8.22627		203		184		177		179		177		179		
340		5127		0		4906		survived		8.27482		8.22627		204		184		177		179		177		179		
341		5127		0		4906		survived		8.27482		8.22627		205		184		177		179		177		179		
342		5127		0		4906		survived		8.27482		8.22627		206		184		177		179		177		179		
343		5127		0		4906		survived		8.27482		8.22627		207		184		177		179		177		179		
344		5127		0		4906		survived		8.27482		8.22627		208		184		177		179		177		179		
345		5127		0		4906		survived		8.27482		8.22627		209		184		177		179		177		179		
346		5127		0		4906		survived		8.27482		8.22627		210		184		177		179		177		179		
347		5560		0		5127		add_link		8.28099		8.27482		211		211		177		177		177		177		
348		5570		0		5560		mutate_function(neg_square-to-neg_abs)		8.29173		8.28099		212		212		177		177		177		177		
349		5570		0		5560		survived		8.29173		8.28099		213		212		177		177		177		177		
350		5611		0		5570		add_link		8.29405		8.29173		214		214		177		177		177		177		
351		5625		0		5611		mutate_weight(-0.893059206205)		8.30844		8.29405		215		215		177		177		177		177		
352		5625		0		5611		survived		8.30844		8.29405		216		215		177		177		177		177		
353		5625		0		5611		survived		8.30844		8.29405		217		215		177		177		177		177		
354		5625		0		5611		survived		8.30844		8.29405		218		215		177		177		177		177		
355		5625		0		5611		survived		8.30844		8.29405		219		215		177		177		177		177		
356		5625		0		5611		survived		8.30844		8.29405		220		215		177		177		177		177		
357		5625		0		5611		survived		8.30844		8.29405		221		215		177		177		177		177		
358		5625		0		5611		survived		8.30844		8.29405		222		215		177		177		177		177		
359		5625		0		5611		survived		8.30844		8.29405		223		215		177		177		177		177		
360		5625		0		5611		survived		8.30844		8.29405		224		215		177		177		177		177		
361		5625		0		5611		survived		8.30844		8.29405		225		215		177		177		177		177		
362		5625		0		5611		survived		8.30844		8.29405		226		215		177		177		177		177		
363		5625		0		5611		survived		8.30844		8.29405		227		215		177		177		177		177		
364		5625		0		5611		survived		8.30844		8.29405		228		215		177		177		177		177		
365		5625		0		5611		survived		8.30844		8.29405		229		215		177		177		177		177		
366		5866		0		5625		add_node		8.31766		8.30844		230		230		177		177		177		177		
367		5866		0		5625		survived		8.31766		8.30844		231		230		177		177		177		177		
368		5866		0		5625		survived		8.31766		8.30844		232		230		177		177		177		177		
369		5910		0		5866		add_node		8.34075		8.31766		233		233		177		177		177		177		
370		5910		0		5866		survived		8.34075		8.31766		234		233		177		177		177		177		
371		5910		0		5866		survived		8.34075		8.31766		235		233		177		177		177		177		
372		5910		0		5866		survived		8.34075		8.31766		236		233		177		177		177		177		
373		5910		0		5866		survived		8.34075		8.31766		237		233		177		177		177		177		
374		5910		0		5866		survived		8.34075		8.31766		238		233		177		177		177		177		
375		5910		0		5866		survived		8.34075		8.31766		239		233		177		177		177		177		
376		5910		0		5866		survived		8.34075		8.31766		240		233		177		177		177		177		
377		5910		0		5866		survived		8.34075		8.31766		241		233		177		177		177		177		
378		5910		0		5866		survived		8.34075		8.31766		242		233		177		177		177		177		
379		5910		0		5866		survived		8.34075		8.31766		243		233		177		177		177		177		
380		5910		0		5866		survived		8.34075		8.31766		244		233		177		177		177		177		
381		5910		0		5866		survived		8.34075		8.31766		245		233		177		177		177		177		
382		5910		0		5866		survived		8.34075		8.31766		246		233		177		177		177		177		
383		5910		0		5866		survived		8.34075		8.31766		247		233		177		177		177		177		
384		5910		0		5866		survived		8.34075		8.31766		248		233		177		177		177		177		
385		5910		0		5866		survived		8.34075		8.31766		249		233		177		177		177		177		
386		5910		0		5866		survived		8.34075		8.31766		250		233		177		177		177		177		
387		5910		0		5866		survived		8.34075		8.31766		251		233		177		177		177		177		
388		5910		0		5866		survived		8.34075		8.31766		252		233		177		177		177		177		
389		5910		0		5866		survived		8.34075		8.31766		253		233		177		177		177		177		
390		5910		0		5866		survived		8.34075		8.31766		254		233		177		177		177		177		
391		5910		0		5866		survived		8.34075		8.31766		255		233		177		177		177		177		
392		5910		0		5866		survived		8.34075		8.31766		256		233		177		177		177		177		
393		5910		0		5866		survived		8.34075		8.31766		257		233		177		177		177		177		
394		5910		0		5866		survived		8.34075		8.31766		258		233		177		177		177		177		
395		5910		0		5866		survived		8.34075		8.31766		259		233		177		177		177		177		
396		5910		0		5866		survived		8.34075		8.31766		260		233		177		177		177		177		
397		5910		0		5866		survived		8.34075		8.31766		261		233		177		177		177		177		
398		5910		0		5866		survived		8.34075		8.31766		262		233		177		177		177		177		
399		5910		0		5866		survived		8.34075		8.31766		263		233		177		177		177		177		
400		5910		0		5866		survived		8.34075		8.31766		264		233		177		177		177		177		
401		5910		0		5866		survived		8.34075		8.31766		265		233		177		177		177		177		
402		5910		0		5866		survived		8.34075		8.31766		266		233		177		177		177		177		
403		5910		0		5866		survived		8.34075		8.31766		267		233		177		177		177		177		
404		5910		0		5866		survived		8.34075		8.31766		268		233		177		177		177		177		
405		5910		0		5866		survived		8.34075		8.31766		269		233		177		177		177		177		
406		5910		0		5866		survived		8.34075		8.31766		270		233		177		177		177		177		
407		5910		0		5866		survived		8.34075		8.31766		271		233		177		177		177		177		
408		5910		0		5866		survived		8.34075		8.31766		272		233		177		177		177		177		
409		5910		0		5866		survived		8.34075		8.31766		273		233		177		177		177		177		
410		5910		0		5866		survived		8.34075		8.31766		274		233		177		177		177		177		
411		5910		0		5866		survived		8.34075		8.31766		275		233		177		177		177		177		
412		5910		0		5866		survived		8.34075		8.31766		276		233		177		177		177		177		
413		5910		0		5866		survived		8.34075		8.31766		277		233		177		177		177		177		
414		5910		0		5866		survived		8.34075		8.31766		278		233		177		177		177		177		
415		5910		0		5866		survived		8.34075		8.31766		279		233		177		177		177		177		
416		5910		0		5866		survived		8.34075		8.31766		280		233		177		177		177		177		
417		5910		0		5866		survived		8.34075		8.31766		281		233		177		177		177		177		
418		5910		0		5866		survived		8.34075		8.31766		282		233		177		177		177		177		
419		5910		0		5866		survived		8.34075		8.31766		283		233		177		177		177		177		
420		5910		0		5866		survived		8.34075		8.31766		284		233		177		177		177		177		
421		5910		0		5866		survived		8.34075		8.31766		285		233		177		177		177		177		
422		5910		0		5866		survived		8.34075		8.31766		286		233		177		177		177		177		
423		5910		0		5866		survived		8.34075		8.31766		287		233		177		177		177		177		
424		5910		0		5866		survived		8.34075		8.31766		288		233		177		177		177		177		
425		5910		0		5866		survived		8.34075		8.31766		289		233		177		177		177		177		
426		5910		0		5866		survived		8.34075		8.31766		290		233		177		177		177		177		
427		5910		0		5866		survived		8.34075		8.31766		291		233		177		177		177		177		
428		5910		0		5866		survived		8.34075		8.31766		292		233		177		177		177		177		
429		5910		0		5866		survived		8.34075		8.31766		293		233		177		177		177		177		
430		5910		0		5866		survived		8.34075		8.31766		294		233		177		177		177		177		
431		5910		0		5866		survived		8.34075		8.31766		295		233		177		177		177		177		
432		5910		0		5866		survived		8.34075		8.31766		296		233		177		177		177		177		
433		5910		0		5866		survived		8.34075		8.31766		297		233		177		177		177		177		
434		5910		0		5866		survived		8.34075		8.31766		298		233		177		177		177		177		
435		5910		0		5866		survived		8.34075		8.31766		299		233		177		177		177		177		
436		5910		0		5866		survived		8.34075		8.31766		300		233		177		177		177		177		
437		5910		0		5866		survived		8.34075		8.31766		301		233		177		177		177		177		
438		5910		0		5866		survived		8.34075		8.31766		302		233		177		177		177		177		
439		5910		0		5866		survived		8.34075		8.31766		303		233		177		177		177		177		
440		5910		0		5866		survived		8.34075		8.31766		304		233		177		177		177		177		
441		5910		0		5866		survived		8.34075		8.31766		305		233		177		177		177		177		
442		7080		0		7059		add_link		8.60354		8.10977		306		306		178		175		178		175		
443		7080		0		7059		survived		8.60354		8.10977		307		306		178		175		178		175		
444		7080		0		7059		survived		8.60354		8.10977		308		306		178		175		178		175		
445		7080		0		7059		survived		8.60354		8.10977		309		306		178		175		178		175		
446		7080		0		7059		survived		8.60354		8.10977		310		306		178		175		178		175		
447		7158		0		7080		add_node		8.61637		8.60354		311		311		178		178		178		178		
448		7158		0		7080		survived		8.61637		8.60354		312		311		178		178		178		178		
449		7158		0		7080		survived		8.61637		8.60354		313		311		178		178		178		178		
450		7158		0		7080		survived		8.61637		8.60354		314		311		178		178		178		178		
451		7158		0		7080		survived		8.61637		8.60354		315		311		178		178		178		178		
452		7158		0		7080		survived		8.61637		8.60354		316		311		178		178		178		178		
453		7158		0		7080		survived		8.61637		8.60354		317		311		178		178		178		178		
454		7273		0		7158		add_link		8.62138		8.61637		318		318		178		178		178		178		
455		7273		0		7158		survived		8.62138		8.61637		319		318		178		178		178		178		
456		7273		0		7158		survived		8.62138		8.61637		320		318		178		178		178		178		
457		7273		0		7158		survived		8.62138		8.61637		321		318		178		178		178		178		
458		7273		0		7158		survived		8.62138		8.61637		322		318		178		178		178		178		
459		7273		0		7158		survived		8.62138		8.61637		323		318		178		178		178		178		
460		7273		0		7158		survived		8.62138		8.61637		324		318		178		178		178		178		
461		7273		0		7158		survived		8.62138		8.61637		325		318		178		178		178		178		
462		7273		0		7158		survived		8.62138		8.61637		326		318		178		178		178		178		
463		7273		0		7158		survived		8.62138		8.61637		327		318		178		178		178		178		
464		7273		0		7158		survived		8.62138		8.61637		328		318		178		178		178		178		
465		7273		0		7158		survived		8.62138		8.61637		329		318		178		178		178		178		
466		7273		0		7158		survived		8.62138		8.61637		330		318		178		178		178		178		
467		7273		0		7158		survived		8.62138		8.61637		331		318		178		178		178		178		
468		7273		0		7158		survived		8.62138		8.61637		332		318		178		178		178		178		
469		7273		0		7158		survived		8.62138		8.61637		333		318		178		178		178		178		
470		7273		0		7158		survived		8.62138		8.61637		334		318		178		178		178		178		
471		7273		0		7158		survived		8.62138		8.61637		335		318		178		178		178		178		
472		7273		0		7158		survived		8.62138		8.61637		336		318		178		178		178		178		
473		7273		0		7158		survived		8.62138		8.61637		337		318		178		178		178		178		
474		7273		0		7158		survived		8.62138		8.61637		338		318		178		178		178		178		
475		7273		0		7158		survived		8.62138		8.61637		339		318		178		178		178		178		
476		7273		0		7158		survived		8.62138		8.61637		340		318		178		178		178		178		
477		7273		0		7158		survived		8.62138		8.61637		341		318		178		178		178		178		
478		7273		0		7158		survived		8.62138		8.61637		342		318		178		178		178		178		
479		7273		0		7158		survived		8.62138		8.61637		343		318		178		178		178		178		
480		7273		0		7158		survived		8.62138		8.61637		344		318		178		178		178		178		
481		7273		0		7158		survived		8.62138		8.61637		345		318		178		178		178		178		
482		7273		0		7158		survived		8.62138		8.61637		346		318		178		178		178		178		
483		7273		0		7158		survived		8.62138		8.61637		347		318		178		178		178		178		
484		7273		0		7158		survived		8.62138		8.61637		348		318		178		178		178		178		
485		7273		0		7158		survived		8.62138		8.61637		349		318		178		178		178		178		
486		7273		0		7158		survived		8.62138		8.61637		350		318		178		178		178		178		
487		7273		0		7158		survived		8.62138		8.61637		351		318		178		178		178		178		
488		7273		0		7158		survived		8.62138		8.61637		352		318		178		178		178		178		
489		7273		0		7158		survived		8.62138		8.61637		353		318		178		178		178		178		
490		7273		0		7158		survived		8.62138		8.61637		354		318		178		178		178		178		
491		7273		0		7158		survived		8.62138		8.61637		355		318		178		178		178		178		
492		7273		0		7158		survived		8.62138		8.61637		356		318		178		178		178		178		
493		7273		0		7158		survived		8.62138		8.61637		357		318		178		178		178		178		
494		7273		0		7158		survived		8.62138		8.61637		358		318		178		178		178		178		
495		7273		0		7158		survived		8.62138		8.61637		359		318		178		178		178		178		
496		7273		0		7158		survived		8.62138		8.61637		360		318		178		178		178		178		
497		7273		0		7158		survived		8.62138		8.61637		361		318		178		178		178		178		
498		7273		0		7158		survived		8.62138		8.61637		362		318		178		178		178		178		
499		7273		0		7158		survived		8.62138		8.61637		363		318		178		178		178		178		
500		7273		0		7158		survived		8.62138		8.61637		364		318		178		178		178		178		
501		7273		0		7158		survived		8.62138		8.61637		365		318		178		178		178		178		
502		7273		0		7158		survived		8.62138		8.61637		366		318		178		178		178		178		
503		7273		0		7158		survived		8.62138		8.61637		367		318		178		178		178		178		
504		7273		0		7158		survived		8.62138		8.61637		368		318		178		178		178		178		
505		7273		0		7158		survived		8.62138		8.61637		369		318		178		178		178		178		
506		7273		0		7158		survived		8.62138		8.61637		370		318		178		178		178		178		
507		7273		0		7158		survived		8.62138		8.61637		371		318		178		178		178		178		
508		7273		0		7158		survived		8.62138		8.61637		372		318		178		178		178		178		
509		7273		0		7158		survived		8.62138		8.61637		373		318		178		178		178		178		
510		7273		0		7158		survived		8.62138		8.61637		374		318		178		178		178		178		
511		7273		0		7158		survived		8.62138		8.61637		375		318		178		178		178		178		
512		7273		0		7158		survived		8.62138		8.61637		376		318		178		178		178		178		
513		7273		0		7158		survived		8.62138		8.61637		377		318		178		178		178		178		
514		7273		0		7158		survived		8.62138		8.61637		378		318		178		178		178		178		
515		7273		0		7158		survived		8.62138		8.61637		379		318		178		178		178		178		
516		7273		0		7158		survived		8.62138		8.61637		380		318		178		178		178		178		
517		7273		0		7158		survived		8.62138		8.61637		381		318		178		178		178		178		
518		7273		0		7158		survived		8.62138		8.61637		382		318		178		178		178		178		
519		7273		0		7158		survived		8.62138		8.61637		383		318		178		178		178		178		
520		7273		0		7158		survived		8.62138		8.61637		384		318		178		178		178		178		
521		7273		0		7158		survived		8.62138		8.61637		385		318		178		178		178		178		
522		8352		0		7999		mutate_weight(0.207576874099)		8.66914		8.32238		386		386		177		176		177		176		
523		8352		0		7999		survived		8.66914		8.32238		387		386		177		176		177		176		
524		8396		0		8352		add_link		8.70723		8.66914		388		388		177		177		177		177		
525		8396		0		8352		survived		8.70723		8.66914		389		388		177		177		177		177		
526		8396		0		8352		survived		8.70723		8.66914		390		388		177		177		177		177		
527		8396		0		8352		survived		8.70723		8.66914		391		388		177		177		177		177		
528		8396		0		8352		survived		8.70723		8.66914		392		388		177		177		177		177		
529		8396		0		8352		survived		8.70723		8.66914		393		388		177		177		177		177		
530		8396		0		8352		survived		8.70723		8.66914		394		388		177		177		177		177		
531		8396		0		8352		survived		8.70723		8.66914		395		388		177		177		177		177		
532		8396		0		8352		survived		8.70723		8.66914		396		388		177		177		177		177		
533		8396		0		8352		survived		8.70723		8.66914		397		388		177		177		177		177		
534		8396		0		8352		survived		8.70723		8.66914		398		388		177		177		177		177		
535		8396		0		8352		survived		8.70723		8.66914		399		388		177		177		177		177		
536		8396		0		8352		survived		8.70723		8.66914		400		388		177		177		177		177		
537		8396		0		8352		survived		8.70723		8.66914		401		388		177		177		177		177		
538		8396		0		8352		survived		8.70723		8.66914		402		388		177		177		177		177		
539		8396		0		8352		survived		8.70723		8.66914		403		388		177		177		177		177		
540		8396		0		8352		survived		8.70723		8.66914		404		388		177		177		177		177		
541		8396		0		8352		survived		8.70723		8.66914		405		388		177		177		177		177		
542		8396		0		8352		survived		8.70723		8.66914		406		388		177		177		177		177		
543		8396		0		8352		survived		8.70723		8.66914		407		388		177		177		177		177		
544		8396		0		8352		survived		8.70723		8.66914		408		388		177		177		177		177		
545		8396		0		8352		survived		8.70723		8.66914		409		388		177		177		177		177		
546		8396		0		8352		survived		8.70723		8.66914		410		388		177		177		177		177		
547		8396		0		8352		survived		8.70723		8.66914		411		388		177		177		177		177		
548		8396		0		8352		survived		8.70723		8.66914		412		388		177		177		177		177		
549		8396		0		8352		survived		8.70723		8.66914		413		388		177		177		177		177		
550		8396		0		8352		survived		8.70723		8.66914		414		388		177		177		177		177		
551		8396		0		8352		survived		8.70723		8.66914		415		388		177		177		177		177		
552		8396		0		8352		survived		8.70723		8.66914		416		388		177		177		177		177		
553		8396		0		8352		survived		8.70723		8.66914		417		388		177		177		177		177		
554		8396		0		8352		survived		8.70723		8.66914		418		388		177		177		177		177		
555		8396		0		8352		survived		8.70723		8.66914		419		388		177		177		177		177		
556		8396		0		8352		survived		8.70723		8.66914		420		388		177		177		177		177		
557		8396		0		8352		survived		8.70723		8.66914		421		388		177		177		177		177		
558		8396		0		8352		survived		8.70723		8.66914		422		388		177		177		177		177		
559		8396		0		8352		survived		8.70723		8.66914		423		388		177		177		177		177		
560		8396		0		8352		survived		8.70723		8.66914		424		388		177		177		177		177		
561		8396		0		8352		survived		8.70723		8.66914		425		388		177		177		177		177		
562		8396		0		8352		survived		8.70723		8.66914		426		388		177		177		177		177		
563		8396		0		8352		survived		8.70723		8.66914		427		388		177		177		177		177		
564		8396		0		8352		survived		8.70723		8.66914		428		388		177		177		177		177		
565		8396		0		8352		survived		8.70723		8.66914		429		388		177		177		177		177		
566		9057		0		8396		add_node		8.73049		8.70723		430		430		177		177		177		177		
567		9057		0		8396		survived		8.73049		8.70723		431		430		177		177		177		177		
568		9057		0		8396		survived		8.73049		8.70723		432		430		177		177		177		177		
569		9057		0		8396		survived		8.73049		8.70723		433		430		177		177		177		177		
570		9057		0		8396		survived		8.73049		8.70723		434		430		177		177		177		177		
571		9057		0		8396		survived		8.73049		8.70723		435		430		177		177		177		177		
572		9057		0		8396		survived		8.73049		8.70723		436		430		177		177		177		177		
573		9057		0		8396		survived		8.73049		8.70723		437		430		177		177		177		177		
574		9057		0		8396		survived		8.73049		8.70723		438		430		177		177		177		177		
575		9057		0		8396		survived		8.73049		8.70723		439		430		177		177		177		177		
576		9057		0		8396		survived		8.73049		8.70723		440		430		177		177		177		177		
577		9057		0		8396		survived		8.73049		8.70723		441		430		177		177		177		177		
578		9057		0		8396		survived		8.73049		8.70723		442		430		177		177		177		177		
579		9057		0		8396		survived		8.73049		8.70723		443		430		177		177		177		177		
580		9057		0		8396		survived		8.73049		8.70723		444		430		177		177		177		177		
581		9057		0		8396		survived		8.73049		8.70723		445		430		177		177		177		177		
582		9057		0		8396		survived		8.73049		8.70723		446		430		177		177		177		177		
583		9057		0		8396		survived		8.73049		8.70723		447		430		177		177		177		177		
584		9057		0		8396		survived		8.73049		8.70723		448		430		177		177		177		177		
585		9057		0		8396		survived		8.73049		8.70723		449		430		177		177		177		177		
586		9057		0		8396		survived		8.73049		8.70723		450		430		177		177		177		177		
587		9057		0		8396		survived		8.73049		8.70723		451		430		177		177		177		177		
588		9057		0		8396		survived		8.73049		8.70723		452		430		177		177		177		177		
589		9057		0		8396		survived		8.73049		8.70723		453		430		177		177		177		177		
590		9057		0		8396		survived		8.73049		8.70723		454		430		177		177		177		177		
591		9057		0		8396		survived		8.73049		8.70723		455		430		177		177		177		177		
592		9057		0		8396		survived		8.73049		8.70723		456		430		177		177		177		177		
593		9496		0		9057		add_link		8.73816		8.73049		457		457		177		177		177		177		
594		9496		0		9057		survived		8.73816		8.73049		458		457		177		177		177		177		
595		9496		0		9057		survived		8.73816		8.73049		459		457		177		177		177		177		
596		9496		0		9057		survived		8.73816		8.73049		460		457		177		177		177		177		
597		9496		0		9057		survived		8.73816		8.73049		461		457		177		177		177		177		
598		9496		0		9057		survived		8.73816		8.73049		462		457		177		177		177		177		
599		9496		0		9057		survived		8.73816		8.73049		463		457		177		177		177		177		
600		9496		0		9057		survived		8.73816		8.73049		464		457		177		177		177		177		
601		9496		0		9057		survived		8.73816		8.73049		465		457		177		177		177		177		
602		9496		0		9057		survived		8.73816		8.73049		466		457		177		177		177		177		
603		9496		0		9057		survived		8.73816		8.73049		467		457		177		177		177		177		
604		9496		0		9057		survived		8.73816		8.73049		468		457		177		177		177		177		
605		9496		0		9057		survived		8.73816		8.73049		469		457		177		177		177		177		
606		9496		0		9057		survived		8.73816		8.73049		470		457		177		177		177		177		
607		9496		0		9057		survived		8.73816		8.73049		471		457		177		177		177		177		
608		9496		0		9057		survived		8.73816		8.73049		472		457		177		177		177		177		
609		9496		0		9057		survived		8.73816		8.73049		473		457		177		177		177		177		
610		9496		0		9057		survived		8.73816		8.73049		474		457		177		177		177		177		
611		9496		0		9057		survived		8.73816		8.73049		475		457		177		177		177		177		
612		9496		0		9057		survived		8.73816		8.73049		476		457		177		177		177		177		
613		9496		0		9057		survived		8.73816		8.73049		477		457		177		177		177		177		
614		9496		0		9057		survived		8.73816		8.73049		478		457		177		177		177		177		
615		9496		0		9057		survived		8.73816		8.73049		479		457		177		177		177		177		
616		9496		0		9057		survived		8.73816		8.73049		480		457		177		177		177		177		
617		9496		0		9057		survived		8.73816		8.73049		481		457		177		177		177		177		
618		9496		0		9057		survived		8.73816		8.73049		482		457		177		177		177		177		
619		9496		0		9057		survived		8.73816		8.73049		483		457		177		177		177		177		
620		9496		0		9057		survived		8.73816		8.73049		484		457		177		177		177		177		
621		9496		0		9057		survived		8.73816		8.73049		485		457		177		177		177		177		
622		9496		0		9057		survived		8.73816		8.73049		486		457		177		177		177		177		
623		9496		0		9057		survived		8.73816		8.73049		487		457		177		177		177		177		
624		9496		0		9057		survived		8.73816		8.73049		488		457		177		177		177		177		
625		9496		0		9057		survived		8.73816		8.73049		489		457		177		177		177		177		
626		9496		0		9057		survived		8.73816		8.73049		490		457		177		177		177		177		
627		9496		0		9057		survived		8.73816		8.73049		491		457		177		177		177		177		
628		9496		0		9057		survived		8.73816		8.73049		492		457		177		177		177		177		
629		9496		0		9057		survived		8.73816		8.73049		493		457		177		177		177		177		
630		9496		0		9057		survived		8.73816		8.73049		494		457		177		177		177		177		
631		9496		0		9057		survived		8.73816		8.73049		495		457		177		177		177		177		
632		9496		0		9057		survived		8.73816		8.73049		496		457		177		177		177		177		
633		9496		0		9057		survived		8.73816		8.73049		497		457		177		177		177		177		
634		9496		0		9057		survived		8.73816		8.73049		498		457		177		177		177		177		
635		9496		0		9057		survived		8.73816		8.73049		499		457		177		177		177		177		
636		9496		0		9057		survived		8.73816		8.73049		500		457		177		177		177		177		
637		9496		0		9057		survived		8.73816		8.73049		501		457		177		177		177		177		
638		9496		0		9057		survived		8.73816		8.73049		502		457		177		177		177		177		
639		9496		0		9057		survived		8.73816		8.73049		503		457		177		177		177		177		
640		9496		0		9057		survived		8.73816		8.73049		504		457		177		177		177		177		
641		9496		0		9057		survived		8.73816		8.73049		505		457		177		177		177		177		
642		9496		0		9057		survived		8.73816		8.73049		506		457		177		177		177		177		
643		9496		0		9057		survived		8.73816		8.73049		507		457		177		177		177		177		
644		9496		0		9057		survived		8.73816		8.73049		508		457		177		177		177		177		
645		9496		0		9057		survived		8.73816		8.73049		509		457		177		177		177		177		
646		9496		0		9057		survived		8.73816		8.73049		510		457		177		177		177		177		
647		9496		0		9057		survived		8.73816		8.73049		511		457		177		177		177		177		
648		9496		0		9057		survived		8.73816		8.73049		512		457		177		177		177		177		
649		9496		0		9057		survived		8.73816		8.73049		513		457		177		177		177		177		
650		9496		0		9057		survived		8.73816		8.73049		514		457		177		177		177		177		
651		9496		0		9057		survived		8.73816		8.73049		515		457		177		177		177		177		
652		9496		0		9057		survived		8.73816		8.73049		516		457		177		177		177		177		
653		9496		0		9057		survived		8.73816		8.73049		517		457		177		177		177		177		
654		9496		0		9057		survived		8.73816		8.73049		518		457		177		177		177		177		
655		9496		0		9057		survived		8.73816		8.73049		519		457		177		177		177		177		
656		10495		0		10474		add_node		8.82521		8.71258		104		104		195		197		195		197		
657		10521		0		10495		remove_node		8.93529		8.82521		105		105		193		195		193		195		
658		10521		0		10495		survived		8.93529		8.82521		106		105		193		195		193		195		
659		10521		0		10495		survived		8.93529		8.82521		107		105		193		195		193		195		
660		10521		0		10495		survived		8.93529		8.82521		108		105		193		195		193		195		
661		10521		0		10495		survived		8.93529		8.82521		109		105		193		195		193		195		
662		10521		0		10495		survived		8.93529		8.82521		110		105		193		195		193		195		
663		10521		0		10495		survived		8.93529		8.82521		111		105		193		195		193		195		
664		10521		0		10495		survived		8.93529		8.82521		112		105		193		195		193		195		
665		10521		0		10495		survived		8.93529		8.82521		113		105		193		195		193		195		
666		10659		0		10640		add_link		9.35093		8.11152		114		114		186		184		186		184		
667		10659		0		10640		survived		9.35093		8.11152		115		114		186		184		186		184		
668		10659		0		10640		survived		9.35093		8.11152		116		114		186		184		186		184		
669		10659		0		10640		survived		9.35093		8.11152		117		114		186		184		186		184		
670		10659		0		10640		survived		9.35093		8.11152		118		114		186		184		186		184		
671		10659		0		10640		survived		9.35093		8.11152		119		114		186		184		186		184		
672		10659		0		10640		survived		9.35093		8.11152		120		114		186		184		186		184		
673		10659		0		10640		survived		9.35093		8.11152		121		114		186		184		186		184		
674		10659		0		10640		survived		9.35093		8.11152		122		114		186		184		186		184		
675		10659		0		10640		survived		9.35093		8.11152		123		114		186		184		186		184		
676		10659		0		10640		survived		9.35093		8.11152		124		114		186		184		186		184		
677		10659		0		10640		survived		9.35093		8.11152		125		114		186		184		186		184		
678		10659		0		10640		survived		9.35093		8.11152		126		114		186		184		186		184		
679		10659		0		10640		survived		9.35093		8.11152		127		114		186		184		186		184		
680		10659		0		10640		survived		9.35093		8.11152		128		114		186		184		186		184		
681		10659		0		10640		survived		9.35093		8.11152		129		114		186		184		186		184		
682		10659		0		10640		survived		9.35093		8.11152		130		114		186		184		186		184		
683		10659		0		10640		survived		9.35093		8.11152		131		114		186		184		186		184		
684		10659		0		10640		survived		9.35093		8.11152		132		114		186		184		186		184		
685		10659		0		10640		survived		9.35093		8.11152		133		114		186		184		186		184		
686		10659		0		10640		survived		9.35093		8.11152		134		114		186		184		186		184		
687		10659		0		10640		survived		9.35093		8.11152		135		114		186		184		186		184		
688		10659		0		10640		survived		9.35093		8.11152		136		114		186		184		186		184		
689		10659		0		10640		survived		9.35093		8.11152		137		114		186		184		186		184		
690		10659		0		10640		survived		9.35093		8.11152		138		114		186		184		186		184		
691		10659		0		10640		survived		9.35093		8.11152		139		114		186		184		186		184		
692		10659		0		10640		survived		9.35093		8.11152		140		114		186		184		186		184		
693		10659		0		10640		survived		9.35093		8.11152		141		114		186		184		186		184		
694		10659		0		10640		survived		9.35093		8.11152		142		114		186		184		186		184		
695		10659		0		10640		survived		9.35093		8.11152		143		114		186		184		186		184		
696		10659		0		10640		survived		9.35093		8.11152		144		114		186		184		186		184		
697		10659		0		10640		survived		9.35093		8.11152		145		114		186		184		186		184		
698		10659		0		10640		survived		9.35093		8.11152		146		114		186		184		186		184		
699		10659		0		10640		survived		9.35093		8.11152		147		114		186		184		186		184		
700		10659		0		10640		survived		9.35093		8.11152		148		114		186		184		186		184		
701		10659		0		10640		survived		9.35093		8.11152		149		114		186		184		186		184		
702		10659		0		10640		survived		9.35093		8.11152		150		114		186		184		186		184		
703		10659		0		10640		survived		9.35093		8.11152		151		114		186		184		186		184		
704		10659		0		10640		survived		9.35093		8.11152		152		114		186		184		186		184		
705		10659		0		10640		survived		9.35093		8.11152		153		114		186		184		186		184		
706		10659		0		10640		survived		9.35093		8.11152		154		114		186		184		186		184		
707		10659		0		10640		survived		9.35093		8.11152		155		114		186		184		186		184		
708		10659		0		10640		survived		9.35093		8.11152		156		114		186		184		186		184		
709		10659		0		10640		survived		9.35093		8.11152		157		114		186		184		186		184		
710		10659		0		10640		survived		9.35093		8.11152		158		114		186		184		186		184		
711		10659		0		10640		survived		9.35093		8.11152		159		114		186		184		186		184		
712		10659		0		10640		survived		9.35093		8.11152		160		114		186		184		186		184		
713		10659		0		10640		survived		9.35093		8.11152		161		114		186		184		186		184		
714		10659		0		10640		survived		9.35093		8.11152		162		114		186		184		186		184		
715		10659		0		10640		survived		9.35093		8.11152		163		114		186		184		186		184		
716		10659		0		10640		survived		9.35093		8.11152		164		114		186		184		186		184		
717		10659		0		10640		survived		9.35093		8.11152		165		114		186		184		186		184		
718		10659		0		10640		survived		9.35093		8.11152		166		114		186		184		186		184		
719		10659		0		10640		survived		9.35093		8.11152		167		114		186		184		186		184		
720		10659		0		10640		survived		9.35093		8.11152		168		114		186		184		186		184		
721		10659		0		10640		survived		9.35093		8.11152		169		114		186		184		186		184		
722		10659		0		10640		survived		9.35093		8.11152		170		114		186		184		186		184		
723		10659		0		10640		survived		9.35093		8.11152		171		114		186		184		186		184		
724		10659		0		10640		survived		9.35093		8.11152		172		114		186		184		186		184		
725		10659		0		10640		survived		9.35093		8.11152		173		114		186		184		186		184		
726		10659		0		10640		survived		9.35093		8.11152		174		114		186		184		186		184		
727		10659		0		10640		survived		9.35093		8.11152		175		114		186		184		186		184		
728		10659		0		10640		survived		9.35093		8.11152		176		114		186		184		186		184		
729		10659		0		10640		survived		9.35093		8.11152		177		114		186		184		186		184		
730		10659		0		10640		survived		9.35093		8.11152		178		114		186		184		186		184		
731		11700		0		11668		add_link		9.37675		9.07407		179		179		172		176		172		176		
732		11700		0		11668		survived		9.37675		9.07407		180		179		172		176		172		176		
733		11700		0		11668		survived		9.37675		9.07407		181		179		172		176		172		176		
734		11700		0		11668		survived		9.37675		9.07407		182		179		172		176		172		176		
735		11700		0		11668		survived		9.37675		9.07407		183		179		172		176		172		176		
736		11700		0		11668		survived		9.37675		9.07407		184		179		172		176		172		176		
737		11700		0		11668		survived		9.37675		9.07407		185		179		172		176		172		176		
738		11700		0		11668		survived		9.37675		9.07407		186		179		172		176		172		176		
739		11700		0		11668		survived		9.37675		9.07407		187		179		172		176		172		176		
740		11700		0		11668		survived		9.37675		9.07407		188		179		172		176		172		176		
741		11700		0		11668		survived		9.37675		9.07407		189		179		172		176		172		176		
742		11700		0		11668		survived		9.37675		9.07407		190		179		172		176		172		176		
743		11700		0		11668		survived		9.37675		9.07407		191		179		172		176		172		176		
744		11700		0		11668		survived		9.37675		9.07407		192		179		172		176		172		176		
745		11700		0		11668		survived		9.37675		9.07407		193		179		172		176		172		176		
746		11700		0		11668		survived		9.37675		9.07407		194		179		172		176		172		176		
747		11700		0		11668		survived		9.37675		9.07407		195		179		172		176		172		176		
748		11700		0		11668		survived		9.37675		9.07407		196		179		172		176		172		176		
749		11700		0		11668		survived		9.37675		9.07407		197		179		172		176		172		176		
750		11700		0		11668		survived		9.37675		9.07407		198		179		172		176		172		176		
751		11700		0		11668		survived		9.37675		9.07407		199		179		172		176		172		176		
752		11700		0		11668		survived		9.37675		9.07407		200		179		172		176		172		176		
753		11700		0		11668		survived		9.37675		9.07407		201		179		172		176		172		176		
754		11700		0		11668		survived		9.37675		9.07407		202		179		172		176		172		176		
755		11700		0		11668		survived		9.37675		9.07407		203		179		172		176		172		176		
756		11700		0		11668		survived		9.37675		9.07407		204		179		172		176		172		176		
757		11700		0		11668		survived		9.37675		9.07407		205		179		172		176		172		176		
758		11700		0		11668		survived		9.37675		9.07407		206		179		172		176		172		176		
759		11700		0		11668		survived		9.37675		9.07407		207		179		172		176		172		176		
760		11700		0		11668		survived		9.37675		9.07407		208		179		172		176		172		176		
761		11700		0		11668		survived		9.37675		9.07407		209		179		172		176		172		176		
762		11700		0		11668		survived		9.37675		9.07407		210		179		172		176		172		176		
763		11700		0		11668		survived		9.37675		9.07407		211		179		172		176		172		176		
764		12233		0		12074		add_link		9.44269		9.31712		212		212		140		142		140		142		
765		12233		0		12074		survived		9.44269		9.31712		213		212		140		142		140		142		
766		12233		0		12074		survived		9.44269		9.31712		214		212		140		142		140		142		
767		12233		0		12074		survived		9.44269		9.31712		215		212		140		142		140		142		
768		12233		0		12074		survived		9.44269		9.31712		216		212		140		142		140		142		
769		12233		0		12074		survived		9.44269		9.31712		217		212		140		142		140		142		
770		12233		0		12074		survived		9.44269		9.31712		218		212		140		142		140		142		
771		12233		0		12074		survived		9.44269		9.31712		219		212		140		142		140		142		
772		12233		0		12074		survived		9.44269		9.31712		220		212		140		142		140		142		
773		12233		0		12074		survived		9.44269		9.31712		221		212		140		142		140		142		
774		12233		0		12074		survived		9.44269		9.31712		222		212		140		142		140		142		
775		12233		0		12074		survived		9.44269		9.31712		223		212		140		142		140		142		
776		12233		0		12074		survived		9.44269		9.31712		224		212		140		142		140		142		
777		12233		0		12074		survived		9.44269		9.31712		225		212		140		142		140		142		
778		12233		0		12074		survived		9.44269		9.31712		226		212		140		142		140		142		
779		12233		0		12074		survived		9.44269		9.31712		227		212		140		142		140		142		
780		12233		0		12074		survived		9.44269		9.31712		228		212		140		142		140		142		
781		12233		0		12074		survived		9.44269		9.31712		229		212		140		142		140		142		
782		12233		0		12074		survived		9.44269		9.31712		230		212		140		142		140		142		
783		12233		0		12074		survived		9.44269		9.31712		231		212		140		142		140		142		
784		12233		0		12074		survived		9.44269		9.31712		232		212		140		142		140		142		
785		12233		0		12074		survived		9.44269		9.31712		233		212		140		142		140		142		
786		12233		0		12074		survived		9.44269		9.31712		234		212		140		142		140		142		
787		12233		0		12074		survived		9.44269		9.31712		235		212		140		142		140		142		
788		12233		0		12074		survived		9.44269		9.31712		236		212		140		142		140		142		
789		12635		0		12233		add_node		9.86166		9.44269		237		237		140		140		140		140		
790		12635		0		12233		survived		9.86166		9.44269		238		237		140		140		140		140		
791		12635		0		12233		survived		9.86166		9.44269		239		237		140		140		140		140		
792		12635		0		12233		survived		9.86166		9.44269		240		237		140		140		140		140		
793		12635		0		12233		survived		9.86166		9.44269		241		237		140		140		140		140		
794		12713		0		12635		add_node		10.014		9.86166		242		242		148		140		148		140		
795		12720		0		12635		add_link		10.4842		9.86166		243		243		140		140		140		140		
796		12720		0		12635		survived		10.4842		9.86166		244		243		140		140		140		140		
797		12720		0		12635		survived		10.4842		9.86166		245		243		140		140		140		140		
798		12720		0		12635		survived		10.4842		9.86166		246		243		140		140		140		140		
799		12720		0		12635		survived		10.4842		9.86166		247		243		140		140		140		140		
800		12720		0		12635		survived		10.4842		9.86166		248		243		140		140		140		140		
801		12815		0		12720		mutate_weight(-0.0933986783448)		10.6652		10.4842		249		249		134		140		134		140		
802		12815		0		12720		survived		10.6652		10.4842		250		249		134		140		134		140		
803		12815		0		12720		survived		10.6652		10.4842		251		249		134		140		134		140		
804		12815		0		12720		survived		10.6652		10.4842		252		249		134		140		134		140		
805		12879		0		12815		mutate_weight(-0.481442912791)		10.8938		10.6652		253		253		134		134		134		134		
806		12879		0		12815		survived		10.8938		10.6652		254		253		134		134		134		134		
807		12879		0		12815		survived		10.8938		10.6652		255		253		134		134		134		134		
808		12879		0		12815		survived		10.8938		10.6652		256		253		134		134		134		134		
809		12879		0		12815		survived		10.8938		10.6652		257		253		134		134		134		134		
810		12879		0		12815		survived		10.8938		10.6652		258		253		134		134		134		134		
811		12879		0		12815		survived		10.8938		10.6652		259		253		134		134		134		134		
812		12879		0		12815		survived		10.8938		10.6652		260		253		134		134		134		134		
813		12879		0		12815		survived		10.8938		10.6652		261		253		134		134		134		134		
814		12879		0		12815		survived		10.8938		10.6652		262		253		134		134		134		134		
815		12879		0		12815		survived		10.8938		10.6652		263		253		134		134		134		134		
816		12879		0		12815		survived		10.8938		10.6652		264		253		134		134		134		134		
817		13080		0		12879		mutate_function(sqrt_abs-to-square)		11.2949		10.8938		265		265		134		134		134		134		
818		13080		0		12879		survived		11.2949		10.8938		266		265		134		134		134		134		
819		13080		0		12879		survived		11.2949		10.8938		267		265		134		134		134		134		
820		13080		0		12879		survived		11.2949		10.8938		268		265		134		134		134		134		
821		13080		0		12879		survived		11.2949		10.8938		269		265		134		134		134		134		
822		13080		0		12879		survived		11.2949		10.8938		270		265		134		134		134		134		
823		13080		0		12879		survived		11.2949		10.8938		271		265		134		134		134		134		
824		13080		0		12879		survived		11.2949		10.8938		272		265		134		134		134		134		
825		13080		0		12879		survived		11.2949		10.8938		273		265		134		134		134		134		
826		13080		0		12879		survived		11.2949		10.8938		274		265		134		134		134		134		
827		13080		0		12879		survived		11.2949		10.8938		275		265		134		134		134		134		
828		13080		0		12879		survived		11.2949		10.8938		276		265		134		134		134		134		
829		13080		0		12879		survived		11.2949		10.8938		277		265		134		134		134		134		
830		13080		0		12879		survived		11.2949		10.8938		278		265		134		134		134		134		
831		13080		0		12879		survived		11.2949		10.8938		279		265		134		134		134		134		
832		13080		0		12879		survived		11.2949		10.8938		280		265		134		134		134		134		
833		13080		0		12879		survived		11.2949		10.8938		281		265		134		134		134		134		
834		13344		0		13080		remove_node		11.4338		11.2949		282		282		162		134		162		134		
835		13344		0		13080		survived		11.4338		11.2949		283		282		162		134		162		134		
836		13344		0		13080		survived		11.4338		11.2949		284		282		162		134		162		134		
837		13344		0		13080		survived		11.4338		11.2949		285		282		162		134		162		134		
838		13344		0		13080		survived		11.4338		11.2949		286		282		162		134		162		134		
839		13344		0		13080		survived		11.4338		11.2949		287		282		162		134		162		134		
840		13344		0		13080		survived		11.4338		11.2949		288		282		162		134		162		134		
841		13344		0		13080		survived		11.4338		11.2949		289		282		162		134		162		134		
842		13344		0		13080		survived		11.4338		11.2949		290		282		162		134		162		134		
843		13488		0		13344		mutate_weight(-0.678716100533)		11.5049		11.4338		291		291		160		162		160		162		
844		13512		0		13488		mutate_weight(0.854250309799)		13.6049		11.5049		292		292		160		160		160		160		
845		13512		0		13488		survived		13.6049		11.5049		293		292		160		160		160		160		
846		13512		0		13488		survived		13.6049		11.5049		294		292		160		160		160		160		
847		13512		0		13488		survived		13.6049		11.5049		295		292		160		160		160		160		
848		13512		0		13488		survived		13.6049		11.5049		296		292		160		160		160		160		
849		13512		0		13488		survived		13.6049		11.5049		297		292		160		160		160		160		
850		13512		0		13488		survived		13.6049		11.5049		298		292		160		160		160		160		
851		13512		0		13488		survived		13.6049		11.5049		299		292		160		160		160		160		
852		13512		0		13488		survived		13.6049		11.5049		300		292		160		160		160		160		
853		13512		0		13488		survived		13.6049		11.5049		301		292		160		160		160		160		
854		13512		0		13488		survived		13.6049		11.5049		302		292		160		160		160		160		
855		13512		0		13488		survived		13.6049		11.5049		303		292		160		160		160		160		
856		13707		0		13647		mutate_function(neg_square-to-neg_abs)		13.6886		11.799		304		304		150		158		150		158		
857		13714		0		13707		add_link		13.804		13.6886		305		305		150		150		150		150		
858		13714		0		13707		survived		13.804		13.6886		306		305		150		150		150		150		
859		13714		0		13707		survived		13.804		13.6886		307		305		150		150		150		150		
860		13714		0		13707		survived		13.804		13.6886		308		305		150		150		150		150		
861		13714		0		13707		survived		13.804		13.6886		309		305		150		150		150		150		
862		13714		0		13707		survived		13.804		13.6886		310		305		150		150		150		150		
863		13714		0		13707		survived		13.804		13.6886		311		305		150		150		150		150		
864		13714		0		13707		survived		13.804		13.6886		312		305		150		150		150		150		
865		13714		0		13707		survived		13.804		13.6886		313		305		150		150		150		150		
866		13714		0		13707		survived		13.804		13.6886		314		305		150		150		150		150		
867		13714		0		13707		survived		13.804		13.6886		315		305		150		150		150		150		
868		13714		0		13707		survived		13.804		13.6886		316		305		150		150		150		150		
869		13714		0		13707		survived		13.804		13.6886		317		305		150		150		150		150		
870		13714		0		13707		survived		13.804		13.6886		318		305		150		150		150		150		
871		13714		0		13707		survived		13.804		13.6886		319		305		150		150		150		150		
872		13714		0		13707		survived		13.804		13.6886		320		305		150		150		150		150		
873		13714		0		13707		survived		13.804		13.6886		321		305		150		150		150		150		
874		13714		0		13707		survived		13.804		13.6886		322		305		150		150		150		150		
875		13714		0		13707		survived		13.804		13.6886		323		305		150		150		150		150		
876		13714		0		13707		survived		13.804		13.6886		324		305		150		150		150		150		
877		13714		0		13707		survived		13.804		13.6886		325		305		150		150		150		150		
878		13714		0		13707		survived		13.804		13.6886		326		305		150		150		150		150		
879		13714		0		13707		survived		13.804		13.6886		327		305		150		150		150		150		
880		13714		0		13707		survived		13.804		13.6886		328		305		150		150		150		150		
881		13714		0		13707		survived		13.804		13.6886		329		305		150		150		150		150		
882		13714		0		13707		survived		13.804		13.6886		330		305		150		150		150		150		
883		13714		0		13707		survived		13.804		13.6886		331		305		150		150		150		150		
884		13714		0		13707		survived		13.804		13.6886		332		305		150		150		150		150		
885		13714		0		13707		survived		13.804		13.6886		333		305		150		150		150		150		
886		13714		0		13707		survived		13.804		13.6886		334		305		150		150		150		150		
887		13714		0		13707		survived		13.804		13.6886		335		305		150		150		150		150		
888		13714		0		13707		survived		13.804		13.6886		336		305		150		150		150		150		
889		13714		0		13707		survived		13.804		13.6886		337		305		150		150		150		150		
890		13714		0		13707		survived		13.804		13.6886		338		305		150		150		150		150		
891		13714		0		13707		survived		13.804		13.6886		339		305		150		150		150		150		
892		13714		0		13707		survived		13.804		13.6886		340		305		150		150		150		150		
893		13714		0		13707		survived		13.804		13.6886		341		305		150		150		150		150		
894		13714		0		13707		survived		13.804		13.6886		342		305		150		150		150		150		
895		13714		0		13707		survived		13.804		13.6886		343		305		150		150		150		150		
896		13714		0		13707		survived		13.804		13.6886		344		305		150		150		150		150		
897		13714		0		13707		survived		13.804		13.6886		345		305		150		150		150		150		
898		13714		0		13707		survived		13.804		13.6886		346		305		150		150		150		150		
899		13714		0		13707		survived		13.804		13.6886		347		305		150		150		150		150		
900		13714		0		13707		survived		13.804		13.6886		348		305		150		150		150		150		
901		13714		0		13707		survived		13.804		13.6886		349		305		150		150		150		150		
902		13714		0		13707		survived		13.804		13.6886		350		305		150		150		150		150		
903		13714		0		13707		survived		13.804		13.6886		351		305		150		150		150		150		
904		13714		0		13707		survived		13.804		13.6886		352		305		150		150		150		150		
905		13714		0		13707		survived		13.804		13.6886		353		305		150		150		150		150		
906		13714		0		13707		survived		13.804		13.6886		354		305		150		150		150		150		
907		13714		0		13707		survived		13.804		13.6886		355		305		150		150		150		150		
908		13714		0		13707		survived		13.804		13.6886		356		305		150		150		150		150		
909		13714		0		13707		survived		13.804		13.6886		357		305		150		150		150		150		
910		13714		0		13707		survived		13.804		13.6886		358		305		150		150		150		150		
911		13714		0		13707		survived		13.804		13.6886		359		305		150		150		150		150		
912		13714		0		13707		survived		13.804		13.6886		360		305		150		150		150		150		
913		13714		0		13707		survived		13.804		13.6886		361		305		150		150		150		150		
914		13714		0		13707		survived		13.804		13.6886		362		305		150		150		150		150		
915		13714		0		13707		survived		13.804		13.6886		363		305		150		150		150		150		
916		13714		0		13707		survived		13.804		13.6886		364		305		150		150		150		150		
917		13714		0		13707		survived		13.804		13.6886		365		305		150		150		150		150		
918		13714		0		13707		survived		13.804		13.6886		366		305		150		150		150		150		
919		13714		0		13707		survived		13.804		13.6886		367		305		150		150		150		150		
920		13714		0		13707		survived		13.804		13.6886		368		305		150		150		150		150		
921		13714		0		13707		survived		13.804		13.6886		369		305		150		150		150		150		
922		13714		0		13707		survived		13.804		13.6886		370		305		150		150		150		150		
923		13714		0		13707		survived		13.804		13.6886		371		305		150		150		150		150		
924		13714		0		13707		survived		13.804		13.6886		372		305		150		150		150		150		
925		13714		0		13707		survived		13.804		13.6886		373		305		150		150		150		150		
926		13714		0		13707		survived		13.804		13.6886		374		305		150		150		150		150		
927		13714		0		13707		survived		13.804		13.6886		375		305		150		150		150		150		
928		13714		0		13707		survived		13.804		13.6886		376		305		150		150		150		150		
929		13714		0		13707		survived		13.804		13.6886		377		305		150		150		150		150		
930		13714		0		13707		survived		13.804		13.6886		378		305		150		150		150		150		
931		13714		0		13707		survived		13.804		13.6886		379		305		150		150		150		150		
932		13714		0		13707		survived		13.804		13.6886		380		305		150		150		150		150		
933		13714		0		13707		survived		13.804		13.6886		381		305		150		150		150		150		
934		13714		0		13707		survived		13.804		13.6886		382		305		150		150		150		150		
935		13714		0		13707		survived		13.804		13.6886		383		305		150		150		150		150		
936		13714		0		13707		survived		13.804		13.6886		384		305		150		150		150		150		
937		13714		0		13707		survived		13.804		13.6886		385		305		150		150		150		150		
938		13714		0		13707		survived		13.804		13.6886		386		305		150		150		150		150		
939		13714		0		13707		survived		13.804		13.6886		387		305		150		150		150		150		
940		13714		0		13707		survived		13.804		13.6886		388		305		150		150		150		150		
941		13714		0		13707		survived		13.804		13.6886		389		305		150		150		150		150		
942		13714		0		13707		survived		13.804		13.6886		390		305		150		150		150		150		
943		13714		0		13707		survived		13.804		13.6886		391		305		150		150		150		150		
944		13714		0		13707		survived		13.804		13.6886		392		305		150		150		150		150		
945		13714		0		13707		survived		13.804		13.6886		393		305		150		150		150		150		
946		13714		0		13707		survived		13.804		13.6886		394		305		150		150		150		150		
947		13714		0		13707		survived		13.804		13.6886		395		305		150		150		150		150		
948		13714		0		13707		survived		13.804		13.6886		396		305		150		150		150		150		
949		13714		0		13707		survived		13.804		13.6886		397		305		150		150		150		150		
950		13714		0		13707		survived		13.804		13.6886		398		305		150		150		150		150		
951		13714		0		13707		survived		13.804		13.6886		399		305		150		150		150		150		
952		13714		0		13707		survived		13.804		13.6886		400		305		150		150		150		150		
953		13714		0		13707		survived		13.804		13.6886		401		305		150		150		150		150		
954		13714		0		13707		survived		13.804		13.6886		402		305		150		150		150		150		
955		13714		0		13707		survived		13.804		13.6886		403		305		150		150		150		150		
956		13714		0		13707		survived		13.804		13.6886		404		305		150		150		150		150		
957		13714		0		13707		survived		13.804		13.6886		405		305		150		150		150		150		
958		13714		0		13707		survived		13.804		13.6886		406		305		150		150		150		150		
959		13714		0		13707		survived		13.804		13.6886		407		305		150		150		150		150		
960		13714		0		13707		survived		13.804		13.6886		408		305		150		150		150		150		
961		13714		0		13707		survived		13.804		13.6886		409		305		150		150		150		150		
962		15394		0		15312		remove_node		13.804		13.6571		410		410		142		142		142		142		
963		15394		0		15312		survived		13.804		13.6571		411		410		142		142		142		142		
964		15394		0		15312		survived		13.804		13.6571		412		410		142		142		142		142		
965		15394		0		15312		survived		13.804		13.6571		413		410		142		142		142		142		
966		15394		0		15312		survived		13.804		13.6571		414		410		142		142		142		142		
967		15394		0		15312		survived		13.804		13.6571		415		410		142		142		142		142		
968		15394		0		15312		survived		13.804		13.6571		416		410		142		142		142		142		
969		15394		0		15312		survived		13.804		13.6571		417		410		142		142		142		142		
970		15394		0		15312		survived		13.804		13.6571		418		410		142		142		142		142		
971		15394		0		15312		survived		13.804		13.6571		419		410		142		142		142		142		
972		15394		0		15312		survived		13.804		13.6571		420		410		142		142		142		142		
973		15394		0		15312		survived		13.804		13.6571		421		410		142		142		142		142		
974		15394		0		15312		survived		13.804		13.6571		422		410		142		142		142		142		
975		15394		0		15312		survived		13.804		13.6571		423		410		142		142		142		142		
976		15394		0		15312		survived		13.804		13.6571		424		410		142		142		142		142		
977		15394		0		15312		survived		13.804		13.6571		425		410		142		142		142		142		
978		15394		0		15312		survived		13.804		13.6571		426		410		142		142		142		142		
979		15394		0		15312		survived		13.804		13.6571		427		410		142		142		142		142		
980		15394		0		15312		survived		13.804		13.6571		428		410		142		142		142		142		
981		15394		0		15312		survived		13.804		13.6571		429		410		142		142		142		142		
982		15394		0		15312		survived		13.804		13.6571		430		410		142		142		142		142		
983		15394		0		15312		survived		13.804		13.6571		431		410		142		142		142		142		
984		15394		0		15312		survived		13.804		13.6571		432		410		142		142		142		142		
985		15394		0		15312		survived		13.804		13.6571		433		410		142		142		142		142		
986		15394		0		15312		survived		13.804		13.6571		434		410		142		142		142		142		
987		15394		0		15312		survived		13.804		13.6571		435		410		142		142		142		142		
988		15394		0		15312		survived		13.804		13.6571		436		410		142		142		142		142		
989		15394		0		15312		survived		13.804		13.6571		437		410		142		142		142		142		
990		15394		0		15312		survived		13.804		13.6571		438		410		142		142		142		142		
991		15394		0		15312		survived		13.804		13.6571		439		410		142		142		142		142		
992		15394		0		15312		survived		13.804		13.6571		440		410		142		142		142		142		
993		15394		0		15312		survived		13.804		13.6571		441		410		142		142		142		142		
994		15394		0		15312		survived		13.804		13.6571		442		410		142		142		142		142		
995		15394		0		15312		survived		13.804		13.6571		443		410		142		142		142		142		
996		15394		0		15312		survived		13.804		13.6571		444		410		142		142		142		142		
997		15394		0		15312		survived		13.804		13.6571		445		410		142		142		142		142		
998		15394		0		15312		survived		13.804		13.6571		446		410		142		142		142		142		
999		15394		0		15312		survived		13.804		13.6571		447		410		142		142		142		142		
1000		15394		0		15312		survived		13.804		13.6571		448		410		142		142		142		142		
