gen		id		dom		parent_id		variation_type		fitness		parent_fitness		age		parent_age		num_voxels		parent_num_voxels		energy		parent_energy		material_different_from_parent		mean_material		mean_parent_material		mean_parent_diff_material
0		10		0		-1		newly_generated		0.190596		-10000000.0		0		10000000.0		166		10000000.0		73		10000000.0		
1		34		0		-1		newly_generated		0.936972		-10000000.0		0		10000000.0		117		10000000.0		117		10000000.0		
2		55		0		-1		newly_generated		3.14024		-10000000.0		0		10000000.0		216		10000000.0		216		10000000.0		
3		55		0		-1		survived		3.14024		-10000000.0		1		10000000.0		216		10000000.0		216		10000000.0		
4		86		0		63		remove_node		3.51035		2.78956		3		3		117		117		117		117		
5		114		0		86		add_node		4.69059		3.51035		4		4		117		117		117		117		
6		114		0		86		survived		4.69059		3.51035		5		4		117		117		117		117		
7		147		0		114		add_link		4.7087		4.69059		6		6		117		117		117		117		
8		147		0		114		survived		4.7087		4.69059		7		6		117		117		117		117		
9		196		0		147		add_link		4.78418		4.7087		8		8		117		117		117		117		
10		196		0		147		survived		4.78418		4.7087		9		8		117		117		117		117		
11		196		0		147		survived		4.78418		4.7087		10		8		117		117		117		117		
12		269		0		196		add_link		4.80676		4.78418		11		11		117		117		117		117		
13		269		0		196		survived		4.80676		4.78418		12		11		117		117		117		117		
14		269		0		196		survived		4.80676		4.78418		13		11		117		117		117		117		
15		269		0		196		survived		4.80676		4.78418		14		11		117		117		117		117		
16		345		0		215		remove_node		5.31157		4.75955		15		15		106		106		106		106		
17		345		0		215		survived		5.31157		4.75955		16		15		106		106		106		106		
18		345		0		215		survived		5.31157		4.75955		17		15		106		106		106		106		
19		345		0		215		survived		5.31157		4.75955		18		15		106		106		106		106		
20		345		0		215		survived		5.31157		4.75955		19		15		106		106		106		106		
21		345		0		215		survived		5.31157		4.75955		20		15		106		106		106		106		
22		345		0		215		survived		5.31157		4.75955		21		15		106		106		106		106		
23		345		0		215		survived		5.31157		4.75955		22		15		106		106		106		106		
24		345		0		215		survived		5.31157		4.75955		23		15		106		106		106		106		
25		345		0		215		survived		5.31157		4.75955		24		15		106		106		106		106		
26		345		0		215		survived		5.31157		4.75955		25		15		106		106		106		106		
27		345		0		215		survived		5.31157		4.75955		26		15		106		106		106		106		
28		345		0		215		survived		5.31157		4.75955		27		15		106		106		106		106		
29		345		0		215		survived		5.31157		4.75955		28		15		106		106		106		106		
30		345		0		215		survived		5.31157		4.75955		29		15		106		106		106		106		
31		345		0		215		survived		5.31157		4.75955		30		15		106		106		106		106		
32		704		0		640		add_node		5.31157		3.44274		31		31		94		94		94		94		
33		704		0		640		survived		5.31157		3.44274		32		31		94		94		94		94		
34		704		0		640		survived		5.31157		3.44274		33		31		94		94		94		94		
35		704		0		640		survived		5.31157		3.44274		34		31		94		94		94		94		
36		704		0		640		survived		5.31157		3.44274		35		31		94		94		94		94		
37		704		0		640		survived		5.31157		3.44274		36		31		94		94		94		94		
38		704		0		640		survived		5.31157		3.44274		37		31		94		94		94		94		
39		704		0		640		survived		5.31157		3.44274		38		31		94		94		94		94		
40		884		0		860		remove_node		5.6331		5.03168		3		3		216		216		216		216		
41		884		0		860		survived		5.6331		5.03168		4		3		216		216		216		216		
42		884		0		860		survived		5.6331		5.03168		5		3		216		216		216		216		
43		884		0		860		survived		5.6331		5.03168		6		3		216		216		216		216		
44		884		0		860		survived		5.6331		5.03168		7		3		216		216		216		216		
45		992		0		884		remove_link		6.1503		5.6331		8		8		216		216		216		216		
46		992		0		884		survived		6.1503		5.6331		9		8		216		216		216		216		
47		992		0		884		survived		6.1503		5.6331		10		8		216		216		216		216		
48		1057		0		992		add_link		6.18429		6.1503		11		11		216		216		216		216		
49		1057		0		992		survived		6.18429		6.1503		12		11		216		216		216		216		
50		1057		0		992		survived		6.18429		6.1503		13		11		216		216		216		216		
51		1057		0		992		survived		6.18429		6.1503		14		11		216		216		216		216		
52		1145		0		1057		mutate_weight(0.340626593016)		6.20746		6.18429		15		15		216		216		216		216		
53		1145		0		1057		survived		6.20746		6.18429		16		15		216		216		216		216		
54		1145		0		1057		survived		6.20746		6.18429		17		15		216		216		216		216		
55		1210		0		1145		add_link		6.26905		6.20746		18		18		216		216		216		216		
56		1210		0		1145		survived		6.26905		6.20746		19		18		216		216		216		216		
57		1210		0		1145		survived		6.26905		6.20746		20		18		216		216		216		216		
58		1210		0		1145		survived		6.26905		6.20746		21		18		216		216		216		216		
59		1303		0		1270		add_link		6.48458		5.91002		16		16		216		216		216		216		
60		1303		0		1270		survived		6.48458		5.91002		17		16		216		216		216		216		
61		1303		0		1270		survived		6.48458		5.91002		18		16		216		216		216		216		
62		1303		0		1270		survived		6.48458		5.91002		19		16		216		216		216		216		
63		1303		0		1270		survived		6.48458		5.91002		20		16		216		216		216		216		
64		1303		0		1270		survived		6.48458		5.91002		21		16		216		216		216		216		
65		1303		0		1270		survived		6.48458		5.91002		22		16		216		216		216		216		
66		1303		0		1270		survived		6.48458		5.91002		23		16		216		216		216		216		
67		1303		0		1270		survived		6.48458		5.91002		24		16		216		216		216		216		
68		1303		0		1270		survived		6.48458		5.91002		25		16		216		216		216		216		
69		1303		0		1270		survived		6.48458		5.91002		26		16		216		216		216		216		
70		1303		0		1270		survived		6.48458		5.91002		27		16		216		216		216		216		
71		1303		0		1270		survived		6.48458		5.91002		28		16		216		216		216		216		
72		1303		0		1270		survived		6.48458		5.91002		29		16		216		216		216		216		
73		1303		0		1270		survived		6.48458		5.91002		30		16		216		216		216		216		
74		1303		0		1270		survived		6.48458		5.91002		31		16		216		216		216		216		
75		1303		0		1270		survived		6.48458		5.91002		32		16		216		216		216		216		
76		1303		0		1270		survived		6.48458		5.91002		33		16		216		216		216		216		
77		1303		0		1270		survived		6.48458		5.91002		34		16		216		216		216		216		
78		1303		0		1270		survived		6.48458		5.91002		35		16		216		216		216		216		
79		1303		0		1270		survived		6.48458		5.91002		36		16		216		216		216		216		
80		1303		0		1270		survived		6.48458		5.91002		37		16		216		216		216		216		
81		1303		0		1270		survived		6.48458		5.91002		38		16		216		216		216		216		
82		1303		0		1270		survived		6.48458		5.91002		39		16		216		216		216		216		
83		1303		0		1270		survived		6.48458		5.91002		40		16		216		216		216		216		
84		1303		0		1270		survived		6.48458		5.91002		41		16		216		216		216		216		
85		1303		0		1270		survived		6.48458		5.91002		42		16		216		216		216		216		
86		1303		0		1270		survived		6.48458		5.91002		43		16		216		216		216		216		
87		1303		0		1270		survived		6.48458		5.91002		44		16		216		216		216		216		
88		1303		0		1270		survived		6.48458		5.91002		45		16		216		216		216		216		
89		1303		0		1270		survived		6.48458		5.91002		46		16		216		216		216		216		
90		1303		0		1270		survived		6.48458		5.91002		47		16		216		216		216		216		
91		1303		0		1270		survived		6.48458		5.91002		48		16		216		216		216		216		
92		2031		0		1936		remove_link		6.48458		6.48435		49		49		216		216		215		215		
93		2031		0		1936		survived		6.48458		6.48435		50		49		216		216		215		215		
94		2031		0		1936		survived		6.48458		6.48435		51		49		216		216		215		215		
95		2031		0		1936		survived		6.48458		6.48435		52		49		216		216		215		215		
96		2031		0		1936		survived		6.48458		6.48435		53		49		216		216		215		215		
97		2031		0		1936		survived		6.48458		6.48435		54		49		216		216		215		215		
98		2031		0		1936		survived		6.48458		6.48435		55		49		216		216		215		215		
99		2173		0		1959		add_node		6.51229		5.83835		56		56		216		216		207		189		
100		2173		0		1959		survived		6.51229		5.83835		57		56		216		216		207		189		
101		2173		0		1959		survived		6.51229		5.83835		58		56		216		216		207		189		
102		2173		0		1959		survived		6.51229		5.83835		59		56		216		216		207		189		
103		2173		0		1959		survived		6.51229		5.83835		60		56		216		216		207		189		
104		2173		0		1959		survived		6.51229		5.83835		61		56		216		216		207		189		
105		2173		0		1959		survived		6.51229		5.83835		62		56		216		216		207		189		
106		2173		0		1959		survived		6.51229		5.83835		63		56		216		216		207		189		
107		2173		0		1959		survived		6.51229		5.83835		64		56		216		216		207		189		
108		2173		0		1959		survived		6.51229		5.83835		65		56		216		216		207		189		
109		2173		0		1959		survived		6.51229		5.83835		66		56		216		216		207		189		
110		2173		0		1959		survived		6.51229		5.83835		67		56		216		216		207		189		
111		2173		0		1959		survived		6.51229		5.83835		68		56		216		216		207		189		
112		2173		0		1959		survived		6.51229		5.83835		69		56		216		216		207		189		
113		2491		0		2449		mutate_weight(-0.548421324414)		6.52563		6.50764		70		70		216		216		210		204		
114		2491		0		2449		survived		6.52563		6.50764		71		70		216		216		210		204		
115		2491		0		2449		survived		6.52563		6.50764		72		70		216		216		210		204		
116		2491		0		2449		survived		6.52563		6.50764		73		70		216		216		210		204		
117		2491		0		2449		survived		6.52563		6.50764		74		70		216		216		210		204		
118		2491		0		2449		survived		6.52563		6.50764		75		70		216		216		210		204		
119		2491		0		2449		survived		6.52563		6.50764		76		70		216		216		210		204		
120		2491		0		2449		survived		6.52563		6.50764		77		70		216		216		210		204		
121		2491		0		2449		survived		6.52563		6.50764		78		70		216		216		210		204		
122		2491		0		2449		survived		6.52563		6.50764		79		70		216		216		210		204		
123		2491		0		2449		survived		6.52563		6.50764		80		70		216		216		210		204		
124		2491		0		2449		survived		6.52563		6.50764		81		70		216		216		210		204		
125		2491		0		2449		survived		6.52563		6.50764		82		70		216		216		210		204		
126		2491		0		2449		survived		6.52563		6.50764		83		70		216		216		210		204		
127		2793		0		2491		mutate_function(neg_sqrt_abs-to-sqrt_abs)		6.54015		6.52563		84		84		216		216		208		210		
128		2793		0		2491		survived		6.54015		6.52563		85		84		216		216		208		210		
129		2793		0		2491		survived		6.54015		6.52563		86		84		216		216		208		210		
130		2793		0		2491		survived		6.54015		6.52563		87		84		216		216		208		210		
131		2793		0		2491		survived		6.54015		6.52563		88		84		216		216		208		210		
132		2793		0		2491		survived		6.54015		6.52563		89		84		216		216		208		210		
133		2919		0		2793		add_link		6.55764		6.54015		90		90		216		216		208		208		
134		2919		0		2793		survived		6.55764		6.54015		91		90		216		216		208		208		
135		2919		0		2793		survived		6.55764		6.54015		92		90		216		216		208		208		
136		2919		0		2793		survived		6.55764		6.54015		93		90		216		216		208		208		
137		2919		0		2793		survived		6.55764		6.54015		94		90		216		216		208		208		
138		2919		0		2793		survived		6.55764		6.54015		95		90		216		216		208		208		
139		2919		0		2793		survived		6.55764		6.54015		96		90		216		216		208		208		
140		2919		0		2793		survived		6.55764		6.54015		97		90		216		216		208		208		
141		2919		0		2793		survived		6.55764		6.54015		98		90		216		216		208		208		
142		2919		0		2793		survived		6.55764		6.54015		99		90		216		216		208		208		
143		2919		0		2793		survived		6.55764		6.54015		100		90		216		216		208		208		
144		3164		0		2919		mutate_function(absolute-to-neg_abs)		6.69419		6.55764		101		101		216		216		208		208		
145		3196		0		3164		mutate_weight(-1.06274143227)		6.9582		6.69419		102		102		216		216		210		208		
146		3196		0		3164		survived		6.9582		6.69419		103		102		216		216		210		208		
147		3230		0		3196		add_node		6.96685		6.9582		104		104		216		216		211		210		
148		3230		0		3196		survived		6.96685		6.9582		105		104		216		216		211		210		
149		3280		0		3196		mutate_function(sqrt_abs-to-square)		6.96685		6.9582		106		106		216		216		210		210		
150		3280		0		3196		survived		6.96685		6.9582		107		106		216		216		210		210		
151		3280		0		3196		survived		6.96685		6.9582		108		106		216		216		210		210		
152		3280		0		3196		survived		6.96685		6.9582		109		106		216		216		210		210		
153		3280		0		3196		survived		6.96685		6.9582		110		106		216		216		210		210		
154		3280		0		3196		survived		6.96685		6.9582		111		106		216		216		210		210		
155		3280		0		3196		survived		6.96685		6.9582		112		106		216		216		210		210		
156		3280		0		3196		survived		6.96685		6.9582		113		106		216		216		210		210		
157		3280		0		3196		survived		6.96685		6.9582		114		106		216		216		210		210		
158		3280		0		3196		survived		6.96685		6.9582		115		106		216		216		210		210		
159		3280		0		3196		survived		6.96685		6.9582		116		106		216		216		210		210		
160		3280		0		3196		survived		6.96685		6.9582		117		106		216		216		210		210		
161		3280		0		3196		survived		6.96685		6.9582		118		106		216		216		210		210		
162		3280		0		3196		survived		6.96685		6.9582		119		106		216		216		210		210		
163		3280		0		3196		survived		6.96685		6.9582		120		106		216		216		210		210		
164		3280		0		3196		survived		6.96685		6.9582		121		106		216		216		210		210		
165		3280		0		3196		survived		6.96685		6.9582		122		106		216		216		210		210		
166		3280		0		3196		survived		6.96685		6.9582		123		106		216		216		210		210		
167		3280		0		3196		survived		6.96685		6.9582		124		106		216		216		210		210		
168		3280		0		3196		survived		6.96685		6.9582		125		106		216		216		210		210		
169		3280		0		3196		survived		6.96685		6.9582		126		106		216		216		210		210		
170		3740		0		3675		add_node		7.09248		6.74382		127		127		216		216		210		207		
171		3740		0		3675		survived		7.09248		6.74382		128		127		216		216		210		207		
172		3740		0		3675		survived		7.09248		6.74382		129		127		216		216		210		207		
173		3740		0		3675		survived		7.09248		6.74382		130		127		216		216		210		207		
174		3740		0		3675		survived		7.09248		6.74382		131		127		216		216		210		207		
175		3740		0		3675		survived		7.09248		6.74382		132		127		216		216		210		207		
176		3740		0		3675		survived		7.09248		6.74382		133		127		216		216		210		207		
177		3740		0		3675		survived		7.09248		6.74382		134		127		216		216		210		207		
178		3740		0		3675		survived		7.09248		6.74382		135		127		216		216		210		207		
179		3740		0		3675		survived		7.09248		6.74382		136		127		216		216		210		207		
180		3740		0		3675		survived		7.09248		6.74382		137		127		216		216		210		207		
181		3740		0		3675		survived		7.09248		6.74382		138		127		216		216		210		207		
182		3740		0		3675		survived		7.09248		6.74382		139		127		216		216		210		207		
183		3740		0		3675		survived		7.09248		6.74382		140		127		216		216		210		207		
184		3740		0		3675		survived		7.09248		6.74382		141		127		216		216		210		207		
185		3740		0		3675		survived		7.09248		6.74382		142		127		216		216		210		207		
186		3740		0		3675		survived		7.09248		6.74382		143		127		216		216		210		207		
187		3740		0		3675		survived		7.09248		6.74382		144		127		216		216		210		207		
188		3740		0		3675		survived		7.09248		6.74382		145		127		216		216		210		207		
189		3740		0		3675		survived		7.09248		6.74382		146		127		216		216		210		207		
190		3740		0		3675		survived		7.09248		6.74382		147		127		216		216		210		207		
191		3740		0		3675		survived		7.09248		6.74382		148		127		216		216		210		207		
192		3740		0		3675		survived		7.09248		6.74382		149		127		216		216		210		207		
193		3740		0		3675		survived		7.09248		6.74382		150		127		216		216		210		207		
194		3740		0		3675		survived		7.09248		6.74382		151		127		216		216		210		207		
195		3740		0		3675		survived		7.09248		6.74382		152		127		216		216		210		207		
196		3740		0		3675		survived		7.09248		6.74382		153		127		216		216		210		207		
197		3740		0		3675		survived		7.09248		6.74382		154		127		216		216		210		207		
198		3740		0		3675		survived		7.09248		6.74382		155		127		216		216		210		207		
199		3740		0		3675		survived		7.09248		6.74382		156		127		216		216		210		207		
200		3740		0		3675		survived		7.09248		6.74382		157		127		216		216		210		207		
201		3740		0		3675		survived		7.09248		6.74382		158		127		216		216		210		207		
202		3740		0		3675		survived		7.09248		6.74382		159		127		216		216		210		207		
203		3740		0		3675		survived		7.09248		6.74382		160		127		216		216		210		207		
204		3740		0		3675		survived		7.09248		6.74382		161		127		216		216		210		207		
205		3740		0		3675		survived		7.09248		6.74382		162		127		216		216		210		207		
206		3740		0		3675		survived		7.09248		6.74382		163		127		216		216		210		207		
207		3740		0		3675		survived		7.09248		6.74382		164		127		216		216		210		207		
208		3740		0		3675		survived		7.09248		6.74382		165		127		216		216		210		207		
209		3740		0		3675		survived		7.09248		6.74382		166		127		216		216		210		207		
210		3740		0		3675		survived		7.09248		6.74382		167		127		216		216		210		207		
211		3740		0		3675		survived		7.09248		6.74382		168		127		216		216		210		207		
212		3740		0		3675		survived		7.09248		6.74382		169		127		216		216		210		207		
213		3740		0		3675		survived		7.09248		6.74382		170		127		216		216		210		207		
214		3740		0		3675		survived		7.09248		6.74382		171		127		216		216		210		207		
215		3740		0		3675		survived		7.09248		6.74382		172		127		216		216		210		207		
216		3740		0		3675		survived		7.09248		6.74382		173		127		216		216		210		207		
217		3740		0		3675		survived		7.09248		6.74382		174		127		216		216		210		207		
218		3740		0		3675		survived		7.09248		6.74382		175		127		216		216		210		207		
219		3740		0		3675		survived		7.09248		6.74382		176		127		216		216		210		207		
220		3740		0		3675		survived		7.09248		6.74382		177		127		216		216		210		207		
221		3740		0		3675		survived		7.09248		6.74382		178		127		216		216		210		207		
222		3740		0		3675		survived		7.09248		6.74382		179		127		216		216		210		207		
223		3740		0		3675		survived		7.09248		6.74382		180		127		216		216		210		207		
224		3740		0		3675		survived		7.09248		6.74382		181		127		216		216		210		207		
225		3740		0		3675		survived		7.09248		6.74382		182		127		216		216		210		207		
226		3740		0		3675		survived		7.09248		6.74382		183		127		216		216		210		207		
227		3740		0		3675		survived		7.09248		6.74382		184		127		216		216		210		207		
228		3740		0		3675		survived		7.09248		6.74382		185		127		216		216		210		207		
229		3740		0		3675		survived		7.09248		6.74382		186		127		216		216		210		207		
230		3740		0		3675		survived		7.09248		6.74382		187		127		216		216		210		207		
231		3740		0		3675		survived		7.09248		6.74382		188		127		216		216		210		207		
232		3740		0		3675		survived		7.09248		6.74382		189		127		216		216		210		207		
233		3740		0		3675		survived		7.09248		6.74382		190		127		216		216		210		207		
234		3740		0		3675		survived		7.09248		6.74382		191		127		216		216		210		207		
235		3740		0		3675		survived		7.09248		6.74382		192		127		216		216		210		207		
236		3740		0		3675		survived		7.09248		6.74382		193		127		216		216		210		207		
237		3740		0		3675		survived		7.09248		6.74382		194		127		216		216		210		207		
238		3740		0		3675		survived		7.09248		6.74382		195		127		216		216		210		207		
239		3740		0		3675		survived		7.09248		6.74382		196		127		216		216		210		207		
240		3740		0		3675		survived		7.09248		6.74382		197		127		216		216		210		207		
241		3740		0		3675		survived		7.09248		6.74382		198		127		216		216		210		207		
242		3740		0		3675		survived		7.09248		6.74382		199		127		216		216		210		207		
243		3740		0		3675		survived		7.09248		6.74382		200		127		216		216		210		207		
244		3740		0		3675		survived		7.09248		6.74382		201		127		216		216		210		207		
245		3740		0		3675		survived		7.09248		6.74382		202		127		216		216		210		207		
246		3740		0		3675		survived		7.09248		6.74382		203		127		216		216		210		207		
247		3740		0		3675		survived		7.09248		6.74382		204		127		216		216		210		207		
248		3740		0		3675		survived		7.09248		6.74382		205		127		216		216		210		207		
249		3740		0		3675		survived		7.09248		6.74382		206		127		216		216		210		207		
250		3740		0		3675		survived		7.09248		6.74382		207		127		216		216		210		207		
251		3740		0		3675		survived		7.09248		6.74382		208		127		216		216		210		207		
252		3740		0		3675		survived		7.09248		6.74382		209		127		216		216		210		207		
253		3740		0		3675		survived		7.09248		6.74382		210		127		216		216		210		207		
254		3740		0		3675		survived		7.09248		6.74382		211		127		216		216		210		207		
255		3740		0		3675		survived		7.09248		6.74382		212		127		216		216		210		207		
256		3740		0		3675		survived		7.09248		6.74382		213		127		216		216		210		207		
257		3740		0		3675		survived		7.09248		6.74382		214		127		216		216		210		207		
258		3740		0		3675		survived		7.09248		6.74382		215		127		216		216		210		207		
259		3740		0		3675		survived		7.09248		6.74382		216		127		216		216		210		207		
260		3740		0		3675		survived		7.09248		6.74382		217		127		216		216		210		207		
261		3740		0		3675		survived		7.09248		6.74382		218		127		216		216		210		207		
262		3740		0		3675		survived		7.09248		6.74382		219		127		216		216		210		207		
263		3740		0		3675		survived		7.09248		6.74382		220		127		216		216		210		207		
264		3740		0		3675		survived		7.09248		6.74382		221		127		216		216		210		207		
265		3740		0		3675		survived		7.09248		6.74382		222		127		216		216		210		207		
266		3740		0		3675		survived		7.09248		6.74382		223		127		216		216		210		207		
267		3740		0		3675		survived		7.09248		6.74382		224		127		216		216		210		207		
268		3740		0		3675		survived		7.09248		6.74382		225		127		216		216		210		207		
269		3740		0		3675		survived		7.09248		6.74382		226		127		216		216		210		207		
270		3740		0		3675		survived		7.09248		6.74382		227		127		216		216		210		207		
271		3740		0		3675		survived		7.09248		6.74382		228		127		216		216		210		207		
272		3740		0		3675		survived		7.09248		6.74382		229		127		216		216		210		207		
273		3740		0		3675		survived		7.09248		6.74382		230		127		216		216		210		207		
274		3740		0		3675		survived		7.09248		6.74382		231		127		216		216		210		207		
275		3740		0		3675		survived		7.09248		6.74382		232		127		216		216		210		207		
276		3740		0		3675		survived		7.09248		6.74382		233		127		216		216		210		207		
277		3740		0		3675		survived		7.09248		6.74382		234		127		216		216		210		207		
278		3740		0		3675		survived		7.09248		6.74382		235		127		216		216		210		207		
279		3740		0		3675		survived		7.09248		6.74382		236		127		216		216		210		207		
280		3740		0		3675		survived		7.09248		6.74382		237		127		216		216		210		207		
281		3740		0		3675		survived		7.09248		6.74382		238		127		216		216		210		207		
282		3740		0		3675		survived		7.09248		6.74382		239		127		216		216		210		207		
283		3740		0		3675		survived		7.09248		6.74382		240		127		216		216		210		207		
284		3740		0		3675		survived		7.09248		6.74382		241		127		216		216		210		207		
285		3740		0		3675		survived		7.09248		6.74382		242		127		216		216		210		207		
286		3740		0		3675		survived		7.09248		6.74382		243		127		216		216		210		207		
287		3740		0		3675		survived		7.09248		6.74382		244		127		216		216		210		207		
288		3740		0		3675		survived		7.09248		6.74382		245		127		216		216		210		207		
289		3740		0		3675		survived		7.09248		6.74382		246		127		216		216		210		207		
290		3740		0		3675		survived		7.09248		6.74382		247		127		216		216		210		207		
291		3740		0		3675		survived		7.09248		6.74382		248		127		216		216		210		207		
292		3740		0		3675		survived		7.09248		6.74382		249		127		216		216		210		207		
293		3740		0		3675		survived		7.09248		6.74382		250		127		216		216		210		207		
294		3740		0		3675		survived		7.09248		6.74382		251		127		216		216		210		207		
295		3740		0		3675		survived		7.09248		6.74382		252		127		216		216		210		207		
296		3740		0		3675		survived		7.09248		6.74382		253		127		216		216		210		207		
297		3740		0		3675		survived		7.09248		6.74382		254		127		216		216		210		207		
298		3740		0		3675		survived		7.09248		6.74382		255		127		216		216		210		207		
299		3740		0		3675		survived		7.09248		6.74382		256		127		216		216		210		207		
300		3740		0		3675		survived		7.09248		6.74382		257		127		216		216		210		207		
301		3740		0		3675		survived		7.09248		6.74382		258		127		216		216		210		207		
302		3740		0		3675		survived		7.09248		6.74382		259		127		216		216		210		207		
303		3740		0		3675		survived		7.09248		6.74382		260		127		216		216		210		207		
304		3740		0		3675		survived		7.09248		6.74382		261		127		216		216		210		207		
305		3740		0		3675		survived		7.09248		6.74382		262		127		216		216		210		207		
306		3740		0		3675		survived		7.09248		6.74382		263		127		216		216		210		207		
307		3740		0		3675		survived		7.09248		6.74382		264		127		216		216		210		207		
308		3740		0		3675		survived		7.09248		6.74382		265		127		216		216		210		207		
309		3740		0		3675		survived		7.09248		6.74382		266		127		216		216		210		207		
310		3740		0		3675		survived		7.09248		6.74382		267		127		216		216		210		207		
311		3740		0		3675		survived		7.09248		6.74382		268		127		216		216		210		207		
312		3740		0		3675		survived		7.09248		6.74382		269		127		216		216		210		207		
313		3740		0		3675		survived		7.09248		6.74382		270		127		216		216		210		207		
314		3740		0		3675		survived		7.09248		6.74382		271		127		216		216		210		207		
315		3740		0		3675		survived		7.09248		6.74382		272		127		216		216		210		207		
316		3740		0		3675		survived		7.09248		6.74382		273		127		216		216		210		207		
317		3740		0		3675		survived		7.09248		6.74382		274		127		216		216		210		207		
318		3740		0		3675		survived		7.09248		6.74382		275		127		216		216		210		207		
319		3740		0		3675		survived		7.09248		6.74382		276		127		216		216		210		207		
320		3740		0		3675		survived		7.09248		6.74382		277		127		216		216		210		207		
321		3740		0		3675		survived		7.09248		6.74382		278		127		216		216		210		207		
322		3740		0		3675		survived		7.09248		6.74382		279		127		216		216		210		207		
323		3740		0		3675		survived		7.09248		6.74382		280		127		216		216		210		207		
324		3740		0		3675		survived		7.09248		6.74382		281		127		216		216		210		207		
325		3740		0		3675		survived		7.09248		6.74382		282		127		216		216		210		207		
326		3740		0		3675		survived		7.09248		6.74382		283		127		216		216		210		207		
327		7194		0		3740		mutate_function(absolute-to-sin)		7.3749		7.09248		284		284		210		216		204		210		
328		7194		0		3740		survived		7.3749		7.09248		285		284		210		216		204		210		
329		7194		0		3740		survived		7.3749		7.09248		286		284		210		216		204		210		
330		7194		0		3740		survived		7.3749		7.09248		287		284		210		216		204		210		
331		7284		0		7194		add_link		7.38293		7.3749		288		288		210		210		206		204		
332		7284		0		7194		survived		7.38293		7.3749		289		288		210		210		206		204		
333		7284		0		7194		survived		7.38293		7.3749		290		288		210		210		206		204		
334		7284		0		7194		survived		7.38293		7.3749		291		288		210		210		206		204		
335		7368		0		7194		add_node		7.47058		7.3749		292		292		210		210		204		204		
336		7398		0		7368		add_link		7.58107		7.47058		293		293		210		210		206		204		
337		7398		0		7368		survived		7.58107		7.47058		294		293		210		210		206		204		
338		7398		0		7368		survived		7.58107		7.47058		295		293		210		210		206		204		
339		7398		0		7368		survived		7.58107		7.47058		296		293		210		210		206		204		
340		7398		0		7368		survived		7.58107		7.47058		297		293		210		210		206		204		
341		7398		0		7368		survived		7.58107		7.47058		298		293		210		210		206		204		
342		7524		0		7368		mutate_weight(0.126099182017)		7.58458		7.47058		299		299		207		210		201		204		
343		7524		0		7368		survived		7.58458		7.47058		300		299		207		210		201		204		
344		7524		0		7368		survived		7.58458		7.47058		301		299		207		210		201		204		
345		7593		0		7567		add_link		7.62823		7.26432		302		302		207		207		203		200		
346		7593		0		7567		survived		7.62823		7.26432		303		302		207		207		203		200		
347		7637		0		7524		mutate_weight(-0.204832802224)		7.82018		7.58458		304		304		207		207		207		201		
348		7655		0		7637		add_node		8.6338		7.82018		305		305		199		207		199		207		
349		7655		0		7637		survived		8.6338		7.82018		306		305		199		207		199		207		
350		7655		0		7637		survived		8.6338		7.82018		307		305		199		207		199		207		
351		7655		0		7637		survived		8.6338		7.82018		308		305		199		207		199		207		
352		7655		0		7637		survived		8.6338		7.82018		309		305		199		207		199		207		
353		7771		0		7655		remove_link		8.63789		8.6338		310		310		198		199		198		199		
354		7771		0		7655		survived		8.63789		8.6338		311		310		198		199		198		199		
355		7771		0		7655		survived		8.63789		8.6338		312		310		198		199		198		199		
356		7771		0		7655		survived		8.63789		8.6338		313		310		198		199		198		199		
357		7771		0		7655		survived		8.63789		8.6338		314		310		198		199		198		199		
358		7771		0		7655		survived		8.63789		8.6338		315		310		198		199		198		199		
359		7771		0		7655		survived		8.63789		8.6338		316		310		198		199		198		199		
360		7771		0		7655		survived		8.63789		8.6338		317		310		198		199		198		199		
361		7949		0		7915		remove_link		8.63789		7.25006		318		318		198		198		189		189		
362		7949		0		7915		survived		8.63789		7.25006		319		318		198		198		189		189		
363		7949		0		7915		survived		8.63789		7.25006		320		318		198		198		189		189		
364		7949		0		7915		survived		8.63789		7.25006		321		318		198		198		189		189		
365		7949		0		7915		survived		8.63789		7.25006		322		318		198		198		189		189		
366		7949		0		7915		survived		8.63789		7.25006		323		318		198		198		189		189		
367		7949		0		7915		survived		8.63789		7.25006		324		318		198		198		189		189		
368		7949		0		7915		survived		8.63789		7.25006		325		318		198		198		189		189		
369		7949		0		7915		survived		8.63789		7.25006		326		318		198		198		189		189		
370		7949		0		7915		survived		8.63789		7.25006		327		318		198		198		189		189		
371		7949		0		7915		survived		8.63789		7.25006		328		318		198		198		189		189		
372		7949		0		7915		survived		8.63789		7.25006		329		318		198		198		189		189		
373		7949		0		7915		survived		8.63789		7.25006		330		318		198		198		189		189		
374		7949		0		7915		survived		8.63789		7.25006		331		318		198		198		189		189		
375		8245		0		8117		mutate_weight(0.0634265618438)		8.68764		8.55302		332		332		193		191		184		182		
376		8245		0		8117		survived		8.68764		8.55302		333		332		193		191		184		182		
377		8245		0		8117		survived		8.68764		8.55302		334		332		193		191		184		182		
378		8245		0		8117		survived		8.68764		8.55302		335		332		193		191		184		182		
379		8245		0		8117		survived		8.68764		8.55302		336		332		193		191		184		182		
380		8245		0		8117		survived		8.68764		8.55302		337		332		193		191		184		182		
381		8389		0		8245		add_link		8.72747		8.68764		338		338		193		193		185		184		
382		8389		0		8245		survived		8.72747		8.68764		339		338		193		193		185		184		
383		8389		0		8245		survived		8.72747		8.68764		340		338		193		193		185		184		
384		8389		0		8245		survived		8.72747		8.68764		341		338		193		193		185		184		
385		8470		0		8421		mutate_function(sin-to-square)		9.08128		8.45594		342		342		193		193		193		169		
386		8470		0		8421		survived		9.08128		8.45594		343		342		193		193		193		169		
387		8470		0		8421		survived		9.08128		8.45594		344		342		193		193		193		169		
388		8470		0		8421		survived		9.08128		8.45594		345		342		193		193		193		169		
389		8553		0		8470		add_node		9.24859		9.08128		346		346		190		193		190		193		
390		8553		0		8470		survived		9.24859		9.08128		347		346		190		193		190		193		
391		8553		0		8470		survived		9.24859		9.08128		348		346		190		193		190		193		
392		8553		0		8470		survived		9.24859		9.08128		349		346		190		193		190		193		
393		8653		0		8553		add_link		9.28433		9.24859		350		350		190		190		190		190		
394		8653		0		8553		survived		9.28433		9.24859		351		350		190		190		190		190		
395		8687		0		8653		mutate_weight(-0.0666655414873)		9.33478		9.28433		352		352		189		190		189		190		
396		8687		0		8653		survived		9.33478		9.28433		353		352		189		190		189		190		
397		8687		0		8653		survived		9.33478		9.28433		354		352		189		190		189		190		
398		8687		0		8653		survived		9.33478		9.28433		355		352		189		190		189		190		
399		8778		0		8687		add_node		9.37959		9.33478		356		356		189		189		189		189		
400		8778		0		8687		survived		9.37959		9.33478		357		356		189		189		189		189		
401		8778		0		8687		survived		9.37959		9.33478		358		356		189		189		189		189		
402		8778		0		8687		survived		9.37959		9.33478		359		356		189		189		189		189		
403		8778		0		8687		survived		9.37959		9.33478		360		356		189		189		189		189		
404		8778		0		8687		survived		9.37959		9.33478		361		356		189		189		189		189		
405		8778		0		8687		survived		9.37959		9.33478		362		356		189		189		189		189		
406		8778		0		8687		survived		9.37959		9.33478		363		356		189		189		189		189		
407		8778		0		8687		survived		9.37959		9.33478		364		356		189		189		189		189		
408		8778		0		8687		survived		9.37959		9.33478		365		356		189		189		189		189		
409		8778		0		8687		survived		9.37959		9.33478		366		356		189		189		189		189		
410		8778		0		8687		survived		9.37959		9.33478		367		356		189		189		189		189		
411		8778		0		8687		survived		9.37959		9.33478		368		356		189		189		189		189		
412		8778		0		8687		survived		9.37959		9.33478		369		356		189		189		189		189		
413		8778		0		8687		survived		9.37959		9.33478		370		356		189		189		189		189		
414		8778		0		8687		survived		9.37959		9.33478		371		356		189		189		189		189		
415		8778		0		8687		survived		9.37959		9.33478		372		356		189		189		189		189		
416		8778		0		8687		survived		9.37959		9.33478		373		356		189		189		189		189		
417		8778		0		8687		survived		9.37959		9.33478		374		356		189		189		189		189		
418		8778		0		8687		survived		9.37959		9.33478		375		356		189		189		189		189		
419		8778		0		8687		survived		9.37959		9.33478		376		356		189		189		189		189		
420		8778		0		8687		survived		9.37959		9.33478		377		356		189		189		189		189		
421		8778		0		8687		survived		9.37959		9.33478		378		356		189		189		189		189		
422		8778		0		8687		survived		9.37959		9.33478		379		356		189		189		189		189		
423		9305		0		8778		remove_link		9.39474		9.37959		380		380		189		189		189		189		
424		9305		0		8778		survived		9.39474		9.37959		381		380		189		189		189		189		
425		9305		0		8778		survived		9.39474		9.37959		382		380		189		189		189		189		
426		9305		0		8778		survived		9.39474		9.37959		383		380		189		189		189		189		
427		9305		0		8778		survived		9.39474		9.37959		384		380		189		189		189		189		
428		9305		0		8778		survived		9.39474		9.37959		385		380		189		189		189		189		
429		9305		0		8778		survived		9.39474		9.37959		386		380		189		189		189		189		
430		9305		0		8778		survived		9.39474		9.37959		387		380		189		189		189		189		
431		9305		0		8778		survived		9.39474		9.37959		388		380		189		189		189		189		
432		9305		0		8778		survived		9.39474		9.37959		389		380		189		189		189		189		
433		9305		0		8778		survived		9.39474		9.37959		390		380		189		189		189		189		
434		9305		0		8778		survived		9.39474		9.37959		391		380		189		189		189		189		
435		9305		0		8778		survived		9.39474		9.37959		392		380		189		189		189		189		
436		9305		0		8778		survived		9.39474		9.37959		393		380		189		189		189		189		
437		9305		0		8778		survived		9.39474		9.37959		394		380		189		189		189		189		
438		9305		0		8778		survived		9.39474		9.37959		395		380		189		189		189		189		
439		9305		0		8778		survived		9.39474		9.37959		396		380		189		189		189		189		
440		9305		0		8778		survived		9.39474		9.37959		397		380		189		189		189		189		
441		9696		0		9526		remove_link		9.66261		9.34384		398		398		186		185		186		185		
442		9696		0		9526		survived		9.66261		9.34384		399		398		186		185		186		185		
443		9696		0		9526		survived		9.66261		9.34384		400		398		186		185		186		185		
444		9696		0		9526		survived		9.66261		9.34384		401		398		186		185		186		185		
445		9696		0		9526		survived		9.66261		9.34384		402		398		186		185		186		185		
446		9696		0		9526		survived		9.66261		9.34384		403		398		186		185		186		185		
447		9696		0		9526		survived		9.66261		9.34384		404		398		186		185		186		185		
448		9696		0		9526		survived		9.66261		9.34384		405		398		186		185		186		185		
449		9696		0		9526		survived		9.66261		9.34384		406		398		186		185		186		185		
450		9696		0		9526		survived		9.66261		9.34384		407		398		186		185		186		185		
451		9696		0		9526		survived		9.66261		9.34384		408		398		186		185		186		185		
452		9696		0		9526		survived		9.66261		9.34384		409		398		186		185		186		185		
453		9696		0		9526		survived		9.66261		9.34384		410		398		186		185		186		185		
454		9696		0		9526		survived		9.66261		9.34384		411		398		186		185		186		185		
455		9696		0		9526		survived		9.66261		9.34384		412		398		186		185		186		185		
456		9696		0		9526		survived		9.66261		9.34384		413		398		186		185		186		185		
457		9696		0		9526		survived		9.66261		9.34384		414		398		186		185		186		185		
458		9696		0		9526		survived		9.66261		9.34384		415		398		186		185		186		185		
459		9696		0		9526		survived		9.66261		9.34384		416		398		186		185		186		185		
460		9696		0		9526		survived		9.66261		9.34384		417		398		186		185		186		185		
461		9696		0		9526		survived		9.66261		9.34384		418		398		186		185		186		185		
462		9696		0		9526		survived		9.66261		9.34384		419		398		186		185		186		185		
463		9696		0		9526		survived		9.66261		9.34384		420		398		186		185		186		185		
464		9696		0		9526		survived		9.66261		9.34384		421		398		186		185		186		185		
465		10234		0		9951		remove_link		9.66261		8.35811		422		422		168		168		168		168		
466		10234		0		9951		survived		9.66261		8.35811		423		422		168		168		168		168		
467		10234		0		9951		survived		9.66261		8.35811		424		422		168		168		168		168		
468		10234		0		9951		survived		9.66261		8.35811		425		422		168		168		168		168		
469		10234		0		9951		survived		9.66261		8.35811		426		422		168		168		168		168		
470		10234		0		9951		survived		9.66261		8.35811		427		422		168		168		168		168		
471		10234		0		9951		survived		9.66261		8.35811		428		422		168		168		168		168		
472		10234		0		9951		survived		9.66261		8.35811		429		422		168		168		168		168		
473		10234		0		9951		survived		9.66261		8.35811		430		422		168		168		168		168		
474		10234		0		9951		survived		9.66261		8.35811		431		422		168		168		168		168		
475		10234		0		9951		survived		9.66261		8.35811		432		422		168		168		168		168		
476		10234		0		9951		survived		9.66261		8.35811		433		422		168		168		168		168		
477		10234		0		9951		survived		9.66261		8.35811		434		422		168		168		168		168		
478		10234		0		9951		survived		9.66261		8.35811		435		422		168		168		168		168		
479		10234		0		9951		survived		9.66261		8.35811		436		422		168		168		168		168		
480		10234		0		9951		survived		9.66261		8.35811		437		422		168		168		168		168		
481		10234		0		9951		survived		9.66261		8.35811		438		422		168		168		168		168		
482		10234		0		9951		survived		9.66261		8.35811		439		422		168		168		168		168		
483		10234		0		9951		survived		9.66261		8.35811		440		422		168		168		168		168		
484		10234		0		9951		survived		9.66261		8.35811		441		422		168		168		168		168		
485		10234		0		9951		survived		9.66261		8.35811		442		422		168		168		168		168		
486		10234		0		9951		survived		9.66261		8.35811		443		422		168		168		168		168		
487		10234		0		9951		survived		9.66261		8.35811		444		422		168		168		168		168		
488		10234		0		9951		survived		9.66261		8.35811		445		422		168		168		168		168		
489		10234		0		9951		survived		9.66261		8.35811		446		422		168		168		168		168		
490		10234		0		9951		survived		9.66261		8.35811		447		422		168		168		168		168		
491		10234		0		9951		survived		9.66261		8.35811		448		422		168		168		168		168		
492		10234		0		9951		survived		9.66261		8.35811		449		422		168		168		168		168		
493		10234		0		9951		survived		9.66261		8.35811		450		422		168		168		168		168		
494		10234		0		9951		survived		9.66261		8.35811		451		422		168		168		168		168		
495		10234		0		9951		survived		9.66261		8.35811		452		422		168		168		168		168		
496		10234		0		9951		survived		9.66261		8.35811		453		422		168		168		168		168		
497		10234		0		9951		survived		9.66261		8.35811		454		422		168		168		168		168		
498		10234		0		9951		survived		9.66261		8.35811		455		422		168		168		168		168		
499		10234		0		9951		survived		9.66261		8.35811		456		422		168		168		168		168		
500		10234		0		9951		survived		9.66261		8.35811		457		422		168		168		168		168		
501		10234		0		9951		survived		9.66261		8.35811		458		422		168		168		168		168		
502		10234		0		9951		survived		9.66261		8.35811		459		422		168		168		168		168		
503		10234		0		9951		survived		9.66261		8.35811		460		422		168		168		168		168		
504		10234		0		9951		survived		9.66261		8.35811		461		422		168		168		168		168		
505		10234		0		9951		survived		9.66261		8.35811		462		422		168		168		168		168		
506		10234		0		9951		survived		9.66261		8.35811		463		422		168		168		168		168		
507		10234		0		9951		survived		9.66261		8.35811		464		422		168		168		168		168		
508		10234		0		9951		survived		9.66261		8.35811		465		422		168		168		168		168		
509		10234		0		9951		survived		9.66261		8.35811		466		422		168		168		168		168		
510		10234		0		9951		survived		9.66261		8.35811		467		422		168		168		168		168		
511		10234		0		9951		survived		9.66261		8.35811		468		422		168		168		168		168		
512		10234		0		9951		survived		9.66261		8.35811		469		422		168		168		168		168		
513		10234		0		9951		survived		9.66261		8.35811		470		422		168		168		168		168		
514		10234		0		9951		survived		9.66261		8.35811		471		422		168		168		168		168		
515		10234		0		9951		survived		9.66261		8.35811		472		422		168		168		168		168		
516		10234		0		9951		survived		9.66261		8.35811		473		422		168		168		168		168		
517		10234		0		9951		survived		9.66261		8.35811		474		422		168		168		168		168		
518		10234		0		9951		survived		9.66261		8.35811		475		422		168		168		168		168		
519		10234		0		9951		survived		9.66261		8.35811		476		422		168		168		168		168		
520		10234		0		9951		survived		9.66261		8.35811		477		422		168		168		168		168		
521		10234		0		9951		survived		9.66261		8.35811		478		422		168		168		168		168		
522		10234		0		9951		survived		9.66261		8.35811		479		422		168		168		168		168		
523		10234		0		9951		survived		9.66261		8.35811		480		422		168		168		168		168		
524		10234		0		9951		survived		9.66261		8.35811		481		422		168		168		168		168		
525		10234		0		9951		survived		9.66261		8.35811		482		422		168		168		168		168		
526		10234		0		9951		survived		9.66261		8.35811		483		422		168		168		168		168		
527		10234		0		9951		survived		9.66261		8.35811		484		422		168		168		168		168		
528		10234		0		9951		survived		9.66261		8.35811		485		422		168		168		168		168		
529		10234		0		9951		survived		9.66261		8.35811		486		422		168		168		168		168		
530		10234		0		9951		survived		9.66261		8.35811		487		422		168		168		168		168		
531		10234		0		9951		survived		9.66261		8.35811		488		422		168		168		168		168		
532		10234		0		9951		survived		9.66261		8.35811		489		422		168		168		168		168		
533		10234		0		9951		survived		9.66261		8.35811		490		422		168		168		168		168		
534		10234		0		9951		survived		9.66261		8.35811		491		422		168		168		168		168		
535		10234		0		9951		survived		9.66261		8.35811		492		422		168		168		168		168		
536		10234		0		9951		survived		9.66261		8.35811		493		422		168		168		168		168		
537		10234		0		9951		survived		9.66261		8.35811		494		422		168		168		168		168		
538		10234		0		9951		survived		9.66261		8.35811		495		422		168		168		168		168		
539		10234		0		9951		survived		9.66261		8.35811		496		422		168		168		168		168		
540		10234		0		9951		survived		9.66261		8.35811		497		422		168		168		168		168		
541		10234		0		9951		survived		9.66261		8.35811		498		422		168		168		168		168		
542		10234		0		9951		survived		9.66261		8.35811		499		422		168		168		168		168		
543		10234		0		9951		survived		9.66261		8.35811		500		422		168		168		168		168		
544		10234		0		9951		survived		9.66261		8.35811		501		422		168		168		168		168		
545		10234		0		9951		survived		9.66261		8.35811		502		422		168		168		168		168		
546		10234		0		9951		survived		9.66261		8.35811		503		422		168		168		168		168		
547		10234		0		9951		survived		9.66261		8.35811		504		422		168		168		168		168		
548		10234		0		9951		survived		9.66261		8.35811		505		422		168		168		168		168		
549		10234		0		9951		survived		9.66261		8.35811		506		422		168		168		168		168		
550		10234		0		9951		survived		9.66261		8.35811		507		422		168		168		168		168		
551		10234		0		9951		survived		9.66261		8.35811		508		422		168		168		168		168		
552		10234		0		9951		survived		9.66261		8.35811		509		422		168		168		168		168		
553		10234		0		9951		survived		9.66261		8.35811		510		422		168		168		168		168		
554		10234		0		9951		survived		9.66261		8.35811		511		422		168		168		168		168		
555		10234		0		9951		survived		9.66261		8.35811		512		422		168		168		168		168		
556		10234		0		9951		survived		9.66261		8.35811		513		422		168		168		168		168		
557		10234		0		9951		survived		9.66261		8.35811		514		422		168		168		168		168		
558		10234		0		9951		survived		9.66261		8.35811		515		422		168		168		168		168		
559		10234		0		9951		survived		9.66261		8.35811		516		422		168		168		168		168		
560		10234		0		9951		survived		9.66261		8.35811		517		422		168		168		168		168		
561		10234		0		9951		survived		9.66261		8.35811		518		422		168		168		168		168		
562		10234		0		9951		survived		9.66261		8.35811		519		422		168		168		168		168		
563		10234		0		9951		survived		9.66261		8.35811		520		422		168		168		168		168		
564		10234		0		9951		survived		9.66261		8.35811		521		422		168		168		168		168		
565		10234		0		9951		survived		9.66261		8.35811		522		422		168		168		168		168		
566		10234		0		9951		survived		9.66261		8.35811		523		422		168		168		168		168		
567		10234		0		9951		survived		9.66261		8.35811		524		422		168		168		168		168		
568		10234		0		9951		survived		9.66261		8.35811		525		422		168		168		168		168		
569		10234		0		9951		survived		9.66261		8.35811		526		422		168		168		168		168		
570		10234		0		9951		survived		9.66261		8.35811		527		422		168		168		168		168		
571		10234		0		9951		survived		9.66261		8.35811		528		422		168		168		168		168		
572		10234		0		9951		survived		9.66261		8.35811		529		422		168		168		168		168		
573		10234		0		9951		survived		9.66261		8.35811		530		422		168		168		168		168		
574		10234		0		9951		survived		9.66261		8.35811		531		422		168		168		168		168		
575		10234		0		9951		survived		9.66261		8.35811		532		422		168		168		168		168		
576		10234		0		9951		survived		9.66261		8.35811		533		422		168		168		168		168		
577		10234		0		9951		survived		9.66261		8.35811		534		422		168		168		168		168		
578		10234		0		9951		survived		9.66261		8.35811		535		422		168		168		168		168		
579		10234		0		9951		survived		9.66261		8.35811		536		422		168		168		168		168		
580		10234		0		9951		survived		9.66261		8.35811		537		422		168		168		168		168		
581		10234		0		9951		survived		9.66261		8.35811		538		422		168		168		168		168		
582		10234		0		9951		survived		9.66261		8.35811		539		422		168		168		168		168		
583		10234		0		9951		survived		9.66261		8.35811		540		422		168		168		168		168		
584		10234		0		9951		survived		9.66261		8.35811		541		422		168		168		168		168		
585		10234		0		9951		survived		9.66261		8.35811		542		422		168		168		168		168		
586		10234		0		9951		survived		9.66261		8.35811		543		422		168		168		168		168		
587		10234		0		9951		survived		9.66261		8.35811		544		422		168		168		168		168		
588		10234		0		9951		survived		9.66261		8.35811		545		422		168		168		168		168		
589		10234		0		9951		survived		9.66261		8.35811		546		422		168		168		168		168		
590		10234		0		9951		survived		9.66261		8.35811		547		422		168		168		168		168		
591		10234		0		9951		survived		9.66261		8.35811		548		422		168		168		168		168		
592		10234		0		9951		survived		9.66261		8.35811		549		422		168		168		168		168		
593		10234		0		9951		survived		9.66261		8.35811		550		422		168		168		168		168		
594		10234		0		9951		survived		9.66261		8.35811		551		422		168		168		168		168		
595		10234		0		9951		survived		9.66261		8.35811		552		422		168		168		168		168		
596		10234		0		9951		survived		9.66261		8.35811		553		422		168		168		168		168		
597		10234		0		9951		survived		9.66261		8.35811		554		422		168		168		168		168		
598		10234		0		9951		survived		9.66261		8.35811		555		422		168		168		168		168		
599		10234		0		9951		survived		9.66261		8.35811		556		422		168		168		168		168		
600		10234		0		9951		survived		9.66261		8.35811		557		422		168		168		168		168		
601		10234		0		9951		survived		9.66261		8.35811		558		422		168		168		168		168		
602		10234		0		9951		survived		9.66261		8.35811		559		422		168		168		168		168		
603		10234		0		9951		survived		9.66261		8.35811		560		422		168		168		168		168		
604		10234		0		9951		survived		9.66261		8.35811		561		422		168		168		168		168		
605		10234		0		9951		survived		9.66261		8.35811		562		422		168		168		168		168		
606		10234		0		9951		survived		9.66261		8.35811		563		422		168		168		168		168		
607		10234		0		9951		survived		9.66261		8.35811		564		422		168		168		168		168		
608		10234		0		9951		survived		9.66261		8.35811		565		422		168		168		168		168		
609		10234		0		9951		survived		9.66261		8.35811		566		422		168		168		168		168		
610		10234		0		9951		survived		9.66261		8.35811		567		422		168		168		168		168		
611		10234		0		9951		survived		9.66261		8.35811		568		422		168		168		168		168		
612		10234		0		9951		survived		9.66261		8.35811		569		422		168		168		168		168		
613		10234		0		9951		survived		9.66261		8.35811		570		422		168		168		168		168		
614		10234		0		9951		survived		9.66261		8.35811		571		422		168		168		168		168		
615		10234		0		9951		survived		9.66261		8.35811		572		422		168		168		168		168		
616		10234		0		9951		survived		9.66261		8.35811		573		422		168		168		168		168		
617		10234		0		9951		survived		9.66261		8.35811		574		422		168		168		168		168		
618		10234		0		9951		survived		9.66261		8.35811		575		422		168		168		168		168		
619		10234		0		9951		survived		9.66261		8.35811		576		422		168		168		168		168		
620		10234		0		9951		survived		9.66261		8.35811		577		422		168		168		168		168		
621		10234		0		9951		survived		9.66261		8.35811		578		422		168		168		168		168		
622		10234		0		9951		survived		9.66261		8.35811		579		422		168		168		168		168		
623		10234		0		9951		survived		9.66261		8.35811		580		422		168		168		168		168		
624		10234		0		9951		survived		9.66261		8.35811		581		422		168		168		168		168		
625		10234		0		9951		survived		9.66261		8.35811		582		422		168		168		168		168		
626		10234		0		9951		survived		9.66261		8.35811		583		422		168		168		168		168		
627		10234		0		9951		survived		9.66261		8.35811		584		422		168		168		168		168		
628		10234		0		9951		survived		9.66261		8.35811		585		422		168		168		168		168		
629		10234		0		9951		survived		9.66261		8.35811		586		422		168		168		168		168		
630		10234		0		9951		survived		9.66261		8.35811		587		422		168		168		168		168		
631		10234		0		9951		survived		9.66261		8.35811		588		422		168		168		168		168		
632		10234		0		9951		survived		9.66261		8.35811		589		422		168		168		168		168		
633		10234		0		9951		survived		9.66261		8.35811		590		422		168		168		168		168		
634		10234		0		9951		survived		9.66261		8.35811		591		422		168		168		168		168		
635		10234		0		9951		survived		9.66261		8.35811		592		422		168		168		168		168		
636		10234		0		9951		survived		9.66261		8.35811		593		422		168		168		168		168		
637		10234		0		9951		survived		9.66261		8.35811		594		422		168		168		168		168		
638		10234		0		9951		survived		9.66261		8.35811		595		422		168		168		168		168		
639		10234		0		9951		survived		9.66261		8.35811		596		422		168		168		168		168		
640		10234		0		9951		survived		9.66261		8.35811		597		422		168		168		168		168		
641		10234		0		9951		survived		9.66261		8.35811		598		422		168		168		168		168		
642		10234		0		9951		survived		9.66261		8.35811		599		422		168		168		168		168		
643		10234		0		9951		survived		9.66261		8.35811		600		422		168		168		168		168		
644		10234		0		9951		survived		9.66261		8.35811		601		422		168		168		168		168		
645		10234		0		9951		survived		9.66261		8.35811		602		422		168		168		168		168		
646		10234		0		9951		survived		9.66261		8.35811		603		422		168		168		168		168		
647		10234		0		9951		survived		9.66261		8.35811		604		422		168		168		168		168		
648		10234		0		9951		survived		9.66261		8.35811		605		422		168		168		168		168		
649		10234		0		9951		survived		9.66261		8.35811		606		422		168		168		168		168		
650		10234		0		9951		survived		9.66261		8.35811		607		422		168		168		168		168		
651		10234		0		9951		survived		9.66261		8.35811		608		422		168		168		168		168		
652		10234		0		9951		survived		9.66261		8.35811		609		422		168		168		168		168		
653		10234		0		9951		survived		9.66261		8.35811		610		422		168		168		168		168		
654		10234		0		9951		survived		9.66261		8.35811		611		422		168		168		168		168		
655		10234		0		9951		survived		9.66261		8.35811		612		422		168		168		168		168		
656		10234		0		9951		survived		9.66261		8.35811		613		422		168		168		168		168		
657		10234		0		9951		survived		9.66261		8.35811		614		422		168		168		168		168		
658		10234		0		9951		survived		9.66261		8.35811		615		422		168		168		168		168		
659		10234		0		9951		survived		9.66261		8.35811		616		422		168		168		168		168		
660		10234		0		9951		survived		9.66261		8.35811		617		422		168		168		168		168		
661		10234		0		9951		survived		9.66261		8.35811		618		422		168		168		168		168		
662		10234		0		9951		survived		9.66261		8.35811		619		422		168		168		168		168		
663		10234		0		9951		survived		9.66261		8.35811		620		422		168		168		168		168		
664		10234		0		9951		survived		9.66261		8.35811		621		422		168		168		168		168		
665		10234		0		9951		survived		9.66261		8.35811		622		422		168		168		168		168		
666		10234		0		9951		survived		9.66261		8.35811		623		422		168		168		168		168		
667		10234		0		9951		survived		9.66261		8.35811		624		422		168		168		168		168		
668		10234		0		9951		survived		9.66261		8.35811		625		422		168		168		168		168		
669		10234		0		9951		survived		9.66261		8.35811		626		422		168		168		168		168		
670		10234		0		9951		survived		9.66261		8.35811		627		422		168		168		168		168		
671		10234		0		9951		survived		9.66261		8.35811		628		422		168		168		168		168		
672		10234		0		9951		survived		9.66261		8.35811		629		422		168		168		168		168		
673		10234		0		9951		survived		9.66261		8.35811		630		422		168		168		168		168		
674		10234		0		9951		survived		9.66261		8.35811		631		422		168		168		168		168		
675		10234		0		9951		survived		9.66261		8.35811		632		422		168		168		168		168		
676		10234		0		9951		survived		9.66261		8.35811		633		422		168		168		168		168		
677		10234		0		9951		survived		9.66261		8.35811		634		422		168		168		168		168		
678		10234		0		9951		survived		9.66261		8.35811		635		422		168		168		168		168		
679		10234		0		9951		survived		9.66261		8.35811		636		422		168		168		168		168		
680		10234		0		9951		survived		9.66261		8.35811		637		422		168		168		168		168		
681		10234		0		9951		survived		9.66261		8.35811		638		422		168		168		168		168		
682		10234		0		9951		survived		9.66261		8.35811		639		422		168		168		168		168		
683		10234		0		9951		survived		9.66261		8.35811		640		422		168		168		168		168		
684		10234		0		9951		survived		9.66261		8.35811		641		422		168		168		168		168		
685		10234		0		9951		survived		9.66261		8.35811		642		422		168		168		168		168		
686		10234		0		9951		survived		9.66261		8.35811		643		422		168		168		168		168		
687		10234		0		9951		survived		9.66261		8.35811		644		422		168		168		168		168		
688		10234		0		9951		survived		9.66261		8.35811		645		422		168		168		168		168		
689		10234		0		9951		survived		9.66261		8.35811		646		422		168		168		168		168		
690		10234		0		9951		survived		9.66261		8.35811		647		422		168		168		168		168		
691		10234		0		9951		survived		9.66261		8.35811		648		422		168		168		168		168		
692		10234		0		9951		survived		9.66261		8.35811		649		422		168		168		168		168		
693		10234		0		9951		survived		9.66261		8.35811		650		422		168		168		168		168		
694		10234		0		9951		survived		9.66261		8.35811		651		422		168		168		168		168		
695		10234		0		9951		survived		9.66261		8.35811		652		422		168		168		168		168		
696		10234		0		9951		survived		9.66261		8.35811		653		422		168		168		168		168		
697		10234		0		9951		survived		9.66261		8.35811		654		422		168		168		168		168		
698		10234		0		9951		survived		9.66261		8.35811		655		422		168		168		168		168		
699		10234		0		9951		survived		9.66261		8.35811		656		422		168		168		168		168		
700		10234		0		9951		survived		9.66261		8.35811		657		422		168		168		168		168		
701		10234		0		9951		survived		9.66261		8.35811		658		422		168		168		168		168		
702		10234		0		9951		survived		9.66261		8.35811		659		422		168		168		168		168		
703		10234		0		9951		survived		9.66261		8.35811		660		422		168		168		168		168		
704		10234		0		9951		survived		9.66261		8.35811		661		422		168		168		168		168		
705		10234		0		9951		survived		9.66261		8.35811		662		422		168		168		168		168		
706		10234		0		9951		survived		9.66261		8.35811		663		422		168		168		168		168		
707		10234		0		9951		survived		9.66261		8.35811		664		422		168		168		168		168		
708		10234		0		9951		survived		9.66261		8.35811		665		422		168		168		168		168		
709		10234		0		9951		survived		9.66261		8.35811		666		422		168		168		168		168		
710		10234		0		9951		survived		9.66261		8.35811		667		422		168		168		168		168		
711		10234		0		9951		survived		9.66261		8.35811		668		422		168		168		168		168		
712		10234		0		9951		survived		9.66261		8.35811		669		422		168		168		168		168		
713		10234		0		9951		survived		9.66261		8.35811		670		422		168		168		168		168		
714		10234		0		9951		survived		9.66261		8.35811		671		422		168		168		168		168		
715		10234		0		9951		survived		9.66261		8.35811		672		422		168		168		168		168		
716		10234		0		9951		survived		9.66261		8.35811		673		422		168		168		168		168		
717		10234		0		9951		survived		9.66261		8.35811		674		422		168		168		168		168		
718		10234		0		9951		survived		9.66261		8.35811		675		422		168		168		168		168		
719		10234		0		9951		survived		9.66261		8.35811		676		422		168		168		168		168		
720		10234		0		9951		survived		9.66261		8.35811		677		422		168		168		168		168		
721		10234		0		9951		survived		9.66261		8.35811		678		422		168		168		168		168		
722		10234		0		9951		survived		9.66261		8.35811		679		422		168		168		168		168		
723		10234		0		9951		survived		9.66261		8.35811		680		422		168		168		168		168		
724		10234		0		9951		survived		9.66261		8.35811		681		422		168		168		168		168		
725		10234		0		9951		survived		9.66261		8.35811		682		422		168		168		168		168		
726		10234		0		9951		survived		9.66261		8.35811		683		422		168		168		168		168		
727		10234		0		9951		survived		9.66261		8.35811		684		422		168		168		168		168		
728		10234		0		9951		survived		9.66261		8.35811		685		422		168		168		168		168		
729		10234		0		9951		survived		9.66261		8.35811		686		422		168		168		168		168		
730		10234		0		9951		survived		9.66261		8.35811		687		422		168		168		168		168		
731		10234		0		9951		survived		9.66261		8.35811		688		422		168		168		168		168		
732		10234		0		9951		survived		9.66261		8.35811		689		422		168		168		168		168		
733		10234		0		9951		survived		9.66261		8.35811		690		422		168		168		168		168		
734		10234		0		9951		survived		9.66261		8.35811		691		422		168		168		168		168		
735		10234		0		9951		survived		9.66261		8.35811		692		422		168		168		168		168		
736		10234		0		9951		survived		9.66261		8.35811		693		422		168		168		168		168		
737		10234		0		9951		survived		9.66261		8.35811		694		422		168		168		168		168		
738		10234		0		9951		survived		9.66261		8.35811		695		422		168		168		168		168		
739		10234		0		9951		survived		9.66261		8.35811		696		422		168		168		168		168		
740		10234		0		9951		survived		9.66261		8.35811		697		422		168		168		168		168		
741		10234		0		9951		survived		9.66261		8.35811		698		422		168		168		168		168		
742		10234		0		9951		survived		9.66261		8.35811		699		422		168		168		168		168		
743		10234		0		9951		survived		9.66261		8.35811		700		422		168		168		168		168		
744		10234		0		9951		survived		9.66261		8.35811		701		422		168		168		168		168		
745		10234		0		9951		survived		9.66261		8.35811		702		422		168		168		168		168		
746		10234		0		9951		survived		9.66261		8.35811		703		422		168		168		168		168		
747		10234		0		9951		survived		9.66261		8.35811		704		422		168		168		168		168		
