gen		id		dom		parent_id		variation_type		fitness		parent_fitness		age		parent_age		num_voxels		parent_num_voxels		energy		parent_energy		material_different_from_parent		mean_material		mean_parent_material		mean_parent_diff_material
0		14		0		-1		newly_generated		5.03069		-10000000.0		0		10000000.0		216		10000000.0		216		10000000.0		
1		14		0		-1		survived		5.03069		-10000000.0		1		10000000.0		216		10000000.0		216		10000000.0		
2		14		0		-1		survived		5.03069		-10000000.0		2		10000000.0		216		10000000.0		216		10000000.0		
3		14		0		-1		survived		5.03069		-10000000.0		3		10000000.0		216		10000000.0		216		10000000.0		
4		77		0		14		add_link		5.09593		5.03069		4		4		216		216		216		216		
5		87		0		78		mutate_function(absolute-to-sin)		6.022		0.0124369		1		1		216		10000000.0		216		10000000.0		
6		87		0		78		survived		6.022		0.0124369		2		1		216		10000000.0		216		10000000.0		
7		111		0		87		add_link		6.41054		6.022		3		3		216		216		216		216		
8		111		0		87		survived		6.41054		6.022		4		3		216		216		216		216		
9		157		0		111		add_node		6.54462		6.41054		5		5		216		216		216		216		
10		165		0		157		add_link		6.59414		6.54462		6		6		216		216		216		216		
11		165		0		157		survived		6.59414		6.54462		7		6		216		216		216		216		
12		165		0		157		survived		6.59414		6.54462		8		6		216		216		216		216		
13		165		0		157		survived		6.59414		6.54462		9		6		216		216		216		216		
14		165		0		157		survived		6.59414		6.54462		10		6		216		216		216		216		
15		165		0		157		survived		6.59414		6.54462		11		6		216		216		216		216		
16		165		0		157		survived		6.59414		6.54462		12		6		216		216		216		216		
17		165		0		157		survived		6.59414		6.54462		13		6		216		216		216		216		
18		165		0		157		survived		6.59414		6.54462		14		6		216		216		216		216		
19		165		0		157		survived		6.59414		6.54462		15		6		216		216		216		216		
20		165		0		157		survived		6.59414		6.54462		16		6		216		216		216		216		
21		165		0		157		survived		6.59414		6.54462		17		6		216		216		216		216		
22		165		0		157		survived		6.59414		6.54462		18		6		216		216		216		216		
23		165		0		157		survived		6.59414		6.54462		19		6		216		216		216		216		
24		165		0		157		survived		6.59414		6.54462		20		6		216		216		216		216		
25		165		0		157		survived		6.59414		6.54462		21		6		216		216		216		216		
26		165		0		157		survived		6.59414		6.54462		22		6		216		216		216		216		
27		165		0		157		survived		6.59414		6.54462		23		6		216		216		216		216		
28		165		0		157		survived		6.59414		6.54462		24		6		216		216		216		216		
29		165		0		157		survived		6.59414		6.54462		25		6		216		216		216		216		
30		165		0		157		survived		6.59414		6.54462		26		6		216		216		216		216		
31		165		0		157		survived		6.59414		6.54462		27		6		216		216		216		216		
32		165		0		157		survived		6.59414		6.54462		28		6		216		216		216		216		
33		165		0		157		survived		6.59414		6.54462		29		6		216		216		216		216		
34		165		0		157		survived		6.59414		6.54462		30		6		216		216		216		216		
35		165		0		157		survived		6.59414		6.54462		31		6		216		216		216		216		
36		165		0		157		survived		6.59414		6.54462		32		6		216		216		216		216		
37		165		0		157		survived		6.59414		6.54462		33		6		216		216		216		216		
38		165		0		157		survived		6.59414		6.54462		34		6		216		216		216		216		
39		165		0		157		survived		6.59414		6.54462		35		6		216		216		216		216		
40		165		0		157		survived		6.59414		6.54462		36		6		216		216		216		216		
41		165		0		157		survived		6.59414		6.54462		37		6		216		216		216		216		
42		677		0		165		mutate_weight(-0.939740017618)		6.61117		6.59414		38		38		216		216		216		216		
43		677		0		165		survived		6.61117		6.59414		39		38		216		216		216		216		
44		677		0		165		survived		6.61117		6.59414		40		38		216		216		216		216		
45		677		0		165		survived		6.61117		6.59414		41		38		216		216		216		216		
46		749		0		697		add_link		6.63458		6.59414		42		42		216		216		216		216		
47		749		0		697		survived		6.63458		6.59414		43		42		216		216		216		216		
48		749		0		697		survived		6.63458		6.59414		44		42		216		216		216		216		
49		749		0		697		survived		6.63458		6.59414		45		42		216		216		216		216		
50		749		0		697		survived		6.63458		6.59414		46		42		216		216		216		216		
51		749		0		697		survived		6.63458		6.59414		47		42		216		216		216		216		
52		749		0		697		survived		6.63458		6.59414		48		42		216		216		216		216		
53		861		0		749		remove_link		6.63516		6.63458		49		49		216		216		216		216		
54		861		0		749		survived		6.63516		6.63458		50		49		216		216		216		216		
55		861		0		749		survived		6.63516		6.63458		51		49		216		216		216		216		
56		861		0		749		survived		6.63516		6.63458		52		49		216		216		216		216		
57		861		0		749		survived		6.63516		6.63458		53		49		216		216		216		216		
58		861		0		749		survived		6.63516		6.63458		54		49		216		216		216		216		
59		861		0		749		survived		6.63516		6.63458		55		49		216		216		216		216		
60		861		0		749		survived		6.63516		6.63458		56		49		216		216		216		216		
61		861		0		749		survived		6.63516		6.63458		57		49		216		216		216		216		
62		861		0		749		survived		6.63516		6.63458		58		49		216		216		216		216		
63		861		0		749		survived		6.63516		6.63458		59		49		216		216		216		216		
64		861		0		749		survived		6.63516		6.63458		60		49		216		216		216		216		
65		861		0		749		survived		6.63516		6.63458		61		49		216		216		216		216		
66		861		0		749		survived		6.63516		6.63458		62		49		216		216		216		216		
67		861		0		749		survived		6.63516		6.63458		63		49		216		216		216		216		
68		861		0		749		survived		6.63516		6.63458		64		49		216		216		216		216		
69		861		0		749		survived		6.63516		6.63458		65		49		216		216		216		216		
70		861		0		749		survived		6.63516		6.63458		66		49		216		216		216		216		
71		861		0		749		survived		6.63516		6.63458		67		49		216		216		216		216		
72		861		0		749		survived		6.63516		6.63458		68		49		216		216		216		216		
73		861		0		749		survived		6.63516		6.63458		69		49		216		216		216		216		
74		861		0		749		survived		6.63516		6.63458		70		49		216		216		216		216		
75		861		0		749		survived		6.63516		6.63458		71		49		216		216		216		216		
76		861		0		749		survived		6.63516		6.63458		72		49		216		216		216		216		
77		861		0		749		survived		6.63516		6.63458		73		49		216		216		216		216		
78		861		0		749		survived		6.63516		6.63458		74		49		216		216		216		216		
79		861		0		749		survived		6.63516		6.63458		75		49		216		216		216		216		
80		861		0		749		survived		6.63516		6.63458		76		49		216		216		216		216		
81		861		0		749		survived		6.63516		6.63458		77		49		216		216		216		216		
82		861		0		749		survived		6.63516		6.63458		78		49		216		216		216		216		
83		861		0		749		survived		6.63516		6.63458		79		49		216		216		216		216		
84		861		0		749		survived		6.63516		6.63458		80		49		216		216		216		216		
85		861		0		749		survived		6.63516		6.63458		81		49		216		216		216		216		
86		861		0		749		survived		6.63516		6.63458		82		49		216		216		216		216		
87		861		0		749		survived		6.63516		6.63458		83		49		216		216		216		216		
88		861		0		749		survived		6.63516		6.63458		84		49		216		216		216		216		
89		861		0		749		survived		6.63516		6.63458		85		49		216		216		216		216		
90		861		0		749		survived		6.63516		6.63458		86		49		216		216		216		216		
91		861		0		749		survived		6.63516		6.63458		87		49		216		216		216		216		
92		861		0		749		survived		6.63516		6.63458		88		49		216		216		216		216		
93		861		0		749		survived		6.63516		6.63458		89		49		216		216		216		216		
94		861		0		749		survived		6.63516		6.63458		90		49		216		216		216		216		
95		861		0		749		survived		6.63516		6.63458		91		49		216		216		216		216		
96		861		0		749		survived		6.63516		6.63458		92		49		216		216		216		216		
97		861		0		749		survived		6.63516		6.63458		93		49		216		216		216		216		
98		861		0		749		survived		6.63516		6.63458		94		49		216		216		216		216		
99		1584		0		1371		add_node		6.63516		3.87749		95		95		213		213		213		213		
100		1584		0		1371		survived		6.63516		3.87749		96		95		213		213		213		213		
101		1584		0		1371		survived		6.63516		3.87749		97		95		213		213		213		213		
102		1584		0		1371		survived		6.63516		3.87749		98		95		213		213		213		213		
103		1584		0		1371		survived		6.63516		3.87749		99		95		213		213		213		213		
104		1584		0		1371		survived		6.63516		3.87749		100		95		213		213		213		213		
105		1584		0		1371		survived		6.63516		3.87749		101		95		213		213		213		213		
106		1584		0		1371		survived		6.63516		3.87749		102		95		213		213		213		213		
107		1584		0		1371		survived		6.63516		3.87749		103		95		213		213		213		213		
108		1584		0		1371		survived		6.63516		3.87749		104		95		213		213		213		213		
109		1584		0		1371		survived		6.63516		3.87749		105		95		213		213		213		213		
110		1584		0		1371		survived		6.63516		3.87749		106		95		213		213		213		213		
111		1584		0		1371		survived		6.63516		3.87749		107		95		213		213		213		213		
112		1584		0		1371		survived		6.63516		3.87749		108		95		213		213		213		213		
113		1584		0		1371		survived		6.63516		3.87749		109		95		213		213		213		213		
114		1584		0		1371		survived		6.63516		3.87749		110		95		213		213		213		213		
115		1584		0		1371		survived		6.63516		3.87749		111		95		213		213		213		213		
116		1584		0		1371		survived		6.63516		3.87749		112		95		213		213		213		213		
117		1584		0		1371		survived		6.63516		3.87749		113		95		213		213		213		213		
118		1584		0		1371		survived		6.63516		3.87749		114		95		213		213		213		213		
119		1584		0		1371		survived		6.63516		3.87749		115		95		213		213		213		213		
120		1584		0		1371		survived		6.63516		3.87749		116		95		213		213		213		213		
121		1584		0		1371		survived		6.63516		3.87749		117		95		213		213		213		213		
122		1584		0		1371		survived		6.63516		3.87749		118		95		213		213		213		213		
123		1584		0		1371		survived		6.63516		3.87749		119		95		213		213		213		213		
124		1584		0		1371		survived		6.63516		3.87749		120		95		213		213		213		213		
125		1584		0		1371		survived		6.63516		3.87749		121		95		213		213		213		213		
126		1584		0		1371		survived		6.63516		3.87749		122		95		213		213		213		213		
127		1584		0		1371		survived		6.63516		3.87749		123		95		213		213		213		213		
128		1584		0		1371		survived		6.63516		3.87749		124		95		213		213		213		213		
129		1584		0		1371		survived		6.63516		3.87749		125		95		213		213		213		213		
130		1584		0		1371		survived		6.63516		3.87749		126		95		213		213		213		213		
131		1584		0		1371		survived		6.63516		3.87749		127		95		213		213		213		213		
132		1584		0		1371		survived		6.63516		3.87749		128		95		213		213		213		213		
133		1584		0		1371		survived		6.63516		3.87749		129		95		213		213		213		213		
134		1584		0		1371		survived		6.63516		3.87749		130		95		213		213		213		213		
135		1584		0		1371		survived		6.63516		3.87749		131		95		213		213		213		213		
136		1584		0		1371		survived		6.63516		3.87749		132		95		213		213		213		213		
137		1584		0		1371		survived		6.63516		3.87749		133		95		213		213		213		213		
138		1584		0		1371		survived		6.63516		3.87749		134		95		213		213		213		213		
139		1584		0		1371		survived		6.63516		3.87749		135		95		213		213		213		213		
140		1584		0		1371		survived		6.63516		3.87749		136		95		213		213		213		213		
141		1584		0		1371		survived		6.63516		3.87749		137		95		213		213		213		213		
142		1584		0		1371		survived		6.63516		3.87749		138		95		213		213		213		213		
143		1584		0		1371		survived		6.63516		3.87749		139		95		213		213		213		213		
144		1584		0		1371		survived		6.63516		3.87749		140		95		213		213		213		213		
145		1584		0		1371		survived		6.63516		3.87749		141		95		213		213		213		213		
146		1584		0		1371		survived		6.63516		3.87749		142		95		213		213		213		213		
147		1584		0		1371		survived		6.63516		3.87749		143		95		213		213		213		213		
148		1584		0		1371		survived		6.63516		3.87749		144		95		213		213		213		213		
149		1584		0		1371		survived		6.63516		3.87749		145		95		213		213		213		213		
150		1584		0		1371		survived		6.63516		3.87749		146		95		213		213		213		213		
151		1584		0		1371		survived		6.63516		3.87749		147		95		213		213		213		213		
152		1584		0		1371		survived		6.63516		3.87749		148		95		213		213		213		213		
153		1584		0		1371		survived		6.63516		3.87749		149		95		213		213		213		213		
154		1584		0		1371		survived		6.63516		3.87749		150		95		213		213		213		213		
155		1584		0		1371		survived		6.63516		3.87749		151		95		213		213		213		213		
156		1584		0		1371		survived		6.63516		3.87749		152		95		213		213		213		213		
157		1584		0		1371		survived		6.63516		3.87749		153		95		213		213		213		213		
158		1584		0		1371		survived		6.63516		3.87749		154		95		213		213		213		213		
159		1584		0		1371		survived		6.63516		3.87749		155		95		213		213		213		213		
160		2571		0		1584		mutate_weight(-0.159028486543)		6.64912		6.63516		156		156		216		213		216		213		
161		2571		0		1584		survived		6.64912		6.63516		157		156		216		213		216		213		
162		2571		0		1584		survived		6.64912		6.63516		158		156		216		213		216		213		
163		2571		0		1584		survived		6.64912		6.63516		159		156		216		213		216		213		
164		2571		0		1584		survived		6.64912		6.63516		160		156		216		213		216		213		
165		2571		0		1584		survived		6.64912		6.63516		161		156		216		213		216		213		
166		2571		0		1584		survived		6.64912		6.63516		162		156		216		213		216		213		
167		2679		0		2659		mutate_weight(-0.362351119766)		6.64912		5.99067		163		163		211		211		211		211		
168		2679		0		2659		survived		6.64912		5.99067		164		163		211		211		211		211		
169		2679		0		2659		survived		6.64912		5.99067		165		163		211		211		211		211		
170		2679		0		2659		survived		6.64912		5.99067		166		163		211		211		211		211		
171		2743		0		2679		add_link		6.66932		6.64912		167		167		216		211		216		211		
172		2743		0		2679		survived		6.66932		6.64912		168		167		216		211		216		211		
173		2743		0		2679		survived		6.66932		6.64912		169		167		216		211		216		211		
174		2743		0		2679		survived		6.66932		6.64912		170		167		216		211		216		211		
175		2743		0		2679		survived		6.66932		6.64912		171		167		216		211		216		211		
176		2743		0		2679		survived		6.66932		6.64912		172		167		216		211		216		211		
177		2743		0		2679		survived		6.66932		6.64912		173		167		216		211		216		211		
178		2743		0		2679		survived		6.66932		6.64912		174		167		216		211		216		211		
179		2743		0		2679		survived		6.66932		6.64912		175		167		216		211		216		211		
180		2743		0		2679		survived		6.66932		6.64912		176		167		216		211		216		211		
181		2743		0		2679		survived		6.66932		6.64912		177		167		216		211		216		211		
182		2743		0		2679		survived		6.66932		6.64912		178		167		216		211		216		211		
183		2743		0		2679		survived		6.66932		6.64912		179		167		216		211		216		211		
184		2743		0		2679		survived		6.66932		6.64912		180		167		216		211		216		211		
185		2743		0		2679		survived		6.66932		6.64912		181		167		216		211		216		211		
186		2743		0		2679		survived		6.66932		6.64912		182		167		216		211		216		211		
187		2743		0		2679		survived		6.66932		6.64912		183		167		216		211		216		211		
188		2743		0		2679		survived		6.66932		6.64912		184		167		216		211		216		211		
189		2743		0		2679		survived		6.66932		6.64912		185		167		216		211		216		211		
190		2743		0		2679		survived		6.66932		6.64912		186		167		216		211		216		211		
191		2743		0		2679		survived		6.66932		6.64912		187		167		216		211		216		211		
192		2743		0		2679		survived		6.66932		6.64912		188		167		216		211		216		211		
193		2743		0		2679		survived		6.66932		6.64912		189		167		216		211		216		211		
194		2743		0		2679		survived		6.66932		6.64912		190		167		216		211		216		211		
195		2743		0		2679		survived		6.66932		6.64912		191		167		216		211		216		211		
196		2743		0		2679		survived		6.66932		6.64912		192		167		216		211		216		211		
197		2743		0		2679		survived		6.66932		6.64912		193		167		216		211		216		211		
198		2743		0		2679		survived		6.66932		6.64912		194		167		216		211		216		211		
199		2743		0		2679		survived		6.66932		6.64912		195		167		216		211		216		211		
200		2743		0		2679		survived		6.66932		6.64912		196		167		216		211		216		211		
201		2743		0		2679		survived		6.66932		6.64912		197		167		216		211		216		211		
202		2743		0		2679		survived		6.66932		6.64912		198		167		216		211		216		211		
203		2743		0		2679		survived		6.66932		6.64912		199		167		216		211		216		211		
204		2743		0		2679		survived		6.66932		6.64912		200		167		216		211		216		211		
205		2743		0		2679		survived		6.66932		6.64912		201		167		216		211		216		211		
206		2743		0		2679		survived		6.66932		6.64912		202		167		216		211		216		211		
207		2743		0		2679		survived		6.66932		6.64912		203		167		216		211		216		211		
208		2743		0		2679		survived		6.66932		6.64912		204		167		216		211		216		211		
209		2743		0		2679		survived		6.66932		6.64912		205		167		216		211		216		211		
210		2743		0		2679		survived		6.66932		6.64912		206		167		216		211		216		211		
211		2743		0		2679		survived		6.66932		6.64912		207		167		216		211		216		211		
212		2743		0		2679		survived		6.66932		6.64912		208		167		216		211		216		211		
213		2743		0		2679		survived		6.66932		6.64912		209		167		216		211		216		211		
214		2743		0		2679		survived		6.66932		6.64912		210		167		216		211		216		211		
215		2743		0		2679		survived		6.66932		6.64912		211		167		216		211		216		211		
216		2743		0		2679		survived		6.66932		6.64912		212		167		216		211		216		211		
217		2743		0		2679		survived		6.66932		6.64912		213		167		216		211		216		211		
218		2743		0		2679		survived		6.66932		6.64912		214		167		216		211		216		211		
219		2743		0		2679		survived		6.66932		6.64912		215		167		216		211		216		211		
220		2743		0		2679		survived		6.66932		6.64912		216		167		216		211		216		211		
221		2743		0		2679		survived		6.66932		6.64912		217		167		216		211		216		211		
222		2743		0		2679		survived		6.66932		6.64912		218		167		216		211		216		211		
223		2743		0		2679		survived		6.66932		6.64912		219		167		216		211		216		211		
224		2743		0		2679		survived		6.66932		6.64912		220		167		216		211		216		211		
225		2743		0		2679		survived		6.66932		6.64912		221		167		216		211		216		211		
226		2743		0		2679		survived		6.66932		6.64912		222		167		216		211		216		211		
227		2743		0		2679		survived		6.66932		6.64912		223		167		216		211		216		211		
228		2743		0		2679		survived		6.66932		6.64912		224		167		216		211		216		211		
229		2743		0		2679		survived		6.66932		6.64912		225		167		216		211		216		211		
230		2743		0		2679		survived		6.66932		6.64912		226		167		216		211		216		211		
231		2743		0		2679		survived		6.66932		6.64912		227		167		216		211		216		211		
232		2743		0		2679		survived		6.66932		6.64912		228		167		216		211		216		211		
233		2743		0		2679		survived		6.66932		6.64912		229		167		216		211		216		211		
234		2743		0		2679		survived		6.66932		6.64912		230		167		216		211		216		211		
235		2743		0		2679		survived		6.66932		6.64912		231		167		216		211		216		211		
236		2743		0		2679		survived		6.66932		6.64912		232		167		216		211		216		211		
237		2743		0		2679		survived		6.66932		6.64912		233		167		216		211		216		211		
238		2743		0		2679		survived		6.66932		6.64912		234		167		216		211		216		211		
239		2743		0		2679		survived		6.66932		6.64912		235		167		216		211		216		211		
240		2743		0		2679		survived		6.66932		6.64912		236		167		216		211		216		211		
241		2743		0		2679		survived		6.66932		6.64912		237		167		216		211		216		211		
242		2743		0		2679		survived		6.66932		6.64912		238		167		216		211		216		211		
243		2743		0		2679		survived		6.66932		6.64912		239		167		216		211		216		211		
244		2743		0		2679		survived		6.66932		6.64912		240		167		216		211		216		211		
245		2743		0		2679		survived		6.66932		6.64912		241		167		216		211		216		211		
246		2743		0		2679		survived		6.66932		6.64912		242		167		216		211		216		211		
247		2743		0		2679		survived		6.66932		6.64912		243		167		216		211		216		211		
248		2743		0		2679		survived		6.66932		6.64912		244		167		216		211		216		211		
249		2743		0		2679		survived		6.66932		6.64912		245		167		216		211		216		211		
250		2743		0		2679		survived		6.66932		6.64912		246		167		216		211		216		211		
251		2743		0		2679		survived		6.66932		6.64912		247		167		216		211		216		211		
252		2743		0		2679		survived		6.66932		6.64912		248		167		216		211		216		211		
253		2743		0		2679		survived		6.66932		6.64912		249		167		216		211		216		211		
254		2743		0		2679		survived		6.66932		6.64912		250		167		216		211		216		211		
255		2743		0		2679		survived		6.66932		6.64912		251		167		216		211		216		211		
256		2743		0		2679		survived		6.66932		6.64912		252		167		216		211		216		211		
257		2743		0		2679		survived		6.66932		6.64912		253		167		216		211		216		211		
258		2743		0		2679		survived		6.66932		6.64912		254		167		216		211		216		211		
259		2743		0		2679		survived		6.66932		6.64912		255		167		216		211		216		211		
260		2743		0		2679		survived		6.66932		6.64912		256		167		216		211		216		211		
261		2743		0		2679		survived		6.66932		6.64912		257		167		216		211		216		211		
262		2743		0		2679		survived		6.66932		6.64912		258		167		216		211		216		211		
263		2743		0		2679		survived		6.66932		6.64912		259		167		216		211		216		211		
264		2743		0		2679		survived		6.66932		6.64912		260		167		216		211		216		211		
265		2743		0		2679		survived		6.66932		6.64912		261		167		216		211		216		211		
266		2743		0		2679		survived		6.66932		6.64912		262		167		216		211		216		211		
267		2743		0		2679		survived		6.66932		6.64912		263		167		216		211		216		211		
268		2743		0		2679		survived		6.66932		6.64912		264		167		216		211		216		211		
269		2743		0		2679		survived		6.66932		6.64912		265		167		216		211		216		211		
270		2743		0		2679		survived		6.66932		6.64912		266		167		216		211		216		211		
271		2743		0		2679		survived		6.66932		6.64912		267		167		216		211		216		211		
272		2743		0		2679		survived		6.66932		6.64912		268		167		216		211		216		211		
273		2743		0		2679		survived		6.66932		6.64912		269		167		216		211		216		211		
274		2743		0		2679		survived		6.66932		6.64912		270		167		216		211		216		211		
275		2743		0		2679		survived		6.66932		6.64912		271		167		216		211		216		211		
276		4428		0		2743		mutate_weight(1.21119621803)		7.07894		6.66932		272		272		211		216		211		216		
277		4428		0		2743		survived		7.07894		6.66932		273		272		211		216		211		216		
278		4451		0		4428		add_link		7.33403		7.07894		274		274		209		211		209		211		
279		4451		0		4428		survived		7.33403		7.07894		275		274		209		211		209		211		
280		4451		0		4428		survived		7.33403		7.07894		276		274		209		211		209		211		
281		4451		0		4428		survived		7.33403		7.07894		277		274		209		211		209		211		
282		4451		0		4428		survived		7.33403		7.07894		278		274		209		211		209		211		
283		4451		0		4428		survived		7.33403		7.07894		279		274		209		211		209		211		
284		4451		0		4428		survived		7.33403		7.07894		280		274		209		211		209		211		
285		4451		0		4428		survived		7.33403		7.07894		281		274		209		211		209		211		
286		4451		0		4428		survived		7.33403		7.07894		282		274		209		211		209		211		
287		4451		0		4428		survived		7.33403		7.07894		283		274		209		211		209		211		
288		4451		0		4428		survived		7.33403		7.07894		284		274		209		211		209		211		
289		4451		0		4428		survived		7.33403		7.07894		285		274		209		211		209		211		
290		4451		0		4428		survived		7.33403		7.07894		286		274		209		211		209		211		
291		4451		0		4428		survived		7.33403		7.07894		287		274		209		211		209		211		
292		4451		0		4428		survived		7.33403		7.07894		288		274		209		211		209		211		
293		4451		0		4428		survived		7.33403		7.07894		289		274		209		211		209		211		
294		4451		0		4428		survived		7.33403		7.07894		290		274		209		211		209		211		
295		4451		0		4428		survived		7.33403		7.07894		291		274		209		211		209		211		
296		4451		0		4428		survived		7.33403		7.07894		292		274		209		211		209		211		
297		4451		0		4428		survived		7.33403		7.07894		293		274		209		211		209		211		
298		4451		0		4428		survived		7.33403		7.07894		294		274		209		211		209		211		
299		4451		0		4428		survived		7.33403		7.07894		295		274		209		211		209		211		
300		4451		0		4428		survived		7.33403		7.07894		296		274		209		211		209		211		
301		4451		0		4428		survived		7.33403		7.07894		297		274		209		211		209		211		
302		4451		0		4428		survived		7.33403		7.07894		298		274		209		211		209		211		
303		4451		0		4428		survived		7.33403		7.07894		299		274		209		211		209		211		
304		4451		0		4428		survived		7.33403		7.07894		300		274		209		211		209		211		
305		4892		0		4451		add_node		7.34243		7.33403		301		301		208		209		208		209		
306		4892		0		4451		survived		7.34243		7.33403		302		301		208		209		208		209		
307		4925		0		4892		add_link		7.51757		7.34243		303		303		203		208		203		208		
308		4925		0		4892		survived		7.51757		7.34243		304		303		203		208		203		208		
309		4925		0		4892		survived		7.51757		7.34243		305		303		203		208		203		208		
310		4925		0		4892		survived		7.51757		7.34243		306		303		203		208		203		208		
311		4925		0		4892		survived		7.51757		7.34243		307		303		203		208		203		208		
312		4925		0		4892		survived		7.51757		7.34243		308		303		203		208		203		208		
313		4925		0		4892		survived		7.51757		7.34243		309		303		203		208		203		208		
314		4925		0		4892		survived		7.51757		7.34243		310		303		203		208		203		208		
315		4925		0		4892		survived		7.51757		7.34243		311		303		203		208		203		208		
316		4925		0		4892		survived		7.51757		7.34243		312		303		203		208		203		208		
317		4925		0		4892		survived		7.51757		7.34243		313		303		203		208		203		208		
318		4925		0		4892		survived		7.51757		7.34243		314		303		203		208		203		208		
319		5103		0		4925		add_link		7.51994		7.51757		315		315		203		203		203		203		
320		5103		0		4925		survived		7.51994		7.51757		316		315		203		203		203		203		
321		5103		0		4925		survived		7.51994		7.51757		317		315		203		203		203		203		
322		5103		0		4925		survived		7.51994		7.51757		318		315		203		203		203		203		
323		5103		0		4925		survived		7.51994		7.51757		319		315		203		203		203		203		
324		5103		0		4925		survived		7.51994		7.51757		320		315		203		203		203		203		
325		5103		0		4925		survived		7.51994		7.51757		321		315		203		203		203		203		
326		5103		0		4925		survived		7.51994		7.51757		322		315		203		203		203		203		
327		5103		0		4925		survived		7.51994		7.51757		323		315		203		203		203		203		
328		5103		0		4925		survived		7.51994		7.51757		324		315		203		203		203		203		
329		5103		0		4925		survived		7.51994		7.51757		325		315		203		203		203		203		
330		5103		0		4925		survived		7.51994		7.51757		326		315		203		203		203		203		
331		5103		0		4925		survived		7.51994		7.51757		327		315		203		203		203		203		
332		5103		0		4925		survived		7.51994		7.51757		328		315		203		203		203		203		
333		5103		0		4925		survived		7.51994		7.51757		329		315		203		203		203		203		
334		5103		0		4925		survived		7.51994		7.51757		330		315		203		203		203		203		
335		5103		0		4925		survived		7.51994		7.51757		331		315		203		203		203		203		
336		5103		0		4925		survived		7.51994		7.51757		332		315		203		203		203		203		
337		5103		0		4925		survived		7.51994		7.51757		333		315		203		203		203		203		
338		5103		0		4925		survived		7.51994		7.51757		334		315		203		203		203		203		
339		5103		0		4925		survived		7.51994		7.51757		335		315		203		203		203		203		
340		5103		0		4925		survived		7.51994		7.51757		336		315		203		203		203		203		
341		5103		0		4925		survived		7.51994		7.51757		337		315		203		203		203		203		
342		5103		0		4925		survived		7.51994		7.51757		338		315		203		203		203		203		
343		5103		0		4925		survived		7.51994		7.51757		339		315		203		203		203		203		
344		5103		0		4925		survived		7.51994		7.51757		340		315		203		203		203		203		
345		5103		0		4925		survived		7.51994		7.51757		341		315		203		203		203		203		
346		5103		0		4925		survived		7.51994		7.51757		342		315		203		203		203		203		
347		5103		0		4925		survived		7.51994		7.51757		343		315		203		203		203		203		
348		5103		0		4925		survived		7.51994		7.51757		344		315		203		203		203		203		
349		5103		0		4925		survived		7.51994		7.51757		345		315		203		203		203		203		
350		5103		0		4925		survived		7.51994		7.51757		346		315		203		203		203		203		
351		5103		0		4925		survived		7.51994		7.51757		347		315		203		203		203		203		
352		5103		0		4925		survived		7.51994		7.51757		348		315		203		203		203		203		
353		5103		0		4925		survived		7.51994		7.51757		349		315		203		203		203		203		
354		5103		0		4925		survived		7.51994		7.51757		350		315		203		203		203		203		
355		5103		0		4925		survived		7.51994		7.51757		351		315		203		203		203		203		
356		5103		0		4925		survived		7.51994		7.51757		352		315		203		203		203		203		
357		5103		0		4925		survived		7.51994		7.51757		353		315		203		203		203		203		
358		5103		0		4925		survived		7.51994		7.51757		354		315		203		203		203		203		
359		5103		0		4925		survived		7.51994		7.51757		355		315		203		203		203		203		
360		5103		0		4925		survived		7.51994		7.51757		356		315		203		203		203		203		
361		5103		0		4925		survived		7.51994		7.51757		357		315		203		203		203		203		
362		5103		0		4925		survived		7.51994		7.51757		358		315		203		203		203		203		
363		5103		0		4925		survived		7.51994		7.51757		359		315		203		203		203		203		
364		5103		0		4925		survived		7.51994		7.51757		360		315		203		203		203		203		
365		5103		0		4925		survived		7.51994		7.51757		361		315		203		203		203		203		
366		5103		0		4925		survived		7.51994		7.51757		362		315		203		203		203		203		
367		5103		0		4925		survived		7.51994		7.51757		363		315		203		203		203		203		
368		5103		0		4925		survived		7.51994		7.51757		364		315		203		203		203		203		
369		5103		0		4925		survived		7.51994		7.51757		365		315		203		203		203		203		
370		5103		0		4925		survived		7.51994		7.51757		366		315		203		203		203		203		
371		5103		0		4925		survived		7.51994		7.51757		367		315		203		203		203		203		
372		5103		0		4925		survived		7.51994		7.51757		368		315		203		203		203		203		
373		5103		0		4925		survived		7.51994		7.51757		369		315		203		203		203		203		
374		5103		0		4925		survived		7.51994		7.51757		370		315		203		203		203		203		
375		5103		0		4925		survived		7.51994		7.51757		371		315		203		203		203		203		
376		5103		0		4925		survived		7.51994		7.51757		372		315		203		203		203		203		
377		5103		0		4925		survived		7.51994		7.51757		373		315		203		203		203		203		
378		5103		0		4925		survived		7.51994		7.51757		374		315		203		203		203		203		
379		5103		0		4925		survived		7.51994		7.51757		375		315		203		203		203		203		
380		5103		0		4925		survived		7.51994		7.51757		376		315		203		203		203		203		
381		5103		0		4925		survived		7.51994		7.51757		377		315		203		203		203		203		
382		5103		0		4925		survived		7.51994		7.51757		378		315		203		203		203		203		
383		5103		0		4925		survived		7.51994		7.51757		379		315		203		203		203		203		
384		5103		0		4925		survived		7.51994		7.51757		380		315		203		203		203		203		
385		5103		0		4925		survived		7.51994		7.51757		381		315		203		203		203		203		
386		5103		0		4925		survived		7.51994		7.51757		382		315		203		203		203		203		
387		5103		0		4925		survived		7.51994		7.51757		383		315		203		203		203		203		
388		5103		0		4925		survived		7.51994		7.51757		384		315		203		203		203		203		
389		5103		0		4925		survived		7.51994		7.51757		385		315		203		203		203		203		
390		5103		0		4925		survived		7.51994		7.51757		386		315		203		203		203		203		
391		5103		0		4925		survived		7.51994		7.51757		387		315		203		203		203		203		
392		5103		0		4925		survived		7.51994		7.51757		388		315		203		203		203		203		
393		5103		0		4925		survived		7.51994		7.51757		389		315		203		203		203		203		
394		5103		0		4925		survived		7.51994		7.51757		390		315		203		203		203		203		
395		5103		0		4925		survived		7.51994		7.51757		391		315		203		203		203		203		
396		5103		0		4925		survived		7.51994		7.51757		392		315		203		203		203		203		
397		5103		0		4925		survived		7.51994		7.51757		393		315		203		203		203		203		
398		5103		0		4925		survived		7.51994		7.51757		394		315		203		203		203		203		
399		5103		0		4925		survived		7.51994		7.51757		395		315		203		203		203		203		
400		6409		0		5103		add_node		7.57295		7.51994		396		396		203		203		203		203		
401		6409		0		5103		survived		7.57295		7.51994		397		396		203		203		203		203		
402		6409		0		5103		survived		7.57295		7.51994		398		396		203		203		203		203		
403		6409		0		5103		survived		7.57295		7.51994		399		396		203		203		203		203		
404		6409		0		5103		survived		7.57295		7.51994		400		396		203		203		203		203		
405		6409		0		5103		survived		7.57295		7.51994		401		396		203		203		203		203		
406		6409		0		5103		survived		7.57295		7.51994		402		396		203		203		203		203		
407		6524		0		6409		add_link		7.5956		7.57295		403		403		203		203		203		203		
408		6524		0		6409		survived		7.5956		7.57295		404		403		203		203		203		203		
409		6524		0		6409		survived		7.5956		7.57295		405		403		203		203		203		203		
410		6524		0		6409		survived		7.5956		7.57295		406		403		203		203		203		203		
411		6524		0		6409		survived		7.5956		7.57295		407		403		203		203		203		203		
412		6594		0		6524		add_node		7.64909		7.5956		408		408		203		203		203		203		
413		6594		0		6524		survived		7.64909		7.5956		409		408		203		203		203		203		
414		6594		0		6524		survived		7.64909		7.5956		410		408		203		203		203		203		
415		6594		0		6524		survived		7.64909		7.5956		411		408		203		203		203		203		
416		6594		0		6524		survived		7.64909		7.5956		412		408		203		203		203		203		
417		6594		0		6524		survived		7.64909		7.5956		413		408		203		203		203		203		
418		6594		0		6524		survived		7.64909		7.5956		414		408		203		203		203		203		
419		6594		0		6524		survived		7.64909		7.5956		415		408		203		203		203		203		
420		6594		0		6524		survived		7.64909		7.5956		416		408		203		203		203		203		
421		6594		0		6524		survived		7.64909		7.5956		417		408		203		203		203		203		
422		6594		0		6524		survived		7.64909		7.5956		418		408		203		203		203		203		
423		6594		0		6524		survived		7.64909		7.5956		419		408		203		203		203		203		
424		6594		0		6524		survived		7.64909		7.5956		420		408		203		203		203		203		
425		6594		0		6524		survived		7.64909		7.5956		421		408		203		203		203		203		
426		6594		0		6524		survived		7.64909		7.5956		422		408		203		203		203		203		
427		6594		0		6524		survived		7.64909		7.5956		423		408		203		203		203		203		
428		6594		0		6524		survived		7.64909		7.5956		424		408		203		203		203		203		
429		6594		0		6524		survived		7.64909		7.5956		425		408		203		203		203		203		
430		6594		0		6524		survived		7.64909		7.5956		426		408		203		203		203		203		
431		6594		0		6524		survived		7.64909		7.5956		427		408		203		203		203		203		
432		6594		0		6524		survived		7.64909		7.5956		428		408		203		203		203		203		
433		6932		0		6594		mutate_function(square-to-sqrt_abs)		7.64945		7.64909		429		429		202		203		202		203		
434		6932		0		6594		survived		7.64945		7.64909		430		429		202		203		202		203		
435		6932		0		6594		survived		7.64945		7.64909		431		429		202		203		202		203		
436		6932		0		6594		survived		7.64945		7.64909		432		429		202		203		202		203		
437		6932		0		6594		survived		7.64945		7.64909		433		429		202		203		202		203		
438		6932		0		6594		survived		7.64945		7.64909		434		429		202		203		202		203		
439		6932		0		6594		survived		7.64945		7.64909		435		429		202		203		202		203		
440		6932		0		6594		survived		7.64945		7.64909		436		429		202		203		202		203		
441		6932		0		6594		survived		7.64945		7.64909		437		429		202		203		202		203		
442		6932		0		6594		survived		7.64945		7.64909		438		429		202		203		202		203		
443		7101		0		6736		mutate_function(neg_sqrt_abs-to-neg_abs)		7.65169		7.50371		439		439		202		202		202		56		
444		7101		0		6736		survived		7.65169		7.50371		440		439		202		202		202		56		
445		7101		0		6736		survived		7.65169		7.50371		441		439		202		202		202		56		
446		7101		0		6736		survived		7.65169		7.50371		442		439		202		202		202		56		
447		7101		0		6736		survived		7.65169		7.50371		443		439		202		202		202		56		
448		7101		0		6736		survived		7.65169		7.50371		444		439		202		202		202		56		
449		7185		0		6736		add_link		7.69715		7.50371		445		445		202		202		202		56		
450		7185		0		6736		survived		7.69715		7.50371		446		445		202		202		202		56		
451		7185		0		6736		survived		7.69715		7.50371		447		445		202		202		202		56		
452		7185		0		6736		survived		7.69715		7.50371		448		445		202		202		202		56		
453		7185		0		6736		survived		7.69715		7.50371		449		445		202		202		202		56		
454		7185		0		6736		survived		7.69715		7.50371		450		445		202		202		202		56		
455		7185		0		6736		survived		7.69715		7.50371		451		445		202		202		202		56		
456		7185		0		6736		survived		7.69715		7.50371		452		445		202		202		202		56		
457		7185		0		6736		survived		7.69715		7.50371		453		445		202		202		202		56		
458		7185		0		6736		survived		7.69715		7.50371		454		445		202		202		202		56		
459		7185		0		6736		survived		7.69715		7.50371		455		445		202		202		202		56		
460		7185		0		6736		survived		7.69715		7.50371		456		445		202		202		202		56		
461		7185		0		6736		survived		7.69715		7.50371		457		445		202		202		202		56		
462		7185		0		6736		survived		7.69715		7.50371		458		445		202		202		202		56		
463		7185		0		6736		survived		7.69715		7.50371		459		445		202		202		202		56		
464		7185		0		6736		survived		7.69715		7.50371		460		445		202		202		202		56		
465		7185		0		6736		survived		7.69715		7.50371		461		445		202		202		202		56		
466		7185		0		6736		survived		7.69715		7.50371		462		445		202		202		202		56		
467		7185		0		6736		survived		7.69715		7.50371		463		445		202		202		202		56		
468		7185		0		6736		survived		7.69715		7.50371		464		445		202		202		202		56		
469		7185		0		6736		survived		7.69715		7.50371		465		445		202		202		202		56		
470		7185		0		6736		survived		7.69715		7.50371		466		445		202		202		202		56		
471		7185		0		6736		survived		7.69715		7.50371		467		445		202		202		202		56		
472		7185		0		6736		survived		7.69715		7.50371		468		445		202		202		202		56		
473		7185		0		6736		survived		7.69715		7.50371		469		445		202		202		202		56		
474		7185		0		6736		survived		7.69715		7.50371		470		445		202		202		202		56		
475		7185		0		6736		survived		7.69715		7.50371		471		445		202		202		202		56		
476		7185		0		6736		survived		7.69715		7.50371		472		445		202		202		202		56		
477		7185		0		6736		survived		7.69715		7.50371		473		445		202		202		202		56		
478		7185		0		6736		survived		7.69715		7.50371		474		445		202		202		202		56		
479		7185		0		6736		survived		7.69715		7.50371		475		445		202		202		202		56		
480		7185		0		6736		survived		7.69715		7.50371		476		445		202		202		202		56		
481		7185		0		6736		survived		7.69715		7.50371		477		445		202		202		202		56		
482		7185		0		6736		survived		7.69715		7.50371		478		445		202		202		202		56		
483		7185		0		6736		survived		7.69715		7.50371		479		445		202		202		202		56		
484		7185		0		6736		survived		7.69715		7.50371		480		445		202		202		202		56		
485		7185		0		6736		survived		7.69715		7.50371		481		445		202		202		202		56		
486		7185		0		6736		survived		7.69715		7.50371		482		445		202		202		202		56		
487		7185		0		6736		survived		7.69715		7.50371		483		445		202		202		202		56		
488		7185		0		6736		survived		7.69715		7.50371		484		445		202		202		202		56		
489		7185		0		6736		survived		7.69715		7.50371		485		445		202		202		202		56		
490		7185		0		6736		survived		7.69715		7.50371		486		445		202		202		202		56		
491		7185		0		6736		survived		7.69715		7.50371		487		445		202		202		202		56		
492		7185		0		6736		survived		7.69715		7.50371		488		445		202		202		202		56		
493		7185		0		6736		survived		7.69715		7.50371		489		445		202		202		202		56		
494		7185		0		6736		survived		7.69715		7.50371		490		445		202		202		202		56		
495		7185		0		6736		survived		7.69715		7.50371		491		445		202		202		202		56		
496		7185		0		6736		survived		7.69715		7.50371		492		445		202		202		202		56		
497		7185		0		6736		survived		7.69715		7.50371		493		445		202		202		202		56		
498		7185		0		6736		survived		7.69715		7.50371		494		445		202		202		202		56		
499		7185		0		6736		survived		7.69715		7.50371		495		445		202		202		202		56		
500		7185		0		6736		survived		7.69715		7.50371		496		445		202		202		202		56		
501		7185		0		6736		survived		7.69715		7.50371		497		445		202		202		202		56		
502		7185		0		6736		survived		7.69715		7.50371		498		445		202		202		202		56		
503		7185		0		6736		survived		7.69715		7.50371		499		445		202		202		202		56		
504		7185		0		6736		survived		7.69715		7.50371		500		445		202		202		202		56		
505		7185		0		6736		survived		7.69715		7.50371		501		445		202		202		202		56		
506		7185		0		6736		survived		7.69715		7.50371		502		445		202		202		202		56		
507		7185		0		6736		survived		7.69715		7.50371		503		445		202		202		202		56		
508		7185		0		6736		survived		7.69715		7.50371		504		445		202		202		202		56		
509		7185		0		6736		survived		7.69715		7.50371		505		445		202		202		202		56		
510		7185		0		6736		survived		7.69715		7.50371		506		445		202		202		202		56		
511		7185		0		6736		survived		7.69715		7.50371		507		445		202		202		202		56		
512		7185		0		6736		survived		7.69715		7.50371		508		445		202		202		202		56		
513		7185		0		6736		survived		7.69715		7.50371		509		445		202		202		202		56		
514		8237		0		6736		add_link		7.69715		7.50371		510		510		202		202		56		56		
515		8237		0		6736		survived		7.69715		7.50371		511		510		202		202		56		56		
516		8237		0		6736		survived		7.69715		7.50371		512		510		202		202		56		56		
517		8237		0		6736		survived		7.69715		7.50371		513		510		202		202		56		56		
518		8237		0		6736		survived		7.69715		7.50371		514		510		202		202		56		56		
519		8237		0		6736		survived		7.69715		7.50371		515		510		202		202		56		56		
520		8237		0		6736		survived		7.69715		7.50371		516		510		202		202		56		56		
521		8237		0		6736		survived		7.69715		7.50371		517		510		202		202		56		56		
522		8237		0		6736		survived		7.69715		7.50371		518		510		202		202		56		56		
523		8237		0		6736		survived		7.69715		7.50371		519		510		202		202		56		56		
524		8237		0		6736		survived		7.69715		7.50371		520		510		202		202		56		56		
525		8237		0		6736		survived		7.69715		7.50371		521		510		202		202		56		56		
526		8237		0		6736		survived		7.69715		7.50371		522		510		202		202		56		56		
527		8237		0		6736		survived		7.69715		7.50371		523		510		202		202		56		56		
528		8237		0		6736		survived		7.69715		7.50371		524		510		202		202		56		56		
529		8237		0		6736		survived		7.69715		7.50371		525		510		202		202		56		56		
530		8237		0		6736		survived		7.69715		7.50371		526		510		202		202		56		56		
531		8237		0		6736		survived		7.69715		7.50371		527		510		202		202		56		56		
532		8237		0		6736		survived		7.69715		7.50371		528		510		202		202		56		56		
533		8237		0		6736		survived		7.69715		7.50371		529		510		202		202		56		56		
534		8237		0		6736		survived		7.69715		7.50371		530		510		202		202		56		56		
535		8237		0		6736		survived		7.69715		7.50371		531		510		202		202		56		56		
536		8237		0		6736		survived		7.69715		7.50371		532		510		202		202		56		56		
537		8237		0		6736		survived		7.69715		7.50371		533		510		202		202		56		56		
538		8237		0		6736		survived		7.69715		7.50371		534		510		202		202		56		56		
539		8237		0		6736		survived		7.69715		7.50371		535		510		202		202		56		56		
540		8237		0		6736		survived		7.69715		7.50371		536		510		202		202		56		56		
541		8237		0		6736		survived		7.69715		7.50371		537		510		202		202		56		56		
542		8237		0		6736		survived		7.69715		7.50371		538		510		202		202		56		56		
543		8237		0		6736		survived		7.69715		7.50371		539		510		202		202		56		56		
544		8237		0		6736		survived		7.69715		7.50371		540		510		202		202		56		56		
545		8237		0		6736		survived		7.69715		7.50371		541		510		202		202		56		56		
546		8237		0		6736		survived		7.69715		7.50371		542		510		202		202		56		56		
547		8237		0		6736		survived		7.69715		7.50371		543		510		202		202		56		56		
548		8237		0		6736		survived		7.69715		7.50371		544		510		202		202		56		56		
549		8237		0		6736		survived		7.69715		7.50371		545		510		202		202		56		56		
550		8237		0		6736		survived		7.69715		7.50371		546		510		202		202		56		56		
551		8237		0		6736		survived		7.69715		7.50371		547		510		202		202		56		56		
552		8237		0		6736		survived		7.69715		7.50371		548		510		202		202		56		56		
553		8237		0		6736		survived		7.69715		7.50371		549		510		202		202		56		56		
554		8237		0		6736		survived		7.69715		7.50371		550		510		202		202		56		56		
555		8237		0		6736		survived		7.69715		7.50371		551		510		202		202		56		56		
556		8898		0		8484		add_node		7.80452		7.69436		552		552		162		163		162		163		
557		8898		0		8484		survived		7.80452		7.69436		553		552		162		163		162		163		
558		8898		0		8484		survived		7.80452		7.69436		554		552		162		163		162		163		
559		8898		0		8484		survived		7.80452		7.69436		555		552		162		163		162		163		
560		8898		0		8484		survived		7.80452		7.69436		556		552		162		163		162		163		
561		8898		0		8484		survived		7.80452		7.69436		557		552		162		163		162		163		
562		8898		0		8484		survived		7.80452		7.69436		558		552		162		163		162		163		
563		8898		0		8484		survived		7.80452		7.69436		559		552		162		163		162		163		
564		8898		0		8484		survived		7.80452		7.69436		560		552		162		163		162		163		
565		8898		0		8484		survived		7.80452		7.69436		561		552		162		163		162		163		
566		8898		0		8484		survived		7.80452		7.69436		562		552		162		163		162		163		
567		8898		0		8484		survived		7.80452		7.69436		563		552		162		163		162		163		
568		8898		0		8484		survived		7.80452		7.69436		564		552		162		163		162		163		
569		8898		0		8484		survived		7.80452		7.69436		565		552		162		163		162		163		
570		8898		0		8484		survived		7.80452		7.69436		566		552		162		163		162		163		
571		8898		0		8484		survived		7.80452		7.69436		567		552		162		163		162		163		
572		8898		0		8484		survived		7.80452		7.69436		568		552		162		163		162		163		
573		8898		0		8484		survived		7.80452		7.69436		569		552		162		163		162		163		
574		9183		0		9129		add_link		7.91227		7.57431		570		570		160		160		160		160		
575		9183		0		9129		survived		7.91227		7.57431		571		570		160		160		160		160		
576		9183		0		9129		survived		7.91227		7.57431		572		570		160		160		160		160		
577		9183		0		9129		survived		7.91227		7.57431		573		570		160		160		160		160		
578		9183		0		9129		survived		7.91227		7.57431		574		570		160		160		160		160		
579		9183		0		9129		survived		7.91227		7.57431		575		570		160		160		160		160		
580		9183		0		9129		survived		7.91227		7.57431		576		570		160		160		160		160		
581		9183		0		9129		survived		7.91227		7.57431		577		570		160		160		160		160		
582		9183		0		9129		survived		7.91227		7.57431		578		570		160		160		160		160		
583		9183		0		9129		survived		7.91227		7.57431		579		570		160		160		160		160		
584		9183		0		9129		survived		7.91227		7.57431		580		570		160		160		160		160		
585		9183		0		9129		survived		7.91227		7.57431		581		570		160		160		160		160		
586		9183		0		9129		survived		7.91227		7.57431		582		570		160		160		160		160		
587		9183		0		9129		survived		7.91227		7.57431		583		570		160		160		160		160		
588		9183		0		9129		survived		7.91227		7.57431		584		570		160		160		160		160		
589		9183		0		9129		survived		7.91227		7.57431		585		570		160		160		160		160		
590		9183		0		9129		survived		7.91227		7.57431		586		570		160		160		160		160		
591		9183		0		9129		survived		7.91227		7.57431		587		570		160		160		160		160		
592		9479		0		9183		add_link		8.31741		7.91227		588		588		159		160		159		160		
593		9479		0		9183		survived		8.31741		7.91227		589		588		159		160		159		160		
594		9479		0		9183		survived		8.31741		7.91227		590		588		159		160		159		160		
595		9479		0		9183		survived		8.31741		7.91227		591		588		159		160		159		160		
596		9479		0		9183		survived		8.31741		7.91227		592		588		159		160		159		160		
597		9479		0		9183		survived		8.31741		7.91227		593		588		159		160		159		160		
598		9479		0		9183		survived		8.31741		7.91227		594		588		159		160		159		160		
599		9479		0		9183		survived		8.31741		7.91227		595		588		159		160		159		160		
600		9479		0		9183		survived		8.31741		7.91227		596		588		159		160		159		160		
601		9479		0		9183		survived		8.31741		7.91227		597		588		159		160		159		160		
602		9479		0		9183		survived		8.31741		7.91227		598		588		159		160		159		160		
603		9479		0		9183		survived		8.31741		7.91227		599		588		159		160		159		160		
604		9479		0		9183		survived		8.31741		7.91227		600		588		159		160		159		160		
605		9479		0		9183		survived		8.31741		7.91227		601		588		159		160		159		160		
606		9479		0		9183		survived		8.31741		7.91227		602		588		159		160		159		160		
607		9479		0		9183		survived		8.31741		7.91227		603		588		159		160		159		160		
608		9734		0		9515		add_link		8.36426		7.83649		604		604		158		158		158		158		
609		9734		0		9515		survived		8.36426		7.83649		605		604		158		158		158		158		
610		9734		0		9515		survived		8.36426		7.83649		606		604		158		158		158		158		
611		9734		0		9515		survived		8.36426		7.83649		607		604		158		158		158		158		
612		9734		0		9515		survived		8.36426		7.83649		608		604		158		158		158		158		
613		9734		0		9515		survived		8.36426		7.83649		609		604		158		158		158		158		
614		9734		0		9515		survived		8.36426		7.83649		610		604		158		158		158		158		
615		9734		0		9515		survived		8.36426		7.83649		611		604		158		158		158		158		
616		9734		0		9515		survived		8.36426		7.83649		612		604		158		158		158		158		
617		9734		0		9515		survived		8.36426		7.83649		613		604		158		158		158		158		
618		9734		0		9515		survived		8.36426		7.83649		614		604		158		158		158		158		
619		9734		0		9515		survived		8.36426		7.83649		615		604		158		158		158		158		
620		9927		0		9734		mutate_function(neg_abs-to-neg_sqrt_abs)		8.4004		8.36426		616		616		157		158		157		158		
621		9927		0		9734		survived		8.4004		8.36426		617		616		157		158		157		158		
622		9927		0		9734		survived		8.4004		8.36426		618		616		157		158		157		158		
623		9927		0		9734		survived		8.4004		8.36426		619		616		157		158		157		158		
624		9927		0		9734		survived		8.4004		8.36426		620		616		157		158		157		158		
625		9927		0		9734		survived		8.4004		8.36426		621		616		157		158		157		158		
626		9927		0		9734		survived		8.4004		8.36426		622		616		157		158		157		158		
627		9927		0		9734		survived		8.4004		8.36426		623		616		157		158		157		158		
628		9927		0		9734		survived		8.4004		8.36426		624		616		157		158		157		158		
629		9927		0		9734		survived		8.4004		8.36426		625		616		157		158		157		158		
630		9927		0		9734		survived		8.4004		8.36426		626		616		157		158		157		158		
631		9927		0		9734		survived		8.4004		8.36426		627		616		157		158		157		158		
632		9927		0		9734		survived		8.4004		8.36426		628		616		157		158		157		158		
633		9927		0		9734		survived		8.4004		8.36426		629		616		157		158		157		158		
634		9927		0		9734		survived		8.4004		8.36426		630		616		157		158		157		158		
635		9927		0		9734		survived		8.4004		8.36426		631		616		157		158		157		158		
636		9927		0		9734		survived		8.4004		8.36426		632		616		157		158		157		158		
637		9927		0		9734		survived		8.4004		8.36426		633		616		157		158		157		158		
638		9927		0		9734		survived		8.4004		8.36426		634		616		157		158		157		158		
639		9927		0		9734		survived		8.4004		8.36426		635		616		157		158		157		158		
640		9927		0		9734		survived		8.4004		8.36426		636		616		157		158		157		158		
641		9927		0		9734		survived		8.4004		8.36426		637		616		157		158		157		158		
642		9927		0		9734		survived		8.4004		8.36426		638		616		157		158		157		158		
643		9927		0		9734		survived		8.4004		8.36426		639		616		157		158		157		158		
644		9927		0		9734		survived		8.4004		8.36426		640		616		157		158		157		158		
645		9927		0		9734		survived		8.4004		8.36426		641		616		157		158		157		158		
646		9927		0		9734		survived		8.4004		8.36426		642		616		157		158		157		158		
647		9927		0		9734		survived		8.4004		8.36426		643		616		157		158		157		158		
648		9927		0		9734		survived		8.4004		8.36426		644		616		157		158		157		158		
649		9927		0		9734		survived		8.4004		8.36426		645		616		157		158		157		158		
650		9927		0		9734		survived		8.4004		8.36426		646		616		157		158		157		158		
651		9927		0		9734		survived		8.4004		8.36426		647		616		157		158		157		158		
652		9927		0		9734		survived		8.4004		8.36426		648		616		157		158		157		158		
653		9927		0		9734		survived		8.4004		8.36426		649		616		157		158		157		158		
654		9927		0		9734		survived		8.4004		8.36426		650		616		157		158		157		158		
655		9927		0		9734		survived		8.4004		8.36426		651		616		157		158		157		158		
656		9927		0		9734		survived		8.4004		8.36426		652		616		157		158		157		158		
657		9927		0		9734		survived		8.4004		8.36426		653		616		157		158		157		158		
658		9927		0		9734		survived		8.4004		8.36426		654		616		157		158		157		158		
659		9927		0		9734		survived		8.4004		8.36426		655		616		157		158		157		158		
660		9927		0		9734		survived		8.4004		8.36426		656		616		157		158		157		158		
661		9927		0		9734		survived		8.4004		8.36426		657		616		157		158		157		158		
662		9927		0		9734		survived		8.4004		8.36426		658		616		157		158		157		158		
663		9927		0		9734		survived		8.4004		8.36426		659		616		157		158		157		158		
664		9927		0		9734		survived		8.4004		8.36426		660		616		157		158		157		158		
665		9927		0		9734		survived		8.4004		8.36426		661		616		157		158		157		158		
666		9927		0		9734		survived		8.4004		8.36426		662		616		157		158		157		158		
667		9927		0		9734		survived		8.4004		8.36426		663		616		157		158		157		158		
668		9927		0		9734		survived		8.4004		8.36426		664		616		157		158		157		158		
669		9927		0		9734		survived		8.4004		8.36426		665		616		157		158		157		158		
670		9927		0		9734		survived		8.4004		8.36426		666		616		157		158		157		158		
671		9927		0		9734		survived		8.4004		8.36426		667		616		157		158		157		158		
672		9927		0		9734		survived		8.4004		8.36426		668		616		157		158		157		158		
673		9927		0		9734		survived		8.4004		8.36426		669		616		157		158		157		158		
674		9927		0		9734		survived		8.4004		8.36426		670		616		157		158		157		158		
675		9927		0		9734		survived		8.4004		8.36426		671		616		157		158		157		158		
676		9927		0		9734		survived		8.4004		8.36426		672		616		157		158		157		158		
677		9927		0		9734		survived		8.4004		8.36426		673		616		157		158		157		158		
678		9927		0		9734		survived		8.4004		8.36426		674		616		157		158		157		158		
679		9927		0		9734		survived		8.4004		8.36426		675		616		157		158		157		158		
680		9927		0		9734		survived		8.4004		8.36426		676		616		157		158		157		158		
681		9927		0		9734		survived		8.4004		8.36426		677		616		157		158		157		158		
682		9927		0		9734		survived		8.4004		8.36426		678		616		157		158		157		158		
683		9927		0		9734		survived		8.4004		8.36426		679		616		157		158		157		158		
684		9927		0		9734		survived		8.4004		8.36426		680		616		157		158		157		158		
685		9927		0		9734		survived		8.4004		8.36426		681		616		157		158		157		158		
686		9927		0		9734		survived		8.4004		8.36426		682		616		157		158		157		158		
687		9927		0		9734		survived		8.4004		8.36426		683		616		157		158		157		158		
688		9927		0		9734		survived		8.4004		8.36426		684		616		157		158		157		158		
689		9927		0		9734		survived		8.4004		8.36426		685		616		157		158		157		158		
690		9927		0		9734		survived		8.4004		8.36426		686		616		157		158		157		158		
691		9927		0		9734		survived		8.4004		8.36426		687		616		157		158		157		158		
692		11072		0		9927		mutate_weight(-0.174964396922)		8.41344		8.4004		688		688		157		157		157		157		
693		11072		0		9927		survived		8.41344		8.4004		689		688		157		157		157		157		
694		11072		0		9927		survived		8.41344		8.4004		690		688		157		157		157		157		
695		11072		0		9927		survived		8.41344		8.4004		691		688		157		157		157		157		
696		11072		0		9927		survived		8.41344		8.4004		692		688		157		157		157		157		
697		11072		0		9927		survived		8.41344		8.4004		693		688		157		157		157		157		
698		11072		0		9927		survived		8.41344		8.4004		694		688		157		157		157		157		
699		11072		0		9927		survived		8.41344		8.4004		695		688		157		157		157		157		
700		11072		0		9927		survived		8.41344		8.4004		696		688		157		157		157		157		
701		11072		0		9927		survived		8.41344		8.4004		697		688		157		157		157		157		
702		11072		0		9927		survived		8.41344		8.4004		698		688		157		157		157		157		
703		11072		0		9927		survived		8.41344		8.4004		699		688		157		157		157		157		
704		11072		0		9927		survived		8.41344		8.4004		700		688		157		157		157		157		
705		11072		0		9927		survived		8.41344		8.4004		701		688		157		157		157		157		
706		11072		0		9927		survived		8.41344		8.4004		702		688		157		157		157		157		
707		11072		0		9927		survived		8.41344		8.4004		703		688		157		157		157		157		
708		11072		0		9927		survived		8.41344		8.4004		704		688		157		157		157		157		
709		11072		0		9927		survived		8.41344		8.4004		705		688		157		157		157		157		
710		11072		0		9927		survived		8.41344		8.4004		706		688		157		157		157		157		
711		11072		0		9927		survived		8.41344		8.4004		707		688		157		157		157		157		
712		11072		0		9927		survived		8.41344		8.4004		708		688		157		157		157		157		
713		11072		0		9927		survived		8.41344		8.4004		709		688		157		157		157		157		
714		11072		0		9927		survived		8.41344		8.4004		710		688		157		157		157		157		
715		11072		0		9927		survived		8.41344		8.4004		711		688		157		157		157		157		
716		11072		0		9927		survived		8.41344		8.4004		712		688		157		157		157		157		
717		11072		0		9927		survived		8.41344		8.4004		713		688		157		157		157		157		
718		11072		0		9927		survived		8.41344		8.4004		714		688		157		157		157		157		
719		11072		0		9927		survived		8.41344		8.4004		715		688		157		157		157		157		
720		11072		0		9927		survived		8.41344		8.4004		716		688		157		157		157		157		
721		11072		0		9927		survived		8.41344		8.4004		717		688		157		157		157		157		
722		11072		0		9927		survived		8.41344		8.4004		718		688		157		157		157		157		
723		11072		0		9927		survived		8.41344		8.4004		719		688		157		157		157		157		
724		11072		0		9927		survived		8.41344		8.4004		720		688		157		157		157		157		
725		11072		0		9927		survived		8.41344		8.4004		721		688		157		157		157		157		
726		11072		0		9927		survived		8.41344		8.4004		722		688		157		157		157		157		
727		11072		0		9927		survived		8.41344		8.4004		723		688		157		157		157		157		
728		11072		0		9927		survived		8.41344		8.4004		724		688		157		157		157		157		
729		11072		0		9927		survived		8.41344		8.4004		725		688		157		157		157		157		
730		11072		0		9927		survived		8.41344		8.4004		726		688		157		157		157		157		
731		11072		0		9927		survived		8.41344		8.4004		727		688		157		157		157		157		
732		11072		0		9927		survived		8.41344		8.4004		728		688		157		157		157		157		
733		11072		0		9927		survived		8.41344		8.4004		729		688		157		157		157		157		
734		11072		0		9927		survived		8.41344		8.4004		730		688		157		157		157		157		
735		11072		0		9927		survived		8.41344		8.4004		731		688		157		157		157		157		
736		11072		0		9927		survived		8.41344		8.4004		732		688		157		157		157		157		
737		11072		0		9927		survived		8.41344		8.4004		733		688		157		157		157		157		
738		11072		0		9927		survived		8.41344		8.4004		734		688		157		157		157		157		
739		11072		0		9927		survived		8.41344		8.4004		735		688		157		157		157		157		
740		11072		0		9927		survived		8.41344		8.4004		736		688		157		157		157		157		
741		11072		0		9927		survived		8.41344		8.4004		737		688		157		157		157		157		
742		11072		0		9927		survived		8.41344		8.4004		738		688		157		157		157		157		
743		11072		0		9927		survived		8.41344		8.4004		739		688		157		157		157		157		
744		11072		0		9927		survived		8.41344		8.4004		740		688		157		157		157		157		
745		11072		0		9927		survived		8.41344		8.4004		741		688		157		157		157		157		
746		11072		0		9927		survived		8.41344		8.4004		742		688		157		157		157		157		
747		11072		0		9927		survived		8.41344		8.4004		743		688		157		157		157		157		
748		11072		0		9927		survived		8.41344		8.4004		744		688		157		157		157		157		
749		11985		0		11072		add_link		8.45531		8.41344		745		745		158		157		158		157		
750		11985		0		11072		survived		8.45531		8.41344		746		745		158		157		158		157		
751		11985		0		11072		survived		8.45531		8.41344		747		745		158		157		158		157		
752		11985		0		11072		survived		8.45531		8.41344		748		745		158		157		158		157		
753		11985		0		11072		survived		8.45531		8.41344		749		745		158		157		158		157		
754		11985		0		11072		survived		8.45531		8.41344		750		745		158		157		158		157		
755		11985		0		11072		survived		8.45531		8.41344		751		745		158		157		158		157		
756		11985		0		11072		survived		8.45531		8.41344		752		745		158		157		158		157		
757		11985		0		11072		survived		8.45531		8.41344		753		745		158		157		158		157		
758		11985		0		11072		survived		8.45531		8.41344		754		745		158		157		158		157		
759		11985		0		11072		survived		8.45531		8.41344		755		745		158		157		158		157		
760		11985		0		11072		survived		8.45531		8.41344		756		745		158		157		158		157		
761		11985		0		11072		survived		8.45531		8.41344		757		745		158		157		158		157		
762		11985		0		11072		survived		8.45531		8.41344		758		745		158		157		158		157		
763		11985		0		11072		survived		8.45531		8.41344		759		745		158		157		158		157		
764		11985		0		11072		survived		8.45531		8.41344		760		745		158		157		158		157		
765		11985		0		11072		survived		8.45531		8.41344		761		745		158		157		158		157		
766		11985		0		11072		survived		8.45531		8.41344		762		745		158		157		158		157		
767		11985		0		11072		survived		8.45531		8.41344		763		745		158		157		158		157		
768		11985		0		11072		survived		8.45531		8.41344		764		745		158		157		158		157		
769		11985		0		11072		survived		8.45531		8.41344		765		745		158		157		158		157		
770		11985		0		11072		survived		8.45531		8.41344		766		745		158		157		158		157		
771		11985		0		11072		survived		8.45531		8.41344		767		745		158		157		158		157		
772		11985		0		11072		survived		8.45531		8.41344		768		745		158		157		158		157		
773		11985		0		11072		survived		8.45531		8.41344		769		745		158		157		158		157		
774		11985		0		11072		survived		8.45531		8.41344		770		745		158		157		158		157		
775		11985		0		11072		survived		8.45531		8.41344		771		745		158		157		158		157		
776		11985		0		11072		survived		8.45531		8.41344		772		745		158		157		158		157		
777		11985		0		11072		survived		8.45531		8.41344		773		745		158		157		158		157		
778		11985		0		11072		survived		8.45531		8.41344		774		745		158		157		158		157		
779		11985		0		11072		survived		8.45531		8.41344		775		745		158		157		158		157		
780		11985		0		11072		survived		8.45531		8.41344		776		745		158		157		158		157		
781		11985		0		11072		survived		8.45531		8.41344		777		745		158		157		158		157		
782		11985		0		11072		survived		8.45531		8.41344		778		745		158		157		158		157		
783		11985		0		11072		survived		8.45531		8.41344		779		745		158		157		158		157		
784		11985		0		11072		survived		8.45531		8.41344		780		745		158		157		158		157		
785		11985		0		11072		survived		8.45531		8.41344		781		745		158		157		158		157		
786		11985		0		11072		survived		8.45531		8.41344		782		745		158		157		158		157		
787		11985		0		11072		survived		8.45531		8.41344		783		745		158		157		158		157		
788		11985		0		11072		survived		8.45531		8.41344		784		745		158		157		158		157		
789		11985		0		11072		survived		8.45531		8.41344		785		745		158		157		158		157		
790		11985		0		11072		survived		8.45531		8.41344		786		745		158		157		158		157		
791		11985		0		11072		survived		8.45531		8.41344		787		745		158		157		158		157		
792		11985		0		11072		survived		8.45531		8.41344		788		745		158		157		158		157		
793		11985		0		11072		survived		8.45531		8.41344		789		745		158		157		158		157		
794		11985		0		11072		survived		8.45531		8.41344		790		745		158		157		158		157		
795		11985		0		11072		survived		8.45531		8.41344		791		745		158		157		158		157		
796		11985		0		11072		survived		8.45531		8.41344		792		745		158		157		158		157		
797		11985		0		11072		survived		8.45531		8.41344		793		745		158		157		158		157		
798		11985		0		11072		survived		8.45531		8.41344		794		745		158		157		158		157		
799		11985		0		11072		survived		8.45531		8.41344		795		745		158		157		158		157		
800		11985		0		11072		survived		8.45531		8.41344		796		745		158		157		158		157		
801		11985		0		11072		survived		8.45531		8.41344		797		745		158		157		158		157		
802		11985		0		11072		survived		8.45531		8.41344		798		745		158		157		158		157		
803		11985		0		11072		survived		8.45531		8.41344		799		745		158		157		158		157		
804		11985		0		11072		survived		8.45531		8.41344		800		745		158		157		158		157		
805		11985		0		11072		survived		8.45531		8.41344		801		745		158		157		158		157		
806		11985		0		11072		survived		8.45531		8.41344		802		745		158		157		158		157		
807		11985		0		11072		survived		8.45531		8.41344		803		745		158		157		158		157		
808		11985		0		11072		survived		8.45531		8.41344		804		745		158		157		158		157		
809		11985		0		11072		survived		8.45531		8.41344		805		745		158		157		158		157		
810		11985		0		11072		survived		8.45531		8.41344		806		745		158		157		158		157		
811		11985		0		11072		survived		8.45531		8.41344		807		745		158		157		158		157		
812		11985		0		11072		survived		8.45531		8.41344		808		745		158		157		158		157		
813		11985		0		11072		survived		8.45531		8.41344		809		745		158		157		158		157		
814		11985		0		11072		survived		8.45531		8.41344		810		745		158		157		158		157		
815		11985		0		11072		survived		8.45531		8.41344		811		745		158		157		158		157		
816		11985		0		11072		survived		8.45531		8.41344		812		745		158		157		158		157		
817		11985		0		11072		survived		8.45531		8.41344		813		745		158		157		158		157		
818		11985		0		11072		survived		8.45531		8.41344		814		745		158		157		158		157		
819		11985		0		11072		survived		8.45531		8.41344		815		745		158		157		158		157		
820		11985		0		11072		survived		8.45531		8.41344		816		745		158		157		158		157		
821		11985		0		11072		survived		8.45531		8.41344		817		745		158		157		158		157		
822		11985		0		11072		survived		8.45531		8.41344		818		745		158		157		158		157		
823		11985		0		11072		survived		8.45531		8.41344		819		745		158		157		158		157		
824		11985		0		11072		survived		8.45531		8.41344		820		745		158		157		158		157		
825		11985		0		11072		survived		8.45531		8.41344		821		745		158		157		158		157		
826		11985		0		11072		survived		8.45531		8.41344		822		745		158		157		158		157		
827		11985		0		11072		survived		8.45531		8.41344		823		745		158		157		158		157		
828		11985		0		11072		survived		8.45531		8.41344		824		745		158		157		158		157		
829		11985		0		11072		survived		8.45531		8.41344		825		745		158		157		158		157		
830		11985		0		11072		survived		8.45531		8.41344		826		745		158		157		158		157		
831		11985		0		11072		survived		8.45531		8.41344		827		745		158		157		158		157		
832		11985		0		11072		survived		8.45531		8.41344		828		745		158		157		158		157		
833		11985		0		11072		survived		8.45531		8.41344		829		745		158		157		158		157		
834		11985		0		11072		survived		8.45531		8.41344		830		745		158		157		158		157		
835		11985		0		11072		survived		8.45531		8.41344		831		745		158		157		158		157		
836		11985		0		11072		survived		8.45531		8.41344		832		745		158		157		158		157		
837		11985		0		11072		survived		8.45531		8.41344		833		745		158		157		158		157		
838		11985		0		11072		survived		8.45531		8.41344		834		745		158		157		158		157		
839		13423		0		11985		add_link		8.51401		8.45531		835		835		157		158		157		158		
840		13423		0		11985		survived		8.51401		8.45531		836		835		157		158		157		158		
841		13423		0		11985		survived		8.51401		8.45531		837		835		157		158		157		158		
842		13423		0		11985		survived		8.51401		8.45531		838		835		157		158		157		158		
843		13423		0		11985		survived		8.51401		8.45531		839		835		157		158		157		158		
844		13423		0		11985		survived		8.51401		8.45531		840		835		157		158		157		158		
845		13423		0		11985		survived		8.51401		8.45531		841		835		157		158		157		158		
846		13423		0		11985		survived		8.51401		8.45531		842		835		157		158		157		158		
847		13423		0		11985		survived		8.51401		8.45531		843		835		157		158		157		158		
848		13423		0		11985		survived		8.51401		8.45531		844		835		157		158		157		158		
849		13423		0		11985		survived		8.51401		8.45531		845		835		157		158		157		158		
850		13423		0		11985		survived		8.51401		8.45531		846		835		157		158		157		158		
851		13423		0		11985		survived		8.51401		8.45531		847		835		157		158		157		158		
852		13423		0		11985		survived		8.51401		8.45531		848		835		157		158		157		158		
853		13423		0		11985		survived		8.51401		8.45531		849		835		157		158		157		158		
854		13423		0		11985		survived		8.51401		8.45531		850		835		157		158		157		158		
855		13423		0		11985		survived		8.51401		8.45531		851		835		157		158		157		158		
856		13423		0		11985		survived		8.51401		8.45531		852		835		157		158		157		158		
857		13423		0		11985		survived		8.51401		8.45531		853		835		157		158		157		158		
858		13423		0		11985		survived		8.51401		8.45531		854		835		157		158		157		158		
859		13423		0		11985		survived		8.51401		8.45531		855		835		157		158		157		158		
860		13423		0		11985		survived		8.51401		8.45531		856		835		157		158		157		158		
861		13423		0		11985		survived		8.51401		8.45531		857		835		157		158		157		158		
862		13423		0		11985		survived		8.51401		8.45531		858		835		157		158		157		158		
863		13423		0		11985		survived		8.51401		8.45531		859		835		157		158		157		158		
864		13423		0		11985		survived		8.51401		8.45531		860		835		157		158		157		158		
865		13423		0		11985		survived		8.51401		8.45531		861		835		157		158		157		158		
866		13423		0		11985		survived		8.51401		8.45531		862		835		157		158		157		158		
867		13423		0		11985		survived		8.51401		8.45531		863		835		157		158		157		158		
868		13423		0		11985		survived		8.51401		8.45531		864		835		157		158		157		158		
869		13423		0		11985		survived		8.51401		8.45531		865		835		157		158		157		158		
870		13423		0		11985		survived		8.51401		8.45531		866		835		157		158		157		158		
871		13423		0		11985		survived		8.51401		8.45531		867		835		157		158		157		158		
872		13423		0		11985		survived		8.51401		8.45531		868		835		157		158		157		158		
873		13423		0		11985		survived		8.51401		8.45531		869		835		157		158		157		158		
874		13423		0		11985		survived		8.51401		8.45531		870		835		157		158		157		158		
875		13423		0		11985		survived		8.51401		8.45531		871		835		157		158		157		158		
876		13423		0		11985		survived		8.51401		8.45531		872		835		157		158		157		158		
877		13423		0		11985		survived		8.51401		8.45531		873		835		157		158		157		158		
878		13423		0		11985		survived		8.51401		8.45531		874		835		157		158		157		158		
879		13423		0		11985		survived		8.51401		8.45531		875		835		157		158		157		158		
880		13423		0		11985		survived		8.51401		8.45531		876		835		157		158		157		158		
881		13423		0		11985		survived		8.51401		8.45531		877		835		157		158		157		158		
882		13423		0		11985		survived		8.51401		8.45531		878		835		157		158		157		158		
883		13423		0		11985		survived		8.51401		8.45531		879		835		157		158		157		158		
884		13423		0		11985		survived		8.51401		8.45531		880		835		157		158		157		158		
885		14173		0		13423		add_node		8.56773		8.51401		881		881		160		157		160		157		
886		14188		0		14173		add_node		8.67336		8.56773		882		882		159		160		159		160		
887		14188		0		14173		survived		8.67336		8.56773		883		882		159		160		159		160		
888		14188		0		14173		survived		8.67336		8.56773		884		882		159		160		159		160		
889		14188		0		14173		survived		8.67336		8.56773		885		882		159		160		159		160		
890		14188		0		14173		survived		8.67336		8.56773		886		882		159		160		159		160		
891		14188		0		14173		survived		8.67336		8.56773		887		882		159		160		159		160		
892		14188		0		14173		survived		8.67336		8.56773		888		882		159		160		159		160		
893		14188		0		14173		survived		8.67336		8.56773		889		882		159		160		159		160		
894		14188		0		14173		survived		8.67336		8.56773		890		882		159		160		159		160		
895		14188		0		14173		survived		8.67336		8.56773		891		882		159		160		159		160		
896		14188		0		14173		survived		8.67336		8.56773		892		882		159		160		159		160		
897		14188		0		14173		survived		8.67336		8.56773		893		882		159		160		159		160		
898		14188		0		14173		survived		8.67336		8.56773		894		882		159		160		159		160		
899		14188		0		14173		survived		8.67336		8.56773		895		882		159		160		159		160		
900		14188		0		14173		survived		8.67336		8.56773		896		882		159		160		159		160		
901		14188		0		14173		survived		8.67336		8.56773		897		882		159		160		159		160		
902		14188		0		14173		survived		8.67336		8.56773		898		882		159		160		159		160		
903		14188		0		14173		survived		8.67336		8.56773		899		882		159		160		159		160		
904		14188		0		14173		survived		8.67336		8.56773		900		882		159		160		159		160		
905		14188		0		14173		survived		8.67336		8.56773		901		882		159		160		159		160		
906		14188		0		14173		survived		8.67336		8.56773		902		882		159		160		159		160		
907		14188		0		14173		survived		8.67336		8.56773		903		882		159		160		159		160		
908		14188		0		14173		survived		8.67336		8.56773		904		882		159		160		159		160		
909		14188		0		14173		survived		8.67336		8.56773		905		882		159		160		159		160		
910		14188		0		14173		survived		8.67336		8.56773		906		882		159		160		159		160		
911		14188		0		14173		survived		8.67336		8.56773		907		882		159		160		159		160		
912		14188		0		14173		survived		8.67336		8.56773		908		882		159		160		159		160		
913		14188		0		14173		survived		8.67336		8.56773		909		882		159		160		159		160		
914		14188		0		14173		survived		8.67336		8.56773		910		882		159		160		159		160		
915		14188		0		14173		survived		8.67336		8.56773		911		882		159		160		159		160		
916		14188		0		14173		survived		8.67336		8.56773		912		882		159		160		159		160		
917		14188		0		14173		survived		8.67336		8.56773		913		882		159		160		159		160		
918		14188		0		14173		survived		8.67336		8.56773		914		882		159		160		159		160		
919		14188		0		14173		survived		8.67336		8.56773		915		882		159		160		159		160		
920		14188		0		14173		survived		8.67336		8.56773		916		882		159		160		159		160		
921		14188		0		14173		survived		8.67336		8.56773		917		882		159		160		159		160		
922		14188		0		14173		survived		8.67336		8.56773		918		882		159		160		159		160		
923		14188		0		14173		survived		8.67336		8.56773		919		882		159		160		159		160		
924		14188		0		14173		survived		8.67336		8.56773		920		882		159		160		159		160		
925		14188		0		14173		survived		8.67336		8.56773		921		882		159		160		159		160		
926		14188		0		14173		survived		8.67336		8.56773		922		882		159		160		159		160		
927		14188		0		14173		survived		8.67336		8.56773		923		882		159		160		159		160		
928		14188		0		14173		survived		8.67336		8.56773		924		882		159		160		159		160		
929		14188		0		14173		survived		8.67336		8.56773		925		882		159		160		159		160		
930		14188		0		14173		survived		8.67336		8.56773		926		882		159		160		159		160		
931		14188		0		14173		survived		8.67336		8.56773		927		882		159		160		159		160		
932		14188		0		14173		survived		8.67336		8.56773		928		882		159		160		159		160		
933		14188		0		14173		survived		8.67336		8.56773		929		882		159		160		159		160		
934		14188		0		14173		survived		8.67336		8.56773		930		882		159		160		159		160		
935		14188		0		14173		survived		8.67336		8.56773		931		882		159		160		159		160		
936		14188		0		14173		survived		8.67336		8.56773		932		882		159		160		159		160		
937		14188		0		14173		survived		8.67336		8.56773		933		882		159		160		159		160		
938		14188		0		14173		survived		8.67336		8.56773		934		882		159		160		159		160		
939		14188		0		14173		survived		8.67336		8.56773		935		882		159		160		159		160		
940		14188		0		14173		survived		8.67336		8.56773		936		882		159		160		159		160		
941		14188		0		14173		survived		8.67336		8.56773		937		882		159		160		159		160		
942		14188		0		14173		survived		8.67336		8.56773		938		882		159		160		159		160		
943		14188		0		14173		survived		8.67336		8.56773		939		882		159		160		159		160		
944		14188		0		14173		survived		8.67336		8.56773		940		882		159		160		159		160		
945		14188		0		14173		survived		8.67336		8.56773		941		882		159		160		159		160		
946		14188		0		14173		survived		8.67336		8.56773		942		882		159		160		159		160		
947		14188		0		14173		survived		8.67336		8.56773		943		882		159		160		159		160		
948		14188		0		14173		survived		8.67336		8.56773		944		882		159		160		159		160		
949		14188		0		14173		survived		8.67336		8.56773		945		882		159		160		159		160		
950		14188		0		14173		survived		8.67336		8.56773		946		882		159		160		159		160		
951		14188		0		14173		survived		8.67336		8.56773		947		882		159		160		159		160		
952		14188		0		14173		survived		8.67336		8.56773		948		882		159		160		159		160		
953		14188		0		14173		survived		8.67336		8.56773		949		882		159		160		159		160		
954		14188		0		14173		survived		8.67336		8.56773		950		882		159		160		159		160		
955		14188		0		14173		survived		8.67336		8.56773		951		882		159		160		159		160		
956		14188		0		14173		survived		8.67336		8.56773		952		882		159		160		159		160		
957		14188		0		14173		survived		8.67336		8.56773		953		882		159		160		159		160		
958		14188		0		14173		survived		8.67336		8.56773		954		882		159		160		159		160		
959		14188		0		14173		survived		8.67336		8.56773		955		882		159		160		159		160		
960		14188		0		14173		survived		8.67336		8.56773		956		882		159		160		159		160		
961		14188		0		14173		survived		8.67336		8.56773		957		882		159		160		159		160		
962		14188		0		14173		survived		8.67336		8.56773		958		882		159		160		159		160		
963		14188		0		14173		survived		8.67336		8.56773		959		882		159		160		159		160		
964		14188		0		14173		survived		8.67336		8.56773		960		882		159		160		159		160		
965		14188		0		14173		survived		8.67336		8.56773		961		882		159		160		159		160		
966		14188		0		14173		survived		8.67336		8.56773		962		882		159		160		159		160		
967		14188		0		14173		survived		8.67336		8.56773		963		882		159		160		159		160		
968		14188		0		14173		survived		8.67336		8.56773		964		882		159		160		159		160		
969		14188		0		14173		survived		8.67336		8.56773		965		882		159		160		159		160		
970		14188		0		14173		survived		8.67336		8.56773		966		882		159		160		159		160		
971		14188		0		14173		survived		8.67336		8.56773		967		882		159		160		159		160		
972		14188		0		14173		survived		8.67336		8.56773		968		882		159		160		159		160		
973		14188		0		14173		survived		8.67336		8.56773		969		882		159		160		159		160		
974		14188		0		14173		survived		8.67336		8.56773		970		882		159		160		159		160		
975		14188		0		14173		survived		8.67336		8.56773		971		882		159		160		159		160		
976		14188		0		14173		survived		8.67336		8.56773		972		882		159		160		159		160		
977		14188		0		14173		survived		8.67336		8.56773		973		882		159		160		159		160		
978		14188		0		14173		survived		8.67336		8.56773		974		882		159		160		159		160		
979		14188		0		14173		survived		8.67336		8.56773		975		882		159		160		159		160		
980		14188		0		14173		survived		8.67336		8.56773		976		882		159		160		159		160		
981		14188		0		14173		survived		8.67336		8.56773		977		882		159		160		159		160		
982		14188		0		14173		survived		8.67336		8.56773		978		882		159		160		159		160		
983		14188		0		14173		survived		8.67336		8.56773		979		882		159		160		159		160		
984		14188		0		14173		survived		8.67336		8.56773		980		882		159		160		159		160		
985		14188		0		14173		survived		8.67336		8.56773		981		882		159		160		159		160		
986		14188		0		14173		survived		8.67336		8.56773		982		882		159		160		159		160		
987		14188		0		14173		survived		8.67336		8.56773		983		882		159		160		159		160		
988		14188		0		14173		survived		8.67336		8.56773		984		882		159		160		159		160		
989		14188		0		14173		survived		8.67336		8.56773		985		882		159		160		159		160		
990		14188		0		14173		survived		8.67336		8.56773		986		882		159		160		159		160		
991		14188		0		14173		survived		8.67336		8.56773		987		882		159		160		159		160		
992		14188		0		14173		survived		8.67336		8.56773		988		882		159		160		159		160		
993		14188		0		14173		survived		8.67336		8.56773		989		882		159		160		159		160		
994		14188		0		14173		survived		8.67336		8.56773		990		882		159		160		159		160		
995		14188		0		14173		survived		8.67336		8.56773		991		882		159		160		159		160		
996		14188		0		14173		survived		8.67336		8.56773		992		882		159		160		159		160		
997		14188		0		14173		survived		8.67336		8.56773		993		882		159		160		159		160		
998		14188		0		14173		survived		8.67336		8.56773		994		882		159		160		159		160		
999		14188		0		14173		survived		8.67336		8.56773		995		882		159		160		159		160		
1000		14188		0		14173		survived		8.67336		8.56773		996		882		159		160		159		160		
