gen		id		dom		parent_id		variation_type		fitness		parent_fitness		age		parent_age		num_voxels		parent_num_voxels		energy		parent_energy		material_different_from_parent		mean_material		mean_parent_material		mean_parent_diff_material
0		12		0		-1		newly_generated		2.96646		-10000000.0		0		10000000.0		216		10000000.0		216		10000000.0		
1		21		0		12		add_node		5.27772		2.96646		1		1		216		216		216		216		
2		21		0		12		survived		5.27772		2.96646		2		1		216		216		216		216		
3		58		0		21		mutate_weight(-0.199527256113)		5.34602		5.27772		3		3		216		216		216		216		
4		76		0		58		mutate_weight(-0.765551854683)		5.4481		5.34602		4		4		216		216		216		216		
5		76		0		58		survived		5.4481		5.34602		5		4		216		216		216		216		
6		76		0		58		survived		5.4481		5.34602		6		4		216		216		216		216		
7		76		0		58		survived		5.4481		5.34602		7		4		216		216		216		216		
8		76		0		58		survived		5.4481		5.34602		8		4		216		216		216		216		
9		76		0		58		survived		5.4481		5.34602		9		4		216		216		216		216		
10		76		0		58		survived		5.4481		5.34602		10		4		216		216		216		216		
11		76		0		58		survived		5.4481		5.34602		11		4		216		216		216		216		
12		76		0		58		survived		5.4481		5.34602		12		4		216		216		216		216		
13		76		0		58		survived		5.4481		5.34602		13		4		216		216		216		216		
14		76		0		58		survived		5.4481		5.34602		14		4		216		216		216		216		
15		76		0		58		survived		5.4481		5.34602		15		4		216		216		216		216		
16		76		0		58		survived		5.4481		5.34602		16		4		216		216		216		216		
17		76		0		58		survived		5.4481		5.34602		17		4		216		216		216		216		
18		76		0		58		survived		5.4481		5.34602		18		4		216		216		216		216		
19		76		0		58		survived		5.4481		5.34602		19		4		216		216		216		216		
20		76		0		58		survived		5.4481		5.34602		20		4		216		216		216		216		
21		76		0		58		survived		5.4481		5.34602		21		4		216		216		216		216		
22		76		0		58		survived		5.4481		5.34602		22		4		216		216		216		216		
23		76		0		58		survived		5.4481		5.34602		23		4		216		216		216		216		
24		76		0		58		survived		5.4481		5.34602		24		4		216		216		216		216		
25		76		0		58		survived		5.4481		5.34602		25		4		216		216		216		216		
26		76		0		58		survived		5.4481		5.34602		26		4		216		216		216		216		
27		76		0		58		survived		5.4481		5.34602		27		4		216		216		216		216		
28		76		0		58		survived		5.4481		5.34602		28		4		216		216		216		216		
29		474		0		351		mutate_weight(0.617921465062)		5.45721		5.25892		10		10		216		216		216		216		
30		474		0		351		survived		5.45721		5.25892		11		10		216		216		216		216		
31		497		0		474		mutate_weight(-0.370729889054)		5.52529		5.45721		12		12		216		216		216		216		
32		497		0		474		survived		5.52529		5.45721		13		12		216		216		216		216		
33		497		0		474		survived		5.52529		5.45721		14		12		216		216		216		216		
34		497		0		474		survived		5.52529		5.45721		15		12		216		216		216		216		
35		572		0		497		mutate_function(neg_square-to-neg_abs)		5.54156		5.52529		16		16		216		216		216		216		
36		572		0		497		survived		5.54156		5.52529		17		16		216		216		216		216		
37		572		0		497		survived		5.54156		5.52529		18		16		216		216		216		216		
38		611		0		572		mutate_weight(0.464153244458)		5.59074		5.54156		19		19		216		216		216		216		
39		611		0		572		survived		5.59074		5.54156		20		19		216		216		216		216		
40		611		0		572		survived		5.59074		5.54156		21		19		216		216		216		216		
41		611		0		572		survived		5.59074		5.54156		22		19		216		216		216		216		
42		611		0		572		survived		5.59074		5.54156		23		19		216		216		216		216		
43		611		0		572		survived		5.59074		5.54156		24		19		216		216		216		216		
44		611		0		572		survived		5.59074		5.54156		25		19		216		216		216		216		
45		611		0		572		survived		5.59074		5.54156		26		19		216		216		216		216		
46		611		0		572		survived		5.59074		5.54156		27		19		216		216		216		216		
47		611		0		572		survived		5.59074		5.54156		28		19		216		216		216		216		
48		611		0		572		survived		5.59074		5.54156		29		19		216		216		216		216		
49		611		0		572		survived		5.59074		5.54156		30		19		216		216		216		216		
50		611		0		572		survived		5.59074		5.54156		31		19		216		216		216		216		
51		818		0		808		remove_link		6.41306		4.93161		3		3		216		216		216		216		
52		818		0		808		survived		6.41306		4.93161		4		3		216		216		216		216		
53		818		0		808		survived		6.41306		4.93161		5		3		216		216		216		216		
54		818		0		808		survived		6.41306		4.93161		6		3		216		216		216		216		
55		818		0		808		survived		6.41306		4.93161		7		3		216		216		216		216		
56		818		0		808		survived		6.41306		4.93161		8		3		216		216		216		216		
57		818		0		808		survived		6.41306		4.93161		9		3		216		216		216		216		
58		818		0		808		survived		6.41306		4.93161		10		3		216		216		216		216		
59		818		0		808		survived		6.41306		4.93161		11		3		216		216		216		216		
60		818		0		808		survived		6.41306		4.93161		12		3		216		216		216		216		
61		818		0		808		survived		6.41306		4.93161		13		3		216		216		216		216		
62		818		0		808		survived		6.41306		4.93161		14		3		216		216		216		216		
63		818		0		808		survived		6.41306		4.93161		15		3		216		216		216		216		
64		818		0		808		survived		6.41306		4.93161		16		3		216		216		216		216		
65		818		0		808		survived		6.41306		4.93161		17		3		216		216		216		216		
66		818		0		808		survived		6.41306		4.93161		18		3		216		216		216		216		
67		818		0		808		survived		6.41306		4.93161		19		3		216		216		216		216		
68		818		0		808		survived		6.41306		4.93161		20		3		216		216		216		216		
69		818		0		808		survived		6.41306		4.93161		21		3		216		216		216		216		
70		818		0		808		survived		6.41306		4.93161		22		3		216		216		216		216		
71		818		0		808		survived		6.41306		4.93161		23		3		216		216		216		216		
72		818		0		808		survived		6.41306		4.93161		24		3		216		216		216		216		
73		818		0		808		survived		6.41306		4.93161		25		3		216		216		216		216		
74		818		0		808		survived		6.41306		4.93161		26		3		216		216		216		216		
75		818		0		808		survived		6.41306		4.93161		27		3		216		216		216		216		
76		818		0		808		survived		6.41306		4.93161		28		3		216		216		216		216		
77		818		0		808		survived		6.41306		4.93161		29		3		216		216		216		216		
78		818		0		808		survived		6.41306		4.93161		30		3		216		216		216		216		
79		818		0		808		survived		6.41306		4.93161		31		3		216		216		216		216		
80		818		0		808		survived		6.41306		4.93161		32		3		216		216		216		216		
81		818		0		808		survived		6.41306		4.93161		33		3		216		216		216		216		
82		818		0		808		survived		6.41306		4.93161		34		3		216		216		216		216		
83		818		0		808		survived		6.41306		4.93161		35		3		216		216		216		216		
84		818		0		808		survived		6.41306		4.93161		36		3		216		216		216		216		
85		818		0		808		survived		6.41306		4.93161		37		3		216		216		216		216		
86		818		0		808		survived		6.41306		4.93161		38		3		216		216		216		216		
87		818		0		808		survived		6.41306		4.93161		39		3		216		216		216		216		
88		818		0		808		survived		6.41306		4.93161		40		3		216		216		216		216		
89		818		0		808		survived		6.41306		4.93161		41		3		216		216		216		216		
90		818		0		808		survived		6.41306		4.93161		42		3		216		216		216		216		
91		818		0		808		survived		6.41306		4.93161		43		3		216		216		216		216		
92		818		0		808		survived		6.41306		4.93161		44		3		216		216		216		216		
93		818		0		808		survived		6.41306		4.93161		45		3		216		216		216		216		
94		818		0		808		survived		6.41306		4.93161		46		3		216		216		216		216		
95		818		0		808		survived		6.41306		4.93161		47		3		216		216		216		216		
96		818		0		808		survived		6.41306		4.93161		48		3		216		216		216		216		
97		818		0		808		survived		6.41306		4.93161		49		3		216		216		216		216		
98		818		0		808		survived		6.41306		4.93161		50		3		216		216		216		216		
99		818		0		808		survived		6.41306		4.93161		51		3		216		216		216		216		
100		818		0		808		survived		6.41306		4.93161		52		3		216		216		216		216		
101		818		0		808		survived		6.41306		4.93161		53		3		216		216		216		216		
102		818		0		808		survived		6.41306		4.93161		54		3		216		216		216		216		
103		818		0		808		survived		6.41306		4.93161		55		3		216		216		216		216		
104		818		0		808		survived		6.41306		4.93161		56		3		216		216		216		216		
105		818		0		808		survived		6.41306		4.93161		57		3		216		216		216		216		
106		818		0		808		survived		6.41306		4.93161		58		3		216		216		216		216		
107		818		0		808		survived		6.41306		4.93161		59		3		216		216		216		216		
108		818		0		808		survived		6.41306		4.93161		60		3		216		216		216		216		
109		818		0		808		survived		6.41306		4.93161		61		3		216		216		216		216		
110		818		0		808		survived		6.41306		4.93161		62		3		216		216		216		216		
111		818		0		808		survived		6.41306		4.93161		63		3		216		216		216		216		
112		818		0		808		survived		6.41306		4.93161		64		3		216		216		216		216		
113		818		0		808		survived		6.41306		4.93161		65		3		216		216		216		216		
114		818		0		808		survived		6.41306		4.93161		66		3		216		216		216		216		
115		818		0		808		survived		6.41306		4.93161		67		3		216		216		216		216		
116		818		0		808		survived		6.41306		4.93161		68		3		216		216		216		216		
117		818		0		808		survived		6.41306		4.93161		69		3		216		216		216		216		
118		818		0		808		survived		6.41306		4.93161		70		3		216		216		216		216		
119		818		0		808		survived		6.41306		4.93161		71		3		216		216		216		216		
120		818		0		808		survived		6.41306		4.93161		72		3		216		216		216		216		
121		818		0		808		survived		6.41306		4.93161		73		3		216		216		216		216		
122		818		0		808		survived		6.41306		4.93161		74		3		216		216		216		216		
123		818		0		808		survived		6.41306		4.93161		75		3		216		216		216		216		
124		818		0		808		survived		6.41306		4.93161		76		3		216		216		216		216		
125		818		0		808		survived		6.41306		4.93161		77		3		216		216		216		216		
126		818		0		808		survived		6.41306		4.93161		78		3		216		216		216		216		
127		818		0		808		survived		6.41306		4.93161		79		3		216		216		216		216		
128		818		0		808		survived		6.41306		4.93161		80		3		216		216		216		216		
129		818		0		808		survived		6.41306		4.93161		81		3		216		216		216		216		
130		818		0		808		survived		6.41306		4.93161		82		3		216		216		216		216		
131		818		0		808		survived		6.41306		4.93161		83		3		216		216		216		216		
132		818		0		808		survived		6.41306		4.93161		84		3		216		216		216		216		
133		818		0		808		survived		6.41306		4.93161		85		3		216		216		216		216		
134		818		0		808		survived		6.41306		4.93161		86		3		216		216		216		216		
135		818		0		808		survived		6.41306		4.93161		87		3		216		216		216		216		
136		818		0		808		survived		6.41306		4.93161		88		3		216		216		216		216		
137		818		0		808		survived		6.41306		4.93161		89		3		216		216		216		216		
138		818		0		808		survived		6.41306		4.93161		90		3		216		216		216		216		
139		818		0		808		survived		6.41306		4.93161		91		3		216		216		216		216		
140		818		0		808		survived		6.41306		4.93161		92		3		216		216		216		216		
141		818		0		808		survived		6.41306		4.93161		93		3		216		216		216		216		
142		818		0		808		survived		6.41306		4.93161		94		3		216		216		216		216		
143		818		0		808		survived		6.41306		4.93161		95		3		216		216		216		216		
144		818		0		808		survived		6.41306		4.93161		96		3		216		216		216		216		
145		818		0		808		survived		6.41306		4.93161		97		3		216		216		216		216		
146		818		0		808		survived		6.41306		4.93161		98		3		216		216		216		216		
147		818		0		808		survived		6.41306		4.93161		99		3		216		216		216		216		
148		818		0		808		survived		6.41306		4.93161		100		3		216		216		216		216		
149		818		0		808		survived		6.41306		4.93161		101		3		216		216		216		216		
150		818		0		808		survived		6.41306		4.93161		102		3		216		216		216		216		
151		818		0		808		survived		6.41306		4.93161		103		3		216		216		216		216		
152		818		0		808		survived		6.41306		4.93161		104		3		216		216		216		216		
153		818		0		808		survived		6.41306		4.93161		105		3		216		216		216		216		
154		818		0		808		survived		6.41306		4.93161		106		3		216		216		216		216		
155		818		0		808		survived		6.41306		4.93161		107		3		216		216		216		216		
156		818		0		808		survived		6.41306		4.93161		108		3		216		216		216		216		
157		818		0		808		survived		6.41306		4.93161		109		3		216		216		216		216		
158		818		0		808		survived		6.41306		4.93161		110		3		216		216		216		216		
159		818		0		808		survived		6.41306		4.93161		111		3		216		216		216		216		
160		818		0		808		survived		6.41306		4.93161		112		3		216		216		216		216		
161		818		0		808		survived		6.41306		4.93161		113		3		216		216		216		216		
162		818		0		808		survived		6.41306		4.93161		114		3		216		216		216		216		
163		818		0		808		survived		6.41306		4.93161		115		3		216		216		216		216		
164		818		0		808		survived		6.41306		4.93161		116		3		216		216		216		216		
165		818		0		808		survived		6.41306		4.93161		117		3		216		216		216		216		
166		818		0		808		survived		6.41306		4.93161		118		3		216		216		216		216		
167		818		0		808		survived		6.41306		4.93161		119		3		216		216		216		216		
168		818		0		808		survived		6.41306		4.93161		120		3		216		216		216		216		
169		818		0		808		survived		6.41306		4.93161		121		3		216		216		216		216		
170		818		0		808		survived		6.41306		4.93161		122		3		216		216		216		216		
171		818		0		808		survived		6.41306		4.93161		123		3		216		216		216		216		
172		818		0		808		survived		6.41306		4.93161		124		3		216		216		216		216		
173		818		0		808		survived		6.41306		4.93161		125		3		216		216		216		216		
174		818		0		808		survived		6.41306		4.93161		126		3		216		216		216		216		
175		818		0		808		survived		6.41306		4.93161		127		3		216		216		216		216		
176		818		0		808		survived		6.41306		4.93161		128		3		216		216		216		216		
177		2837		0		818		add_node		6.44147		6.41306		129		129		216		216		216		216		
178		2837		0		818		survived		6.44147		6.41306		130		129		216		216		216		216		
179		2837		0		818		survived		6.44147		6.41306		131		129		216		216		216		216		
180		2837		0		818		survived		6.44147		6.41306		132		129		216		216		216		216		
181		2837		0		818		survived		6.44147		6.41306		133		129		216		216		216		216		
182		2837		0		818		survived		6.44147		6.41306		134		129		216		216		216		216		
183		2837		0		818		survived		6.44147		6.41306		135		129		216		216		216		216		
184		2837		0		818		survived		6.44147		6.41306		136		129		216		216		216		216		
185		2837		0		818		survived		6.44147		6.41306		137		129		216		216		216		216		
186		2837		0		818		survived		6.44147		6.41306		138		129		216		216		216		216		
187		2837		0		818		survived		6.44147		6.41306		139		129		216		216		216		216		
188		2837		0		818		survived		6.44147		6.41306		140		129		216		216		216		216		
189		2837		0		818		survived		6.44147		6.41306		141		129		216		216		216		216		
190		2837		0		818		survived		6.44147		6.41306		142		129		216		216		216		216		
191		2837		0		818		survived		6.44147		6.41306		143		129		216		216		216		216		
192		2837		0		818		survived		6.44147		6.41306		144		129		216		216		216		216		
193		2837		0		818		survived		6.44147		6.41306		145		129		216		216		216		216		
194		2837		0		818		survived		6.44147		6.41306		146		129		216		216		216		216		
195		2837		0		818		survived		6.44147		6.41306		147		129		216		216		216		216		
196		2837		0		818		survived		6.44147		6.41306		148		129		216		216		216		216		
197		2837		0		818		survived		6.44147		6.41306		149		129		216		216		216		216		
198		2837		0		818		survived		6.44147		6.41306		150		129		216		216		216		216		
199		2837		0		818		survived		6.44147		6.41306		151		129		216		216		216		216		
200		2837		0		818		survived		6.44147		6.41306		152		129		216		216		216		216		
201		2837		0		818		survived		6.44147		6.41306		153		129		216		216		216		216		
202		2837		0		818		survived		6.44147		6.41306		154		129		216		216		216		216		
203		3253		0		3219		add_node		6.5349		6.38102		3		3		216		216		216		216		
204		3253		0		3219		survived		6.5349		6.38102		4		3		216		216		216		216		
205		3253		0		3219		survived		6.5349		6.38102		5		3		216		216		216		216		
206		3253		0		3219		survived		6.5349		6.38102		6		3		216		216		216		216		
207		3253		0		3219		survived		6.5349		6.38102		7		3		216		216		216		216		
208		3253		0		3219		survived		6.5349		6.38102		8		3		216		216		216		216		
209		3346		0		3253		add_link		6.57608		6.5349		9		9		216		216		216		216		
210		3346		0		3253		survived		6.57608		6.5349		10		9		216		216		216		216		
211		3346		0		3253		survived		6.57608		6.5349		11		9		216		216		216		216		
212		3346		0		3253		survived		6.57608		6.5349		12		9		216		216		216		216		
213		3346		0		3253		survived		6.57608		6.5349		13		9		216		216		216		216		
214		3346		0		3253		survived		6.57608		6.5349		14		9		216		216		216		216		
215		3346		0		3253		survived		6.57608		6.5349		15		9		216		216		216		216		
216		3346		0		3253		survived		6.57608		6.5349		16		9		216		216		216		216		
217		3346		0		3253		survived		6.57608		6.5349		17		9		216		216		216		216		
218		3346		0		3253		survived		6.57608		6.5349		18		9		216		216		216		216		
219		3346		0		3253		survived		6.57608		6.5349		19		9		216		216		216		216		
220		3346		0		3253		survived		6.57608		6.5349		20		9		216		216		216		216		
221		3346		0		3253		survived		6.57608		6.5349		21		9		216		216		216		216		
222		3346		0		3253		survived		6.57608		6.5349		22		9		216		216		216		216		
223		3346		0		3253		survived		6.57608		6.5349		23		9		216		216		216		216		
224		3346		0		3253		survived		6.57608		6.5349		24		9		216		216		216		216		
225		3346		0		3253		survived		6.57608		6.5349		25		9		216		216		216		216		
226		3346		0		3253		survived		6.57608		6.5349		26		9		216		216		216		216		
227		3346		0		3253		survived		6.57608		6.5349		27		9		216		216		216		216		
228		3346		0		3253		survived		6.57608		6.5349		28		9		216		216		216		216		
229		3346		0		3253		survived		6.57608		6.5349		29		9		216		216		216		216		
230		3346		0		3253		survived		6.57608		6.5349		30		9		216		216		216		216		
231		3346		0		3253		survived		6.57608		6.5349		31		9		216		216		216		216		
232		3346		0		3253		survived		6.57608		6.5349		32		9		216		216		216		216		
233		3346		0		3253		survived		6.57608		6.5349		33		9		216		216		216		216		
234		3346		0		3253		survived		6.57608		6.5349		34		9		216		216		216		216		
235		3764		0		3346		add_link		6.58398		6.57608		35		35		216		216		216		216		
236		3764		0		3346		survived		6.58398		6.57608		36		35		216		216		216		216		
237		3764		0		3346		survived		6.58398		6.57608		37		35		216		216		216		216		
238		3764		0		3346		survived		6.58398		6.57608		38		35		216		216		216		216		
239		3764		0		3346		survived		6.58398		6.57608		39		35		216		216		216		216		
240		3764		0		3346		survived		6.58398		6.57608		40		35		216		216		216		216		
241		3764		0		3346		survived		6.58398		6.57608		41		35		216		216		216		216		
242		3764		0		3346		survived		6.58398		6.57608		42		35		216		216		216		216		
243		3764		0		3346		survived		6.58398		6.57608		43		35		216		216		216		216		
244		3764		0		3346		survived		6.58398		6.57608		44		35		216		216		216		216		
245		3764		0		3346		survived		6.58398		6.57608		45		35		216		216		216		216		
246		3764		0		3346		survived		6.58398		6.57608		46		35		216		216		216		216		
247		3764		0		3346		survived		6.58398		6.57608		47		35		216		216		216		216		
248		3764		0		3346		survived		6.58398		6.57608		48		35		216		216		216		216		
249		3764		0		3346		survived		6.58398		6.57608		49		35		216		216		216		216		
250		3764		0		3346		survived		6.58398		6.57608		50		35		216		216		216		216		
251		3764		0		3346		survived		6.58398		6.57608		51		35		216		216		216		216		
252		3764		0		3346		survived		6.58398		6.57608		52		35		216		216		216		216		
253		3764		0		3346		survived		6.58398		6.57608		53		35		216		216		216		216		
254		3764		0		3346		survived		6.58398		6.57608		54		35		216		216		216		216		
255		3764		0		3346		survived		6.58398		6.57608		55		35		216		216		216		216		
256		3764		0		3346		survived		6.58398		6.57608		56		35		216		216		216		216		
257		3764		0		3346		survived		6.58398		6.57608		57		35		216		216		216		216		
258		3764		0		3346		survived		6.58398		6.57608		58		35		216		216		216		216		
259		3764		0		3346		survived		6.58398		6.57608		59		35		216		216		216		216		
260		3764		0		3346		survived		6.58398		6.57608		60		35		216		216		216		216		
261		3764		0		3346		survived		6.58398		6.57608		61		35		216		216		216		216		
262		3764		0		3346		survived		6.58398		6.57608		62		35		216		216		216		216		
263		3764		0		3346		survived		6.58398		6.57608		63		35		216		216		216		216		
264		3764		0		3346		survived		6.58398		6.57608		64		35		216		216		216		216		
265		3764		0		3346		survived		6.58398		6.57608		65		35		216		216		216		216		
266		3764		0		3346		survived		6.58398		6.57608		66		35		216		216		216		216		
267		3764		0		3346		survived		6.58398		6.57608		67		35		216		216		216		216		
268		3764		0		3346		survived		6.58398		6.57608		68		35		216		216		216		216		
269		3764		0		3346		survived		6.58398		6.57608		69		35		216		216		216		216		
270		3764		0		3346		survived		6.58398		6.57608		70		35		216		216		216		216		
271		3764		0		3346		survived		6.58398		6.57608		71		35		216		216		216		216		
272		4353		0		3764		add_link		6.58914		6.58398		72		72		216		216		216		216		
273		4353		0		3764		survived		6.58914		6.58398		73		72		216		216		216		216		
274		4353		0		3764		survived		6.58914		6.58398		74		72		216		216		216		216		
275		4353		0		3764		survived		6.58914		6.58398		75		72		216		216		216		216		
276		4353		0		3764		survived		6.58914		6.58398		76		72		216		216		216		216		
277		4353		0		3764		survived		6.58914		6.58398		77		72		216		216		216		216		
278		4456		0		3895		mutate_weight(-0.726588341209)		6.62161		6.23192		111		111		216		216		216		87		
279		4464		0		4353		add_node		6.64521		6.58914		79		79		216		216		216		216		
280		4482		0		4464		remove_link		6.65579		6.64521		80		80		216		216		216		216		
281		4482		0		4464		survived		6.65579		6.64521		81		80		216		216		216		216		
282		4482		0		4464		survived		6.65579		6.64521		82		80		216		216		216		216		
283		4540		0		4482		mutate_weight(-0.589225412922)		6.66118		6.65579		83		83		216		216		216		216		
284		4540		0		4482		survived		6.66118		6.65579		84		83		216		216		216		216		
285		4540		0		4482		survived		6.66118		6.65579		85		83		216		216		216		216		
286		4540		0		4482		survived		6.66118		6.65579		86		83		216		216		216		216		
287		4540		0		4482		survived		6.66118		6.65579		87		83		216		216		216		216		
288		4622		0		-1		newly_generated		6.67484		-10000000.0		0		10000000.0		216		10000000.0		216		10000000.0		
289		4622		0		-1		survived		6.67484		-10000000.0		1		10000000.0		216		10000000.0		216		10000000.0		
290		4622		0		-1		survived		6.67484		-10000000.0		2		10000000.0		216		10000000.0		216		10000000.0		
291		4622		0		-1		survived		6.67484		-10000000.0		3		10000000.0		216		10000000.0		216		10000000.0		
292		4622		0		-1		survived		6.67484		-10000000.0		4		10000000.0		216		10000000.0		216		10000000.0		
293		4622		0		-1		survived		6.67484		-10000000.0		5		10000000.0		216		10000000.0		216		10000000.0		
294		4622		0		-1		survived		6.67484		-10000000.0		6		10000000.0		216		10000000.0		216		10000000.0		
295		4622		0		-1		survived		6.67484		-10000000.0		7		10000000.0		216		10000000.0		216		10000000.0		
296		4622		0		-1		survived		6.67484		-10000000.0		8		10000000.0		216		10000000.0		216		10000000.0		
297		4622		0		-1		survived		6.67484		-10000000.0		9		10000000.0		216		10000000.0		216		10000000.0		
298		4776		0		4622		add_link		6.69218		6.67484		10		10		216		216		216		216		
299		4776		0		4622		survived		6.69218		6.67484		11		10		216		216		216		216		
300		4776		0		4622		survived		6.69218		6.67484		12		10		216		216		216		216		
301		4776		0		4622		survived		6.69218		6.67484		13		10		216		216		216		216		
302		4832		0		4776		remove_link		6.71409		6.69218		14		14		216		216		216		216		
303		4832		0		4776		survived		6.71409		6.69218		15		14		216		216		216		216		
304		4832		0		4776		survived		6.71409		6.69218		16		14		216		216		216		216		
305		4832		0		4776		survived		6.71409		6.69218		17		14		216		216		216		216		
306		4832		0		4776		survived		6.71409		6.69218		18		14		216		216		216		216		
307		4922		0		4832		mutate_weight(0.0526961401543)		6.72503		6.71409		19		19		216		216		216		216		
308		4922		0		4832		survived		6.72503		6.71409		20		19		216		216		216		216		
309		4922		0		4832		survived		6.72503		6.71409		21		19		216		216		216		216		
310		4922		0		4832		survived		6.72503		6.71409		22		19		216		216		216		216		
311		4922		0		4832		survived		6.72503		6.71409		23		19		216		216		216		216		
312		4922		0		4832		survived		6.72503		6.71409		24		19		216		216		216		216		
313		4922		0		4832		survived		6.72503		6.71409		25		19		216		216		216		216		
314		4922		0		4832		survived		6.72503		6.71409		26		19		216		216		216		216		
315		4922		0		4832		survived		6.72503		6.71409		27		19		216		216		216		216		
316		4922		0		4832		survived		6.72503		6.71409		28		19		216		216		216		216		
317		4922		0		4832		survived		6.72503		6.71409		29		19		216		216		216		216		
318		4922		0		4832		survived		6.72503		6.71409		30		19		216		216		216		216		
319		4922		0		4832		survived		6.72503		6.71409		31		19		216		216		216		216		
320		4922		0		4832		survived		6.72503		6.71409		32		19		216		216		216		216		
321		5149		0		4922		mutate_weight(0.377937724312)		6.72954		6.72503		33		33		216		216		216		216		
322		5149		0		4922		survived		6.72954		6.72503		34		33		216		216		216		216		
323		5149		0		4922		survived		6.72954		6.72503		35		33		216		216		216		216		
324		5192		0		5149		remove_link		6.7307		6.72954		36		36		216		216		216		216		
325		5192		0		5149		survived		6.7307		6.72954		37		36		216		216		216		216		
326		5192		0		5149		survived		6.7307		6.72954		38		36		216		216		216		216		
327		5192		0		5149		survived		6.7307		6.72954		39		36		216		216		216		216		
328		5192		0		5149		survived		6.7307		6.72954		40		36		216		216		216		216		
329		5276		0		5192		mutate_function(sqrt_abs-to-sin)		7.33436		6.7307		41		41		212		216		212		216		
330		5276		0		5192		survived		7.33436		6.7307		42		41		212		216		212		216		
331		5276		0		5192		survived		7.33436		6.7307		43		41		212		216		212		216		
332		5276		0		5192		survived		7.33436		6.7307		44		41		212		216		212		216		
333		5276		0		5192		survived		7.33436		6.7307		45		41		212		216		212		216		
334		5276		0		5192		survived		7.33436		6.7307		46		41		212		216		212		216		
335		5276		0		5192		survived		7.33436		6.7307		47		41		212		216		212		216		
336		5276		0		5192		survived		7.33436		6.7307		48		41		212		216		212		216		
337		5276		0		5192		survived		7.33436		6.7307		49		41		212		216		212		216		
338		5276		0		5192		survived		7.33436		6.7307		50		41		212		216		212		216		
339		5276		0		5192		survived		7.33436		6.7307		51		41		212		216		212		216		
340		5276		0		5192		survived		7.33436		6.7307		52		41		212		216		212		216		
341		5276		0		5192		survived		7.33436		6.7307		53		41		212		216		212		216		
342		5276		0		5192		survived		7.33436		6.7307		54		41		212		216		212		216		
343		5276		0		5192		survived		7.33436		6.7307		55		41		212		216		212		216		
344		5276		0		5192		survived		7.33436		6.7307		56		41		212		216		212		216		
345		5276		0		5192		survived		7.33436		6.7307		57		41		212		216		212		216		
346		5276		0		5192		survived		7.33436		6.7307		58		41		212		216		212		216		
347		5276		0		5192		survived		7.33436		6.7307		59		41		212		216		212		216		
348		5276		0		5192		survived		7.33436		6.7307		60		41		212		216		212		216		
349		5276		0		5192		survived		7.33436		6.7307		61		41		212		216		212		216		
350		5276		0		5192		survived		7.33436		6.7307		62		41		212		216		212		216		
351		5276		0		5192		survived		7.33436		6.7307		63		41		212		216		212		216		
352		5276		0		5192		survived		7.33436		6.7307		64		41		212		216		212		216		
353		5276		0		5192		survived		7.33436		6.7307		65		41		212		216		212		216		
354		5276		0		5192		survived		7.33436		6.7307		66		41		212		216		212		216		
355		5276		0		5192		survived		7.33436		6.7307		67		41		212		216		212		216		
356		5276		0		5192		survived		7.33436		6.7307		68		41		212		216		212		216		
357		5276		0		5192		survived		7.33436		6.7307		69		41		212		216		212		216		
358		5276		0		5192		survived		7.33436		6.7307		70		41		212		216		212		216		
359		5276		0		5192		survived		7.33436		6.7307		71		41		212		216		212		216		
360		5276		0		5192		survived		7.33436		6.7307		72		41		212		216		212		216		
361		5276		0		5192		survived		7.33436		6.7307		73		41		212		216		212		216		
362		5276		0		5192		survived		7.33436		6.7307		74		41		212		216		212		216		
363		5276		0		5192		survived		7.33436		6.7307		75		41		212		216		212		216		
364		5276		0		5192		survived		7.33436		6.7307		76		41		212		216		212		216		
365		5276		0		5192		survived		7.33436		6.7307		77		41		212		216		212		216		
366		5276		0		5192		survived		7.33436		6.7307		78		41		212		216		212		216		
367		5276		0		5192		survived		7.33436		6.7307		79		41		212		216		212		216		
368		5276		0		5192		survived		7.33436		6.7307		80		41		212		216		212		216		
369		5276		0		5192		survived		7.33436		6.7307		81		41		212		216		212		216		
370		5276		0		5192		survived		7.33436		6.7307		82		41		212		216		212		216		
371		5276		0		5192		survived		7.33436		6.7307		83		41		212		216		212		216		
372		5276		0		5192		survived		7.33436		6.7307		84		41		212		216		212		216		
373		5974		0		5276		add_link		7.34669		7.33436		85		85		212		212		212		212		
374		5974		0		5276		survived		7.34669		7.33436		86		85		212		212		212		212		
375		5974		0		5276		survived		7.34669		7.33436		87		85		212		212		212		212		
376		5974		0		5276		survived		7.34669		7.33436		88		85		212		212		212		212		
377		5974		0		5276		survived		7.34669		7.33436		89		85		212		212		212		212		
378		5974		0		5276		survived		7.34669		7.33436		90		85		212		212		212		212		
379		5974		0		5276		survived		7.34669		7.33436		91		85		212		212		212		212		
380		5974		0		5276		survived		7.34669		7.33436		92		85		212		212		212		212		
381		5974		0		5276		survived		7.34669		7.33436		93		85		212		212		212		212		
382		5974		0		5276		survived		7.34669		7.33436		94		85		212		212		212		212		
383		5974		0		5276		survived		7.34669		7.33436		95		85		212		212		212		212		
384		5974		0		5276		survived		7.34669		7.33436		96		85		212		212		212		212		
385		5974		0		5276		survived		7.34669		7.33436		97		85		212		212		212		212		
386		5974		0		5276		survived		7.34669		7.33436		98		85		212		212		212		212		
387		5974		0		5276		survived		7.34669		7.33436		99		85		212		212		212		212		
388		5974		0		5276		survived		7.34669		7.33436		100		85		212		212		212		212		
389		5974		0		5276		survived		7.34669		7.33436		101		85		212		212		212		212		
390		5974		0		5276		survived		7.34669		7.33436		102		85		212		212		212		212		
391		5974		0		5276		survived		7.34669		7.33436		103		85		212		212		212		212		
392		5974		0		5276		survived		7.34669		7.33436		104		85		212		212		212		212		
393		5974		0		5276		survived		7.34669		7.33436		105		85		212		212		212		212		
394		5974		0		5276		survived		7.34669		7.33436		106		85		212		212		212		212		
395		5974		0		5276		survived		7.34669		7.33436		107		85		212		212		212		212		
396		5974		0		5276		survived		7.34669		7.33436		108		85		212		212		212		212		
397		5974		0		5276		survived		7.34669		7.33436		109		85		212		212		212		212		
398		5974		0		5276		survived		7.34669		7.33436		110		85		212		212		212		212		
399		5974		0		5276		survived		7.34669		7.33436		111		85		212		212		212		212		
400		5974		0		5276		survived		7.34669		7.33436		112		85		212		212		212		212		
401		5974		0		5276		survived		7.34669		7.33436		113		85		212		212		212		212		
402		5974		0		5276		survived		7.34669		7.33436		114		85		212		212		212		212		
403		5974		0		5276		survived		7.34669		7.33436		115		85		212		212		212		212		
404		5974		0		5276		survived		7.34669		7.33436		116		85		212		212		212		212		
405		5974		0		5276		survived		7.34669		7.33436		117		85		212		212		212		212		
406		5974		0		5276		survived		7.34669		7.33436		118		85		212		212		212		212		
407		5974		0		5276		survived		7.34669		7.33436		119		85		212		212		212		212		
408		5974		0		5276		survived		7.34669		7.33436		120		85		212		212		212		212		
409		5974		0		5276		survived		7.34669		7.33436		121		85		212		212		212		212		
410		5974		0		5276		survived		7.34669		7.33436		122		85		212		212		212		212		
411		5974		0		5276		survived		7.34669		7.33436		123		85		212		212		212		212		
412		5974		0		5276		survived		7.34669		7.33436		124		85		212		212		212		212		
413		6613		0		6561		add_link		7.44789		7.07119		125		125		212		210		212		210		
414		6636		0		6593		mutate_weight(-0.214360608088)		7.4904		5.96066		126		126		202		190		202		190		
415		6636		0		6593		survived		7.4904		5.96066		127		126		202		190		202		190		
416		6636		0		6593		survived		7.4904		5.96066		128		126		202		190		202		190		
417		6636		0		6593		survived		7.4904		5.96066		129		126		202		190		202		190		
418		6636		0		6593		survived		7.4904		5.96066		130		126		202		190		202		190		
419		6636		0		6593		survived		7.4904		5.96066		131		126		202		190		202		190		
420		6636		0		6593		survived		7.4904		5.96066		132		126		202		190		202		190		
421		6636		0		6593		survived		7.4904		5.96066		133		126		202		190		202		190		
422		6755		0		6662		add_node		7.7202		7.21728		134		134		204		190		204		190		
423		6776		0		6755		mutate_weight(0.211287604552)		7.72914		7.7202		135		135		208		204		208		204		
424		6776		0		6755		survived		7.72914		7.7202		136		135		208		204		208		204		
425		6776		0		6755		survived		7.72914		7.7202		137		135		208		204		208		204		
426		6776		0		6755		survived		7.72914		7.7202		138		135		208		204		208		204		
427		6776		0		6755		survived		7.72914		7.7202		139		135		208		204		208		204		
428		6776		0		6755		survived		7.72914		7.7202		140		135		208		204		208		204		
429		6867		0		6755		mutate_function(neg_sqrt_abs-to-square)		8.75508		7.7202		141		141		206		204		206		204		
430		6867		0		6755		survived		8.75508		7.7202		142		141		206		204		206		204		
431		6867		0		6755		survived		8.75508		7.7202		143		141		206		204		206		204		
432		6867		0		6755		survived		8.75508		7.7202		144		141		206		204		206		204		
433		6867		0		6755		survived		8.75508		7.7202		145		141		206		204		206		204		
434		6867		0		6755		survived		8.75508		7.7202		146		141		206		204		206		204		
435		6867		0		6755		survived		8.75508		7.7202		147		141		206		204		206		204		
436		6867		0		6755		survived		8.75508		7.7202		148		141		206		204		206		204		
437		6867		0		6755		survived		8.75508		7.7202		149		141		206		204		206		204		
438		6867		0		6755		survived		8.75508		7.7202		150		141		206		204		206		204		
439		6867		0		6755		survived		8.75508		7.7202		151		141		206		204		206		204		
440		6867		0		6755		survived		8.75508		7.7202		152		141		206		204		206		204		
441		6867		0		6755		survived		8.75508		7.7202		153		141		206		204		206		204		
442		6867		0		6755		survived		8.75508		7.7202		154		141		206		204		206		204		
443		6867		0		6755		survived		8.75508		7.7202		155		141		206		204		206		204		
444		6867		0		6755		survived		8.75508		7.7202		156		141		206		204		206		204		
445		6867		0		6755		survived		8.75508		7.7202		157		141		206		204		206		204		
446		6867		0		6755		survived		8.75508		7.7202		158		141		206		204		206		204		
447		6867		0		6755		survived		8.75508		7.7202		159		141		206		204		206		204		
448		6867		0		6755		survived		8.75508		7.7202		160		141		206		204		206		204		
449		6867		0		6755		survived		8.75508		7.7202		161		141		206		204		206		204		
450		6867		0		6755		survived		8.75508		7.7202		162		141		206		204		206		204		
451		6867		0		6755		survived		8.75508		7.7202		163		141		206		204		206		204		
452		6867		0		6755		survived		8.75508		7.7202		164		141		206		204		206		204		
453		6867		0		6755		survived		8.75508		7.7202		165		141		206		204		206		204		
454		6867		0		6755		survived		8.75508		7.7202		166		141		206		204		206		204		
455		6867		0		6755		survived		8.75508		7.7202		167		141		206		204		206		204		
456		6867		0		6755		survived		8.75508		7.7202		168		141		206		204		206		204		
457		6867		0		6755		survived		8.75508		7.7202		169		141		206		204		206		204		
458		6867		0		6755		survived		8.75508		7.7202		170		141		206		204		206		204		
459		6867		0		6755		survived		8.75508		7.7202		171		141		206		204		206		204		
460		6867		0		6755		survived		8.75508		7.7202		172		141		206		204		206		204		
461		6867		0		6755		survived		8.75508		7.7202		173		141		206		204		206		204		
462		6867		0		6755		survived		8.75508		7.7202		174		141		206		204		206		204		
463		6867		0		6755		survived		8.75508		7.7202		175		141		206		204		206		204		
464		6867		0		6755		survived		8.75508		7.7202		176		141		206		204		206		204		
465		6867		0		6755		survived		8.75508		7.7202		177		141		206		204		206		204		
466		6867		0		6755		survived		8.75508		7.7202		178		141		206		204		206		204		
467		7482		0		6867		add_link		8.8736		8.75508		179		179		206		206		206		206		
468		7482		0		6867		survived		8.8736		8.75508		180		179		206		206		206		206		
469		7482		0		6867		survived		8.8736		8.75508		181		179		206		206		206		206		
470		7482		0		6867		survived		8.8736		8.75508		182		179		206		206		206		206		
471		7482		0		6867		survived		8.8736		8.75508		183		179		206		206		206		206		
472		7482		0		6867		survived		8.8736		8.75508		184		179		206		206		206		206		
473		7482		0		6867		survived		8.8736		8.75508		185		179		206		206		206		206		
474		7482		0		6867		survived		8.8736		8.75508		186		179		206		206		206		206		
475		7482		0		6867		survived		8.8736		8.75508		187		179		206		206		206		206		
476		7482		0		6867		survived		8.8736		8.75508		188		179		206		206		206		206		
477		7482		0		6867		survived		8.8736		8.75508		189		179		206		206		206		206		
478		7482		0		6867		survived		8.8736		8.75508		190		179		206		206		206		206		
479		7482		0		6867		survived		8.8736		8.75508		191		179		206		206		206		206		
480		7482		0		6867		survived		8.8736		8.75508		192		179		206		206		206		206		
481		7482		0		6867		survived		8.8736		8.75508		193		179		206		206		206		206		
482		7482		0		6867		survived		8.8736		8.75508		194		179		206		206		206		206		
483		7482		0		6867		survived		8.8736		8.75508		195		179		206		206		206		206		
484		7482		0		6867		survived		8.8736		8.75508		196		179		206		206		206		206		
485		7482		0		6867		survived		8.8736		8.75508		197		179		206		206		206		206		
486		7482		0		6867		survived		8.8736		8.75508		198		179		206		206		206		206		
487		7482		0		6867		survived		8.8736		8.75508		199		179		206		206		206		206		
488		7482		0		6867		survived		8.8736		8.75508		200		179		206		206		206		206		
489		7482		0		6867		survived		8.8736		8.75508		201		179		206		206		206		206		
490		7482		0		6867		survived		8.8736		8.75508		202		179		206		206		206		206		
491		7482		0		6867		survived		8.8736		8.75508		203		179		206		206		206		206		
492		7482		0		6867		survived		8.8736		8.75508		204		179		206		206		206		206		
493		7482		0		6867		survived		8.8736		8.75508		205		179		206		206		206		206		
494		7482		0		6867		survived		8.8736		8.75508		206		179		206		206		206		206		
495		7482		0		6867		survived		8.8736		8.75508		207		179		206		206		206		206		
496		7482		0		6867		survived		8.8736		8.75508		208		179		206		206		206		206		
497		7482		0		6867		survived		8.8736		8.75508		209		179		206		206		206		206		
498		7482		0		6867		survived		8.8736		8.75508		210		179		206		206		206		206		
499		7482		0		6867		survived		8.8736		8.75508		211		179		206		206		206		206		
500		7482		0		6867		survived		8.8736		8.75508		212		179		206		206		206		206		
501		7482		0		6867		survived		8.8736		8.75508		213		179		206		206		206		206		
502		8035		0		7936		mutate_weight(0.0518131779695)		8.97267		7.47963		214		214		198		176		198		176		
503		8035		0		7936		survived		8.97267		7.47963		215		214		198		176		198		176		
504		8035		0		7936		survived		8.97267		7.47963		216		214		198		176		198		176		
505		8035		0		7936		survived		8.97267		7.47963		217		214		198		176		198		176		
506		8035		0		7936		survived		8.97267		7.47963		218		214		198		176		198		176		
507		8035		0		7936		survived		8.97267		7.47963		219		214		198		176		198		176		
508		8138		0		8035		remove_link		9.12208		8.97267		220		220		198		198		198		198		
509		8138		0		8035		survived		9.12208		8.97267		221		220		198		198		198		198		
510		8138		0		8035		survived		9.12208		8.97267		222		220		198		198		198		198		
511		8138		0		8035		survived		9.12208		8.97267		223		220		198		198		198		198		
512		8138		0		8035		survived		9.12208		8.97267		224		220		198		198		198		198		
513		8138		0		8035		survived		9.12208		8.97267		225		220		198		198		198		198		
514		8138		0		8035		survived		9.12208		8.97267		226		220		198		198		198		198		
515		8138		0		8035		survived		9.12208		8.97267		227		220		198		198		198		198		
516		8138		0		8035		survived		9.12208		8.97267		228		220		198		198		198		198		
517		8138		0		8035		survived		9.12208		8.97267		229		220		198		198		198		198		
518		8138		0		8035		survived		9.12208		8.97267		230		220		198		198		198		198		
519		8138		0		8035		survived		9.12208		8.97267		231		220		198		198		198		198		
520		8138		0		8035		survived		9.12208		8.97267		232		220		198		198		198		198		
521		8138		0		8035		survived		9.12208		8.97267		233		220		198		198		198		198		
522		8138		0		8035		survived		9.12208		8.97267		234		220		198		198		198		198		
523		8138		0		8035		survived		9.12208		8.97267		235		220		198		198		198		198		
524		8138		0		8035		survived		9.12208		8.97267		236		220		198		198		198		198		
525		8138		0		8035		survived		9.12208		8.97267		237		220		198		198		198		198		
526		8138		0		8035		survived		9.12208		8.97267		238		220		198		198		198		198		
527		8138		0		8035		survived		9.12208		8.97267		239		220		198		198		198		198		
528		8138		0		8035		survived		9.12208		8.97267		240		220		198		198		198		198		
529		8138		0		8035		survived		9.12208		8.97267		241		220		198		198		198		198		
530		8138		0		8035		survived		9.12208		8.97267		242		220		198		198		198		198		
531		8138		0		8035		survived		9.12208		8.97267		243		220		198		198		198		198		
532		8138		0		8035		survived		9.12208		8.97267		244		220		198		198		198		198		
533		8138		0		8035		survived		9.12208		8.97267		245		220		198		198		198		198		
534		8138		0		8035		survived		9.12208		8.97267		246		220		198		198		198		198		
535		8138		0		8035		survived		9.12208		8.97267		247		220		198		198		198		198		
536		8138		0		8035		survived		9.12208		8.97267		248		220		198		198		198		198		
537		8138		0		8035		survived		9.12208		8.97267		249		220		198		198		198		198		
538		8138		0		8035		survived		9.12208		8.97267		250		220		198		198		198		198		
539		8138		0		8035		survived		9.12208		8.97267		251		220		198		198		198		198		
540		8138		0		8035		survived		9.12208		8.97267		252		220		198		198		198		198		
541		8138		0		8035		survived		9.12208		8.97267		253		220		198		198		198		198		
542		8138		0		8035		survived		9.12208		8.97267		254		220		198		198		198		198		
543		8138		0		8035		survived		9.12208		8.97267		255		220		198		198		198		198		
544		8138		0		8035		survived		9.12208		8.97267		256		220		198		198		198		198		
545		8138		0		8035		survived		9.12208		8.97267		257		220		198		198		198		198		
546		8138		0		8035		survived		9.12208		8.97267		258		220		198		198		198		198		
547		8138		0		8035		survived		9.12208		8.97267		259		220		198		198		198		198		
548		8138		0		8035		survived		9.12208		8.97267		260		220		198		198		198		198		
549		8138		0		8035		survived		9.12208		8.97267		261		220		198		198		198		198		
550		8138		0		8035		survived		9.12208		8.97267		262		220		198		198		198		198		
551		8138		0		8035		survived		9.12208		8.97267		263		220		198		198		198		198		
552		8138		0		8035		survived		9.12208		8.97267		264		220		198		198		198		198		
553		8138		0		8035		survived		9.12208		8.97267		265		220		198		198		198		198		
554		8138		0		8035		survived		9.12208		8.97267		266		220		198		198		198		198		
555		8138		0		8035		survived		9.12208		8.97267		267		220		198		198		198		198		
556		8138		0		8035		survived		9.12208		8.97267		268		220		198		198		198		198		
557		8138		0		8035		survived		9.12208		8.97267		269		220		198		198		198		198		
558		8138		0		8035		survived		9.12208		8.97267		270		220		198		198		198		198		
559		8138		0		8035		survived		9.12208		8.97267		271		220		198		198		198		198		
560		8138		0		8035		survived		9.12208		8.97267		272		220		198		198		198		198		
561		8138		0		8035		survived		9.12208		8.97267		273		220		198		198		198		198		
562		8138		0		8035		survived		9.12208		8.97267		274		220		198		198		198		198		
563		8138		0		8035		survived		9.12208		8.97267		275		220		198		198		198		198		
564		8138		0		8035		survived		9.12208		8.97267		276		220		198		198		198		198		
565		8138		0		8035		survived		9.12208		8.97267		277		220		198		198		198		198		
566		8138		0		8035		survived		9.12208		8.97267		278		220		198		198		198		198		
567		8138		0		8035		survived		9.12208		8.97267		279		220		198		198		198		198		
568		8138		0		8035		survived		9.12208		8.97267		280		220		198		198		198		198		
569		8138		0		8035		survived		9.12208		8.97267		281		220		198		198		198		198		
570		8138		0		8035		survived		9.12208		8.97267		282		220		198		198		198		198		
571		8138		0		8035		survived		9.12208		8.97267		283		220		198		198		198		198		
572		8138		0		8035		survived		9.12208		8.97267		284		220		198		198		198		198		
573		8138		0		8035		survived		9.12208		8.97267		285		220		198		198		198		198		
574		8138		0		8035		survived		9.12208		8.97267		286		220		198		198		198		198		
575		8138		0		8035		survived		9.12208		8.97267		287		220		198		198		198		198		
576		8138		0		8035		survived		9.12208		8.97267		288		220		198		198		198		198		
577		8138		0		8035		survived		9.12208		8.97267		289		220		198		198		198		198		
578		8138		0		8035		survived		9.12208		8.97267		290		220		198		198		198		198		
579		8138		0		8035		survived		9.12208		8.97267		291		220		198		198		198		198		
580		8138		0		8035		survived		9.12208		8.97267		292		220		198		198		198		198		
581		8138		0		8035		survived		9.12208		8.97267		293		220		198		198		198		198		
582		8138		0		8035		survived		9.12208		8.97267		294		220		198		198		198		198		
583		8138		0		8035		survived		9.12208		8.97267		295		220		198		198		198		198		
584		8138		0		8035		survived		9.12208		8.97267		296		220		198		198		198		198		
585		8138		0		8035		survived		9.12208		8.97267		297		220		198		198		198		198		
586		8138		0		8035		survived		9.12208		8.97267		298		220		198		198		198		198		
587		8138		0		8035		survived		9.12208		8.97267		299		220		198		198		198		198		
588		8138		0		8035		survived		9.12208		8.97267		300		220		198		198		198		198		
589		8138		0		8035		survived		9.12208		8.97267		301		220		198		198		198		198		
590		8138		0		8035		survived		9.12208		8.97267		302		220		198		198		198		198		
591		8138		0		8035		survived		9.12208		8.97267		303		220		198		198		198		198		
592		8138		0		8035		survived		9.12208		8.97267		304		220		198		198		198		198		
593		8138		0		8035		survived		9.12208		8.97267		305		220		198		198		198		198		
594		8138		0		8035		survived		9.12208		8.97267		306		220		198		198		198		198		
595		8138		0		8035		survived		9.12208		8.97267		307		220		198		198		198		198		
596		8138		0		8035		survived		9.12208		8.97267		308		220		198		198		198		198		
597		8138		0		8035		survived		9.12208		8.97267		309		220		198		198		198		198		
598		8138		0		8035		survived		9.12208		8.97267		310		220		198		198		198		198		
599		8138		0		8035		survived		9.12208		8.97267		311		220		198		198		198		198		
600		8138		0		8035		survived		9.12208		8.97267		312		220		198		198		198		198		
601		8138		0		8035		survived		9.12208		8.97267		313		220		198		198		198		198		
602		8138		0		8035		survived		9.12208		8.97267		314		220		198		198		198		198		
603		8138		0		8035		survived		9.12208		8.97267		315		220		198		198		198		198		
604		8138		0		8035		survived		9.12208		8.97267		316		220		198		198		198		198		
605		8138		0		8035		survived		9.12208		8.97267		317		220		198		198		198		198		
606		8138		0		8035		survived		9.12208		8.97267		318		220		198		198		198		198		
607		8138		0		8035		survived		9.12208		8.97267		319		220		198		198		198		198		
608		8138		0		8035		survived		9.12208		8.97267		320		220		198		198		198		198		
609		8138		0		8035		survived		9.12208		8.97267		321		220		198		198		198		198		
610		8138		0		8035		survived		9.12208		8.97267		322		220		198		198		198		198		
611		8138		0		8035		survived		9.12208		8.97267		323		220		198		198		198		198		
612		8138		0		8035		survived		9.12208		8.97267		324		220		198		198		198		198		
613		8138		0		8035		survived		9.12208		8.97267		325		220		198		198		198		198		
614		8138		0		8035		survived		9.12208		8.97267		326		220		198		198		198		198		
615		8138		0		8035		survived		9.12208		8.97267		327		220		198		198		198		198		
616		8138		0		8035		survived		9.12208		8.97267		328		220		198		198		198		198		
617		8138		0		8035		survived		9.12208		8.97267		329		220		198		198		198		198		
618		8138		0		8035		survived		9.12208		8.97267		330		220		198		198		198		198		
619		8138		0		8035		survived		9.12208		8.97267		331		220		198		198		198		198		
620		8138		0		8035		survived		9.12208		8.97267		332		220		198		198		198		198		
621		8138		0		8035		survived		9.12208		8.97267		333		220		198		198		198		198		
622		8138		0		8035		survived		9.12208		8.97267		334		220		198		198		198		198		
623		8138		0		8035		survived		9.12208		8.97267		335		220		198		198		198		198		
624		8138		0		8035		survived		9.12208		8.97267		336		220		198		198		198		198		
625		8138		0		8035		survived		9.12208		8.97267		337		220		198		198		198		198		
626		8138		0		8035		survived		9.12208		8.97267		338		220		198		198		198		198		
627		8138		0		8035		survived		9.12208		8.97267		339		220		198		198		198		198		
628		8138		0		8035		survived		9.12208		8.97267		340		220		198		198		198		198		
629		8138		0		8035		survived		9.12208		8.97267		341		220		198		198		198		198		
630		8138		0		8035		survived		9.12208		8.97267		342		220		198		198		198		198		
631		8138		0		8035		survived		9.12208		8.97267		343		220		198		198		198		198		
632		8138		0		8035		survived		9.12208		8.97267		344		220		198		198		198		198		
633		8138		0		8035		survived		9.12208		8.97267		345		220		198		198		198		198		
634		8138		0		8035		survived		9.12208		8.97267		346		220		198		198		198		198		
635		8138		0		8035		survived		9.12208		8.97267		347		220		198		198		198		198		
636		8138		0		8035		survived		9.12208		8.97267		348		220		198		198		198		198		
637		8138		0		8035		survived		9.12208		8.97267		349		220		198		198		198		198		
638		8138		0		8035		survived		9.12208		8.97267		350		220		198		198		198		198		
639		8138		0		8035		survived		9.12208		8.97267		351		220		198		198		198		198		
640		8138		0		8035		survived		9.12208		8.97267		352		220		198		198		198		198		
641		8138		0		8035		survived		9.12208		8.97267		353		220		198		198		198		198		
642		8138		0		8035		survived		9.12208		8.97267		354		220		198		198		198		198		
643		8138		0		8035		survived		9.12208		8.97267		355		220		198		198		198		198		
644		8138		0		8035		survived		9.12208		8.97267		356		220		198		198		198		198		
645		8138		0		8035		survived		9.12208		8.97267		357		220		198		198		198		198		
646		8138		0		8035		survived		9.12208		8.97267		358		220		198		198		198		198		
647		8138		0		8035		survived		9.12208		8.97267		359		220		198		198		198		198		
648		8138		0		8035		survived		9.12208		8.97267		360		220		198		198		198		198		
649		8138		0		8035		survived		9.12208		8.97267		361		220		198		198		198		198		
650		8138		0		8035		survived		9.12208		8.97267		362		220		198		198		198		198		
651		8138		0		8035		survived		9.12208		8.97267		363		220		198		198		198		198		
652		8138		0		8035		survived		9.12208		8.97267		364		220		198		198		198		198		
653		8138		0		8035		survived		9.12208		8.97267		365		220		198		198		198		198		
654		8138		0		8035		survived		9.12208		8.97267		366		220		198		198		198		198		
655		8138		0		8035		survived		9.12208		8.97267		367		220		198		198		198		198		
656		8138		0		8035		survived		9.12208		8.97267		368		220		198		198		198		198		
657		10518		0		9089		mutate_weight(0.112723957388)		9.13622		9.02912		369		369		200		196		200		196		
658		10518		0		9089		survived		9.13622		9.02912		370		369		200		196		200		196		
659		10518		0		9089		survived		9.13622		9.02912		371		369		200		196		200		196		
660		10518		0		9089		survived		9.13622		9.02912		372		369		200		196		200		196		
661		10518		0		9089		survived		9.13622		9.02912		373		369		200		196		200		196		
662		10518		0		9089		survived		9.13622		9.02912		374		369		200		196		200		196		
663		10518		0		9089		survived		9.13622		9.02912		375		369		200		196		200		196		
664		10518		0		9089		survived		9.13622		9.02912		376		369		200		196		200		196		
665		10518		0		9089		survived		9.13622		9.02912		377		369		200		196		200		196		
666		10518		0		9089		survived		9.13622		9.02912		378		369		200		196		200		196		
667		10518		0		9089		survived		9.13622		9.02912		379		369		200		196		200		196		
668		10518		0		9089		survived		9.13622		9.02912		380		369		200		196		200		196		
669		10518		0		9089		survived		9.13622		9.02912		381		369		200		196		200		196		
670		10518		0		9089		survived		9.13622		9.02912		382		369		200		196		200		196		
671		10518		0		9089		survived		9.13622		9.02912		383		369		200		196		200		196		
672		10518		0		9089		survived		9.13622		9.02912		384		369		200		196		200		196		
673		10518		0		9089		survived		9.13622		9.02912		385		369		200		196		200		196		
674		10518		0		9089		survived		9.13622		9.02912		386		369		200		196		200		196		
675		10518		0		9089		survived		9.13622		9.02912		387		369		200		196		200		196		
676		10518		0		9089		survived		9.13622		9.02912		388		369		200		196		200		196		
677		10518		0		9089		survived		9.13622		9.02912		389		369		200		196		200		196		
678		10518		0		9089		survived		9.13622		9.02912		390		369		200		196		200		196		
679		10518		0		9089		survived		9.13622		9.02912		391		369		200		196		200		196		
680		10518		0		9089		survived		9.13622		9.02912		392		369		200		196		200		196		
681		10518		0		9089		survived		9.13622		9.02912		393		369		200		196		200		196		
682		10518		0		9089		survived		9.13622		9.02912		394		369		200		196		200		196		
683		10518		0		9089		survived		9.13622		9.02912		395		369		200		196		200		196		
684		10518		0		9089		survived		9.13622		9.02912		396		369		200		196		200		196		
685		10518		0		9089		survived		9.13622		9.02912		397		369		200		196		200		196		
686		10518		0		9089		survived		9.13622		9.02912		398		369		200		196		200		196		
687		10518		0		9089		survived		9.13622		9.02912		399		369		200		196		200		196		
688		10518		0		9089		survived		9.13622		9.02912		400		369		200		196		200		196		
689		10518		0		9089		survived		9.13622		9.02912		401		369		200		196		200		196		
690		10518		0		9089		survived		9.13622		9.02912		402		369		200		196		200		196		
691		10518		0		9089		survived		9.13622		9.02912		403		369		200		196		200		196		
692		10518		0		9089		survived		9.13622		9.02912		404		369		200		196		200		196		
693		10518		0		9089		survived		9.13622		9.02912		405		369		200		196		200		196		
694		10518		0		9089		survived		9.13622		9.02912		406		369		200		196		200		196		
695		10518		0		9089		survived		9.13622		9.02912		407		369		200		196		200		196		
696		10518		0		9089		survived		9.13622		9.02912		408		369		200		196		200		196		
697		10518		0		9089		survived		9.13622		9.02912		409		369		200		196		200		196		
698		10518		0		9089		survived		9.13622		9.02912		410		369		200		196		200		196		
699		10518		0		9089		survived		9.13622		9.02912		411		369		200		196		200		196		
700		10518		0		9089		survived		9.13622		9.02912		412		369		200		196		200		196		
701		10518		0		9089		survived		9.13622		9.02912		413		369		200		196		200		196		
702		10518		0		9089		survived		9.13622		9.02912		414		369		200		196		200		196		
703		10518		0		9089		survived		9.13622		9.02912		415		369		200		196		200		196		
704		10518		0		9089		survived		9.13622		9.02912		416		369		200		196		200		196		
705		10518		0		9089		survived		9.13622		9.02912		417		369		200		196		200		196		
706		10518		0		9089		survived		9.13622		9.02912		418		369		200		196		200		196		
707		10518		0		9089		survived		9.13622		9.02912		419		369		200		196		200		196		
708		10518		0		9089		survived		9.13622		9.02912		420		369		200		196		200		196		
709		10518		0		9089		survived		9.13622		9.02912		421		369		200		196		200		196		
710		10518		0		9089		survived		9.13622		9.02912		422		369		200		196		200		196		
711		10518		0		9089		survived		9.13622		9.02912		423		369		200		196		200		196		
712		10518		0		9089		survived		9.13622		9.02912		424		369		200		196		200		196		
713		10518		0		9089		survived		9.13622		9.02912		425		369		200		196		200		196		
714		10518		0		9089		survived		9.13622		9.02912		426		369		200		196		200		196		
715		10518		0		9089		survived		9.13622		9.02912		427		369		200		196		200		196		
716		10518		0		9089		survived		9.13622		9.02912		428		369		200		196		200		196		
717		10518		0		9089		survived		9.13622		9.02912		429		369		200		196		200		196		
718		10518		0		9089		survived		9.13622		9.02912		430		369		200		196		200		196		
719		10518		0		9089		survived		9.13622		9.02912		431		369		200		196		200		196		
720		10518		0		9089		survived		9.13622		9.02912		432		369		200		196		200		196		
721		10518		0		9089		survived		9.13622		9.02912		433		369		200		196		200		196		
722		10518		0		9089		survived		9.13622		9.02912		434		369		200		196		200		196		
723		10518		0		9089		survived		9.13622		9.02912		435		369		200		196		200		196		
724		10518		0		9089		survived		9.13622		9.02912		436		369		200		196		200		196		
725		10518		0		9089		survived		9.13622		9.02912		437		369		200		196		200		196		
726		10518		0		9089		survived		9.13622		9.02912		438		369		200		196		200		196		
727		10518		0		9089		survived		9.13622		9.02912		439		369		200		196		200		196		
728		10518		0		9089		survived		9.13622		9.02912		440		369		200		196		200		196		
729		10518		0		9089		survived		9.13622		9.02912		441		369		200		196		200		196		
730		10518		0		9089		survived		9.13622		9.02912		442		369		200		196		200		196		
731		10518		0		9089		survived		9.13622		9.02912		443		369		200		196		200		196		
732		10518		0		9089		survived		9.13622		9.02912		444		369		200		196		200		196		
733		10518		0		9089		survived		9.13622		9.02912		445		369		200		196		200		196		
734		10518		0		9089		survived		9.13622		9.02912		446		369		200		196		200		196		
735		10518		0		9089		survived		9.13622		9.02912		447		369		200		196		200		196		
736		10518		0		9089		survived		9.13622		9.02912		448		369		200		196		200		196		
737		10518		0		9089		survived		9.13622		9.02912		449		369		200		196		200		196		
738		10518		0		9089		survived		9.13622		9.02912		450		369		200		196		200		196		
739		10518		0		9089		survived		9.13622		9.02912		451		369		200		196		200		196		
740		10518		0		9089		survived		9.13622		9.02912		452		369		200		196		200		196		
741		10518		0		9089		survived		9.13622		9.02912		453		369		200		196		200		196		
742		10518		0		9089		survived		9.13622		9.02912		454		369		200		196		200		196		
743		10518		0		9089		survived		9.13622		9.02912		455		369		200		196		200		196		
744		10518		0		9089		survived		9.13622		9.02912		456		369		200		196		200		196		
745		10518		0		9089		survived		9.13622		9.02912		457		369		200		196		200		196		
746		10518		0		9089		survived		9.13622		9.02912		458		369		200		196		200		196		
747		10518		0		9089		survived		9.13622		9.02912		459		369		200		196		200		196		
748		10518		0		9089		survived		9.13622		9.02912		460		369		200		196		200		196		
749		10518		0		9089		survived		9.13622		9.02912		461		369		200		196		200		196		
750		10518		0		9089		survived		9.13622		9.02912		462		369		200		196		200		196		
751		10518		0		9089		survived		9.13622		9.02912		463		369		200		196		200		196		
752		10518		0		9089		survived		9.13622		9.02912		464		369		200		196		200		196		
753		10518		0		9089		survived		9.13622		9.02912		465		369		200		196		200		196		
754		10518		0		9089		survived		9.13622		9.02912		466		369		200		196		200		196		
755		10518		0		9089		survived		9.13622		9.02912		467		369		200		196		200		196		
756		10518		0		9089		survived		9.13622		9.02912		468		369		200		196		200		196		
757		10518		0		9089		survived		9.13622		9.02912		469		369		200		196		200		196		
758		10518		0		9089		survived		9.13622		9.02912		470		369		200		196		200		196		
759		10518		0		9089		survived		9.13622		9.02912		471		369		200		196		200		196		
760		10518		0		9089		survived		9.13622		9.02912		472		369		200		196		200		196		
761		10518		0		9089		survived		9.13622		9.02912		473		369		200		196		200		196		
762		10518		0		9089		survived		9.13622		9.02912		474		369		200		196		200		196		
763		10518		0		9089		survived		9.13622		9.02912		475		369		200		196		200		196		
764		10518		0		9089		survived		9.13622		9.02912		476		369		200		196		200		196		
765		10518		0		9089		survived		9.13622		9.02912		477		369		200		196		200		196		
766		10518		0		9089		survived		9.13622		9.02912		478		369		200		196		200		196		
767		10518		0		9089		survived		9.13622		9.02912		479		369		200		196		200		196		
768		10518		0		9089		survived		9.13622		9.02912		480		369		200		196		200		196		
769		10518		0		9089		survived		9.13622		9.02912		481		369		200		196		200		196		
770		10518		0		9089		survived		9.13622		9.02912		482		369		200		196		200		196		
771		10518		0		9089		survived		9.13622		9.02912		483		369		200		196		200		196		
772		10518		0		9089		survived		9.13622		9.02912		484		369		200		196		200		196		
773		10518		0		9089		survived		9.13622		9.02912		485		369		200		196		200		196		
774		10518		0		9089		survived		9.13622		9.02912		486		369		200		196		200		196		
775		10518		0		9089		survived		9.13622		9.02912		487		369		200		196		200		196		
776		10518		0		9089		survived		9.13622		9.02912		488		369		200		196		200		196		
777		10518		0		9089		survived		9.13622		9.02912		489		369		200		196		200		196		
778		12452		0		11905		mutate_weight(0.117911245328)		9.88058		8.68241		490		490		180		176		180		176		
779		12452		0		11905		survived		9.88058		8.68241		491		490		180		176		180		176		
780		12452		0		11905		survived		9.88058		8.68241		492		490		180		176		180		176		
781		12452		0		11905		survived		9.88058		8.68241		493		490		180		176		180		176		
782		12452		0		11905		survived		9.88058		8.68241		494		490		180		176		180		176		
783		12452		0		11905		survived		9.88058		8.68241		495		490		180		176		180		176		
784		12452		0		11905		survived		9.88058		8.68241		496		490		180		176		180		176		
785		12452		0		11905		survived		9.88058		8.68241		497		490		180		176		180		176		
786		12452		0		11905		survived		9.88058		8.68241		498		490		180		176		180		176		
787		12452		0		11905		survived		9.88058		8.68241		499		490		180		176		180		176		
788		12452		0		11905		survived		9.88058		8.68241		500		490		180		176		180		176		
789		12452		0		11905		survived		9.88058		8.68241		501		490		180		176		180		176		
790		12452		0		11905		survived		9.88058		8.68241		502		490		180		176		180		176		
791		12452		0		11905		survived		9.88058		8.68241		503		490		180		176		180		176		
792		12452		0		11905		survived		9.88058		8.68241		504		490		180		176		180		176		
793		12452		0		11905		survived		9.88058		8.68241		505		490		180		176		180		176		
794		12452		0		11905		survived		9.88058		8.68241		506		490		180		176		180		176		
795		12452		0		11905		survived		9.88058		8.68241		507		490		180		176		180		176		
796		12452		0		11905		survived		9.88058		8.68241		508		490		180		176		180		176		
797		12452		0		11905		survived		9.88058		8.68241		509		490		180		176		180		176		
798		12452		0		11905		survived		9.88058		8.68241		510		490		180		176		180		176		
799		12452		0		11905		survived		9.88058		8.68241		511		490		180		176		180		176		
800		12452		0		11905		survived		9.88058		8.68241		512		490		180		176		180		176		
801		12452		0		11905		survived		9.88058		8.68241		513		490		180		176		180		176		
802		12452		0		11905		survived		9.88058		8.68241		514		490		180		176		180		176		
803		12452		0		11905		survived		9.88058		8.68241		515		490		180		176		180		176		
804		12452		0		11905		survived		9.88058		8.68241		516		490		180		176		180		176		
805		12452		0		11905		survived		9.88058		8.68241		517		490		180		176		180		176		
806		12452		0		11905		survived		9.88058		8.68241		518		490		180		176		180		176		
807		12452		0		11905		survived		9.88058		8.68241		519		490		180		176		180		176		
808		12452		0		11905		survived		9.88058		8.68241		520		490		180		176		180		176		
809		12452		0		11905		survived		9.88058		8.68241		521		490		180		176		180		176		
810		12452		0		11905		survived		9.88058		8.68241		522		490		180		176		180		176		
811		12452		0		11905		survived		9.88058		8.68241		523		490		180		176		180		176		
812		12452		0		11905		survived		9.88058		8.68241		524		490		180		176		180		176		
813		12452		0		11905		survived		9.88058		8.68241		525		490		180		176		180		176		
814		12452		0		11905		survived		9.88058		8.68241		526		490		180		176		180		176		
815		12452		0		11905		survived		9.88058		8.68241		527		490		180		176		180		176		
816		12452		0		11905		survived		9.88058		8.68241		528		490		180		176		180		176		
817		12452		0		11905		survived		9.88058		8.68241		529		490		180		176		180		176		
818		12452		0		11905		survived		9.88058		8.68241		530		490		180		176		180		176		
819		12452		0		11905		survived		9.88058		8.68241		531		490		180		176		180		176		
820		12452		0		11905		survived		9.88058		8.68241		532		490		180		176		180		176		
821		12452		0		11905		survived		9.88058		8.68241		533		490		180		176		180		176		
822		12452		0		11905		survived		9.88058		8.68241		534		490		180		176		180		176		
823		12452		0		11905		survived		9.88058		8.68241		535		490		180		176		180		176		
824		12452		0		11905		survived		9.88058		8.68241		536		490		180		176		180		176		
825		12452		0		11905		survived		9.88058		8.68241		537		490		180		176		180		176		
826		12452		0		11905		survived		9.88058		8.68241		538		490		180		176		180		176		
827		12452		0		11905		survived		9.88058		8.68241		539		490		180		176		180		176		
828		12452		0		11905		survived		9.88058		8.68241		540		490		180		176		180		176		
829		12452		0		11905		survived		9.88058		8.68241		541		490		180		176		180		176		
830		12452		0		11905		survived		9.88058		8.68241		542		490		180		176		180		176		
831		12452		0		11905		survived		9.88058		8.68241		543		490		180		176		180		176		
832		12452		0		11905		survived		9.88058		8.68241		544		490		180		176		180		176		
833		12452		0		11905		survived		9.88058		8.68241		545		490		180		176		180		176		
834		12452		0		11905		survived		9.88058		8.68241		546		490		180		176		180		176		
835		12452		0		11905		survived		9.88058		8.68241		547		490		180		176		180		176		
836		12452		0		11905		survived		9.88058		8.68241		548		490		180		176		180		176		
837		12452		0		11905		survived		9.88058		8.68241		549		490		180		176		180		176		
838		12452		0		11905		survived		9.88058		8.68241		550		490		180		176		180		176		
839		12452		0		11905		survived		9.88058		8.68241		551		490		180		176		180		176		
840		12452		0		11905		survived		9.88058		8.68241		552		490		180		176		180		176		
841		12452		0		11905		survived		9.88058		8.68241		553		490		180		176		180		176		
842		12452		0		11905		survived		9.88058		8.68241		554		490		180		176		180		176		
843		12452		0		11905		survived		9.88058		8.68241		555		490		180		176		180		176		
844		12452		0		11905		survived		9.88058		8.68241		556		490		180		176		180		176		
845		12452		0		11905		survived		9.88058		8.68241		557		490		180		176		180		176		
846		12452		0		11905		survived		9.88058		8.68241		558		490		180		176		180		176		
847		12452		0		11905		survived		9.88058		8.68241		559		490		180		176		180		176		
848		12452		0		11905		survived		9.88058		8.68241		560		490		180		176		180		176		
849		12452		0		11905		survived		9.88058		8.68241		561		490		180		176		180		176		
850		12452		0		11905		survived		9.88058		8.68241		562		490		180		176		180		176		
851		12452		0		11905		survived		9.88058		8.68241		563		490		180		176		180		176		
852		12452		0		11905		survived		9.88058		8.68241		564		490		180		176		180		176		
853		12452		0		11905		survived		9.88058		8.68241		565		490		180		176		180		176		
854		12452		0		11905		survived		9.88058		8.68241		566		490		180		176		180		176		
855		13686		0		13144		mutate_weight(0.117911245328)		9.88058		8.68241		567		567		166		166		166		166		
856		13686		0		13144		survived		9.88058		8.68241		568		567		166		166		166		166		
857		13686		0		13144		survived		9.88058		8.68241		569		567		166		166		166		166		
858		13686		0		13144		survived		9.88058		8.68241		570		567		166		166		166		166		
859		13686		0		13144		survived		9.88058		8.68241		571		567		166		166		166		166		
860		13686		0		13144		survived		9.88058		8.68241		572		567		166		166		166		166		
861		13686		0		13144		survived		9.88058		8.68241		573		567		166		166		166		166		
862		13686		0		13144		survived		9.88058		8.68241		574		567		166		166		166		166		
863		13686		0		13144		survived		9.88058		8.68241		575		567		166		166		166		166		
864		13686		0		13144		survived		9.88058		8.68241		576		567		166		166		166		166		
865		13686		0		13144		survived		9.88058		8.68241		577		567		166		166		166		166		
866		13686		0		13144		survived		9.88058		8.68241		578		567		166		166		166		166		
867		13686		0		13144		survived		9.88058		8.68241		579		567		166		166		166		166		
868		13686		0		13144		survived		9.88058		8.68241		580		567		166		166		166		166		
869		13686		0		13144		survived		9.88058		8.68241		581		567		166		166		166		166		
870		13686		0		13144		survived		9.88058		8.68241		582		567		166		166		166		166		
871		13686		0		13144		survived		9.88058		8.68241		583		567		166		166		166		166		
872		13686		0		13144		survived		9.88058		8.68241		584		567		166		166		166		166		
873		13686		0		13144		survived		9.88058		8.68241		585		567		166		166		166		166		
874		13686		0		13144		survived		9.88058		8.68241		586		567		166		166		166		166		
875		13686		0		13144		survived		9.88058		8.68241		587		567		166		166		166		166		
876		13686		0		13144		survived		9.88058		8.68241		588		567		166		166		166		166		
877		13686		0		13144		survived		9.88058		8.68241		589		567		166		166		166		166		
878		13686		0		13144		survived		9.88058		8.68241		590		567		166		166		166		166		
879		13686		0		13144		survived		9.88058		8.68241		591		567		166		166		166		166		
880		13686		0		13144		survived		9.88058		8.68241		592		567		166		166		166		166		
881		13686		0		13144		survived		9.88058		8.68241		593		567		166		166		166		166		
882		13686		0		13144		survived		9.88058		8.68241		594		567		166		166		166		166		
883		13686		0		13144		survived		9.88058		8.68241		595		567		166		166		166		166		
884		13686		0		13144		survived		9.88058		8.68241		596		567		166		166		166		166		
885		13686		0		13144		survived		9.88058		8.68241		597		567		166		166		166		166		
886		13686		0		13144		survived		9.88058		8.68241		598		567		166		166		166		166		
887		13686		0		13144		survived		9.88058		8.68241		599		567		166		166		166		166		
888		13686		0		13144		survived		9.88058		8.68241		600		567		166		166		166		166		
889		13686		0		13144		survived		9.88058		8.68241		601		567		166		166		166		166		
890		13686		0		13144		survived		9.88058		8.68241		602		567		166		166		166		166		
891		13686		0		13144		survived		9.88058		8.68241		603		567		166		166		166		166		
892		13686		0		13144		survived		9.88058		8.68241		604		567		166		166		166		166		
893		13686		0		13144		survived		9.88058		8.68241		605		567		166		166		166		166		
894		13686		0		13144		survived		9.88058		8.68241		606		567		166		166		166		166		
895		13686		0		13144		survived		9.88058		8.68241		607		567		166		166		166		166		
896		13686		0		13144		survived		9.88058		8.68241		608		567		166		166		166		166		
897		13686		0		13144		survived		9.88058		8.68241		609		567		166		166		166		166		
898		13686		0		13144		survived		9.88058		8.68241		610		567		166		166		166		166		
899		13686		0		13144		survived		9.88058		8.68241		611		567		166		166		166		166		
900		13686		0		13144		survived		9.88058		8.68241		612		567		166		166		166		166		
901		13686		0		13144		survived		9.88058		8.68241		613		567		166		166		166		166		
902		13686		0		13144		survived		9.88058		8.68241		614		567		166		166		166		166		
903		13686		0		13144		survived		9.88058		8.68241		615		567		166		166		166		166		
904		13686		0		13144		survived		9.88058		8.68241		616		567		166		166		166		166		
905		13686		0		13144		survived		9.88058		8.68241		617		567		166		166		166		166		
906		13686		0		13144		survived		9.88058		8.68241		618		567		166		166		166		166		
907		13686		0		13144		survived		9.88058		8.68241		619		567		166		166		166		166		
908		13686		0		13144		survived		9.88058		8.68241		620		567		166		166		166		166		
909		14555		0		13686		mutate_function(neg_abs-to-sin)		10.0144		9.88058		621		621		184		166		184		166		
910		14555		0		13686		survived		10.0144		9.88058		622		621		184		166		184		166		
911		14555		0		13686		survived		10.0144		9.88058		623		621		184		166		184		166		
912		14555		0		13686		survived		10.0144		9.88058		624		621		184		166		184		166		
913		14555		0		13686		survived		10.0144		9.88058		625		621		184		166		184		166		
914		14555		0		13686		survived		10.0144		9.88058		626		621		184		166		184		166		
915		14649		0		13686		mutate_function(neg_abs-to-sin)		10.0144		9.88058		627		627		166		166		166		166		
916		14649		0		13686		survived		10.0144		9.88058		628		627		166		166		166		166		
917		14649		0		13686		survived		10.0144		9.88058		629		627		166		166		166		166		
918		14649		0		13686		survived		10.0144		9.88058		630		627		166		166		166		166		
919		14649		0		13686		survived		10.0144		9.88058		631		627		166		166		166		166		
920		14649		0		13686		survived		10.0144		9.88058		632		627		166		166		166		166		
921		14649		0		13686		survived		10.0144		9.88058		633		627		166		166		166		166		
922		14649		0		13686		survived		10.0144		9.88058		634		627		166		166		166		166		
923		14649		0		13686		survived		10.0144		9.88058		635		627		166		166		166		166		
924		14649		0		13686		survived		10.0144		9.88058		636		627		166		166		166		166		
925		14649		0		13686		survived		10.0144		9.88058		637		627		166		166		166		166		
926		14649		0		13686		survived		10.0144		9.88058		638		627		166		166		166		166		
927		14649		0		13686		survived		10.0144		9.88058		639		627		166		166		166		166		
928		14649		0		13686		survived		10.0144		9.88058		640		627		166		166		166		166		
929		14649		0		13686		survived		10.0144		9.88058		641		627		166		166		166		166		
930		14649		0		13686		survived		10.0144		9.88058		642		627		166		166		166		166		
931		14649		0		13686		survived		10.0144		9.88058		643		627		166		166		166		166		
932		14649		0		13686		survived		10.0144		9.88058		644		627		166		166		166		166		
933		14649		0		13686		survived		10.0144		9.88058		645		627		166		166		166		166		
934		14649		0		13686		survived		10.0144		9.88058		646		627		166		166		166		166		
935		14649		0		13686		survived		10.0144		9.88058		647		627		166		166		166		166		
936		14649		0		13686		survived		10.0144		9.88058		648		627		166		166		166		166		
937		14649		0		13686		survived		10.0144		9.88058		649		627		166		166		166		166		
938		14649		0		13686		survived		10.0144		9.88058		650		627		166		166		166		166		
939		14649		0		13686		survived		10.0144		9.88058		651		627		166		166		166		166		
940		14649		0		13686		survived		10.0144		9.88058		652		627		166		166		166		166		
941		14649		0		13686		survived		10.0144		9.88058		653		627		166		166		166		166		
942		14649		0		13686		survived		10.0144		9.88058		654		627		166		166		166		166		
943		14649		0		13686		survived		10.0144		9.88058		655		627		166		166		166		166		
944		14649		0		13686		survived		10.0144		9.88058		656		627		166		166		166		166		
945		15126		0		14649		mutate_weight(0.203862753398)		10.0327		10.0144		657		657		184		166		184		166		
946		15126		0		14649		survived		10.0327		10.0144		658		657		184		166		184		166		
947		15126		0		14649		survived		10.0327		10.0144		659		657		184		166		184		166		
948		15126		0		14649		survived		10.0327		10.0144		660		657		184		166		184		166		
949		15126		0		14649		survived		10.0327		10.0144		661		657		184		166		184		166		
950		15126		0		14649		survived		10.0327		10.0144		662		657		184		166		184		166		
951		15126		0		14649		survived		10.0327		10.0144		663		657		184		166		184		166		
952		15126		0		14649		survived		10.0327		10.0144		664		657		184		166		184		166		
953		15126		0		14649		survived		10.0327		10.0144		665		657		184		166		184		166		
954		15126		0		14649		survived		10.0327		10.0144		666		657		184		166		184		166		
955		15126		0		14649		survived		10.0327		10.0144		667		657		184		166		184		166		
956		15126		0		14649		survived		10.0327		10.0144		668		657		184		166		184		166		
957		15126		0		14649		survived		10.0327		10.0144		669		657		184		166		184		166		
958		15126		0		14649		survived		10.0327		10.0144		670		657		184		166		184		166		
959		15126		0		14649		survived		10.0327		10.0144		671		657		184		166		184		166		
960		15126		0		14649		survived		10.0327		10.0144		672		657		184		166		184		166		
961		15126		0		14649		survived		10.0327		10.0144		673		657		184		166		184		166		
