gen		id		dom		parent_id		variation_type		fitness		parent_fitness		age		parent_age		num_voxels		parent_num_voxels		energy		parent_energy		material_different_from_parent		mean_material		mean_parent_material		mean_parent_diff_material
0		10		0		-1		newly_generated		0.190556		-10000000.0		0		10000000.0		166		10000000.0		73		10000000.0		
1		23		0		0		mutate_function(square-to-sin)		0.879638		0.0265777		1		1		216		216		214		216		
2		40		0		17		remove_link		1.33781		0.379194		2		2		104		118		104		118		
3		51		0		37		mutate_function(sin-to-sqrt_abs)		2.4858		0.0498677		3		3		216		216		216		92		
4		51		0		37		survived		2.4858		0.0498677		4		3		216		216		216		92		
5		51		0		37		survived		2.4858		0.0498677		5		3		216		216		216		92		
6		51		0		37		survived		2.4858		0.0498677		6		3		216		216		216		92		
7		126		0		-1		newly_generated		3.99441		-10000000.0		0		10000000.0		216		10000000.0		216		10000000.0		
8		126		0		-1		survived		3.99441		-10000000.0		1		10000000.0		216		10000000.0		216		10000000.0		
9		126		0		-1		survived		3.99441		-10000000.0		2		10000000.0		216		10000000.0		216		10000000.0		
10		173		0		40		mutate_weight(0.0456047818224)		4.15397		1.33781		10		10		106		104		106		104		
11		178		0		126		remove_link		4.48482		3.99441		4		4		216		216		216		216		
12		178		0		126		survived		4.48482		3.99441		5		4		216		216		216		216		
13		178		0		126		survived		4.48482		3.99441		6		4		216		216		216		216		
14		178		0		126		survived		4.48482		3.99441		7		4		216		216		216		216		
15		178		0		126		survived		4.48482		3.99441		8		4		216		216		216		216		
16		178		0		126		survived		4.48482		3.99441		9		4		216		216		216		216		
17		178		0		126		survived		4.48482		3.99441		10		4		216		216		216		216		
18		178		0		126		survived		4.48482		3.99441		11		4		216		216		216		216		
19		178		0		126		survived		4.48482		3.99441		12		4		216		216		216		216		
20		178		0		126		survived		4.48482		3.99441		13		4		216		216		216		216		
21		178		0		126		survived		4.48482		3.99441		14		4		216		216		216		216		
22		351		0		173		mutate_function(square-to-sin)		4.5718		4.15397		22		22		106		106		106		106		
23		351		0		173		survived		4.5718		4.15397		23		22		106		106		106		106		
24		351		0		173		survived		4.5718		4.15397		24		22		106		106		106		106		
25		410		0		178		remove_link		5.40579		4.48482		18		18		216		216		216		216		
26		410		0		178		survived		5.40579		4.48482		19		18		216		216		216		216		
27		438		0		410		add_link		5.56343		5.40579		20		20		216		216		216		216		
28		438		0		410		survived		5.56343		5.40579		21		20		216		216		216		216		
29		438		0		410		survived		5.56343		5.40579		22		20		216		216		216		216		
30		438		0		410		survived		5.56343		5.40579		23		20		216		216		216		216		
31		438		0		410		survived		5.56343		5.40579		24		20		216		216		216		216		
32		438		0		410		survived		5.56343		5.40579		25		20		216		216		216		216		
33		438		0		410		survived		5.56343		5.40579		26		20		216		216		216		216		
34		438		0		410		survived		5.56343		5.40579		27		20		216		216		216		216		
35		568		0		438		add_node		5.67003		5.56343		28		28		216		216		216		216		
36		568		0		438		survived		5.67003		5.56343		29		28		216		216		216		216		
37		568		0		438		survived		5.67003		5.56343		30		28		216		216		216		216		
38		568		0		438		survived		5.67003		5.56343		31		28		216		216		216		216		
39		568		0		438		survived		5.67003		5.56343		32		28		216		216		216		216		
40		568		0		438		survived		5.67003		5.56343		33		28		216		216		216		216		
41		568		0		438		survived		5.67003		5.56343		34		28		216		216		216		216		
42		568		0		438		survived		5.67003		5.56343		35		28		216		216		216		216		
43		568		0		438		survived		5.67003		5.56343		36		28		216		216		216		216		
44		568		0		438		survived		5.67003		5.56343		37		28		216		216		216		216		
45		568		0		438		survived		5.67003		5.56343		38		28		216		216		216		216		
46		568		0		438		survived		5.67003		5.56343		39		28		216		216		216		216		
47		568		0		438		survived		5.67003		5.56343		40		28		216		216		216		216		
48		777		0		688		remove_link		5.69799		5.591		9		9		216		216		216		216		
49		777		0		688		survived		5.69799		5.591		10		9		216		216		216		216		
50		777		0		688		survived		5.69799		5.591		11		9		216		216		216		216		
51		777		0		688		survived		5.69799		5.591		12		9		216		216		216		216		
52		777		0		688		survived		5.69799		5.591		13		9		216		216		216		216		
53		777		0		688		survived		5.69799		5.591		14		9		216		216		216		216		
54		777		0		688		survived		5.69799		5.591		15		9		216		216		216		216		
55		777		0		688		survived		5.69799		5.591		16		9		216		216		216		216		
56		900		0		777		add_link		5.70103		5.69799		17		17		216		216		216		216		
57		900		0		777		survived		5.70103		5.69799		18		17		216		216		216		216		
58		900		0		777		survived		5.70103		5.69799		19		17		216		216		216		216		
59		900		0		777		survived		5.70103		5.69799		20		17		216		216		216		216		
60		900		0		777		survived		5.70103		5.69799		21		17		216		216		216		216		
61		900		0		777		survived		5.70103		5.69799		22		17		216		216		216		216		
62		900		0		777		survived		5.70103		5.69799		23		17		216		216		216		216		
63		900		0		777		survived		5.70103		5.69799		24		17		216		216		216		216		
64		1030		0		900		add_node		6.09393		5.70103		25		25		216		216		216		216		
65		1030		0		900		survived		6.09393		5.70103		26		25		216		216		216		216		
66		1030		0		900		survived		6.09393		5.70103		27		25		216		216		216		216		
67		1030		0		900		survived		6.09393		5.70103		28		25		216		216		216		216		
68		1030		0		900		survived		6.09393		5.70103		29		25		216		216		216		216		
69		1030		0		900		survived		6.09393		5.70103		30		25		216		216		216		216		
70		1030		0		900		survived		6.09393		5.70103		31		25		216		216		216		216		
71		1030		0		900		survived		6.09393		5.70103		32		25		216		216		216		216		
72		1030		0		900		survived		6.09393		5.70103		33		25		216		216		216		216		
73		1030		0		900		survived		6.09393		5.70103		34		25		216		216		216		216		
74		1030		0		900		survived		6.09393		5.70103		35		25		216		216		216		216		
75		1030		0		900		survived		6.09393		5.70103		36		25		216		216		216		216		
76		1030		0		900		survived		6.09393		5.70103		37		25		216		216		216		216		
77		1030		0		900		survived		6.09393		5.70103		38		25		216		216		216		216		
78		1030		0		900		survived		6.09393		5.70103		39		25		216		216		216		216		
79		1030		0		900		survived		6.09393		5.70103		40		25		216		216		216		216		
80		1030		0		900		survived		6.09393		5.70103		41		25		216		216		216		216		
81		1030		0		900		survived		6.09393		5.70103		42		25		216		216		216		216		
82		1030		0		900		survived		6.09393		5.70103		43		25		216		216		216		216		
83		1030		0		900		survived		6.09393		5.70103		44		25		216		216		216		216		
84		1349		0		1030		add_link		6.10086		6.09393		45		45		216		216		216		216		
85		1349		0		1030		survived		6.10086		6.09393		46		45		216		216		216		216		
86		1349		0		1030		survived		6.10086		6.09393		47		45		216		216		216		216		
87		1349		0		1030		survived		6.10086		6.09393		48		45		216		216		216		216		
88		1349		0		1030		survived		6.10086		6.09393		49		45		216		216		216		216		
89		1349		0		1030		survived		6.10086		6.09393		50		45		216		216		216		216		
90		1349		0		1030		survived		6.10086		6.09393		51		45		216		216		216		216		
91		1349		0		1030		survived		6.10086		6.09393		52		45		216		216		216		216		
92		1349		0		1030		survived		6.10086		6.09393		53		45		216		216		216		216		
93		1349		0		1030		survived		6.10086		6.09393		54		45		216		216		216		216		
94		1349		0		1030		survived		6.10086		6.09393		55		45		216		216		216		216		
95		1349		0		1030		survived		6.10086		6.09393		56		45		216		216		216		216		
96		1349		0		1030		survived		6.10086		6.09393		57		45		216		216		216		216		
97		1349		0		1030		survived		6.10086		6.09393		58		45		216		216		216		216		
98		1349		0		1030		survived		6.10086		6.09393		59		45		216		216		216		216		
99		1349		0		1030		survived		6.10086		6.09393		60		45		216		216		216		216		
100		1349		0		1030		survived		6.10086		6.09393		61		45		216		216		216		216		
101		1349		0		1030		survived		6.10086		6.09393		62		45		216		216		216		216		
102		1349		0		1030		survived		6.10086		6.09393		63		45		216		216		216		216		
103		1349		0		1030		survived		6.10086		6.09393		64		45		216		216		216		216		
104		1349		0		1030		survived		6.10086		6.09393		65		45		216		216		216		216		
105		1349		0		1030		survived		6.10086		6.09393		66		45		216		216		216		216		
106		1349		0		1030		survived		6.10086		6.09393		67		45		216		216		216		216		
107		1718		0		1637		add_link		6.20003		6.04158		26		26		216		216		216		216		
108		1718		0		1637		survived		6.20003		6.04158		27		26		216		216		216		216		
109		1718		0		1637		survived		6.20003		6.04158		28		26		216		216		216		216		
110		1718		0		1637		survived		6.20003		6.04158		29		26		216		216		216		216		
111		1788		0		1718		mutate_weight(0.243011505285)		6.31693		6.20003		30		30		216		216		216		216		
112		1803		0		1788		mutate_function(neg_abs-to-neg_square)		6.48404		6.31693		31		31		216		216		216		216		
113		1803		0		1788		survived		6.48404		6.31693		32		31		216		216		216		216		
114		1803		0		1788		survived		6.48404		6.31693		33		31		216		216		216		216		
115		1803		0		1788		survived		6.48404		6.31693		34		31		216		216		216		216		
116		1803		0		1788		survived		6.48404		6.31693		35		31		216		216		216		216		
117		1803		0		1788		survived		6.48404		6.31693		36		31		216		216		216		216		
118		1803		0		1788		survived		6.48404		6.31693		37		31		216		216		216		216		
119		1803		0		1788		survived		6.48404		6.31693		38		31		216		216		216		216		
120		1803		0		1788		survived		6.48404		6.31693		39		31		216		216		216		216		
121		1803		0		1788		survived		6.48404		6.31693		40		31		216		216		216		216		
122		1960		0		1803		add_link		6.50742		6.48404		41		41		216		216		216		216		
123		1960		0		1803		survived		6.50742		6.48404		42		41		216		216		216		216		
124		1960		0		1803		survived		6.50742		6.48404		43		41		216		216		216		216		
125		1960		0		1803		survived		6.50742		6.48404		44		41		216		216		216		216		
126		1960		0		1803		survived		6.50742		6.48404		45		41		216		216		216		216		
127		2033		0		1960		add_link		6.60267		6.50742		46		46		216		216		216		216		
128		2033		0		1960		survived		6.60267		6.50742		47		46		216		216		216		216		
129		2033		0		1960		survived		6.60267		6.50742		48		46		216		216		216		216		
130		2033		0		1960		survived		6.60267		6.50742		49		46		216		216		216		216		
131		2033		0		1960		survived		6.60267		6.50742		50		46		216		216		216		216		
132		2033		0		1960		survived		6.60267		6.50742		51		46		216		216		216		216		
133		2033		0		1960		survived		6.60267		6.50742		52		46		216		216		216		216		
134		2033		0		1960		survived		6.60267		6.50742		53		46		216		216		216		216		
135		2033		0		1960		survived		6.60267		6.50742		54		46		216		216		216		216		
136		2033		0		1960		survived		6.60267		6.50742		55		46		216		216		216		216		
137		2033		0		1960		survived		6.60267		6.50742		56		46		216		216		216		216		
138		2033		0		1960		survived		6.60267		6.50742		57		46		216		216		216		216		
139		2033		0		1960		survived		6.60267		6.50742		58		46		216		216		216		216		
140		2033		0		1960		survived		6.60267		6.50742		59		46		216		216		216		216		
141		2033		0		1960		survived		6.60267		6.50742		60		46		216		216		216		216		
142		2033		0		1960		survived		6.60267		6.50742		61		46		216		216		216		216		
143		2033		0		1960		survived		6.60267		6.50742		62		46		216		216		216		216		
144		2033		0		1960		survived		6.60267		6.50742		63		46		216		216		216		216		
145		2033		0		1960		survived		6.60267		6.50742		64		46		216		216		216		216		
146		2033		0		1960		survived		6.60267		6.50742		65		46		216		216		216		216		
147		2033		0		1960		survived		6.60267		6.50742		66		46		216		216		216		216		
148		2033		0		1960		survived		6.60267		6.50742		67		46		216		216		216		216		
149		2033		0		1960		survived		6.60267		6.50742		68		46		216		216		216		216		
150		2033		0		1960		survived		6.60267		6.50742		69		46		216		216		216		216		
151		2033		0		1960		survived		6.60267		6.50742		70		46		216		216		216		216		
152		2033		0		1960		survived		6.60267		6.50742		71		46		216		216		216		216		
153		2033		0		1960		survived		6.60267		6.50742		72		46		216		216		216		216		
154		2033		0		1960		survived		6.60267		6.50742		73		46		216		216		216		216		
155		2033		0		1960		survived		6.60267		6.50742		74		46		216		216		216		216		
156		2033		0		1960		survived		6.60267		6.50742		75		46		216		216		216		216		
157		2033		0		1960		survived		6.60267		6.50742		76		46		216		216		216		216		
158		2033		0		1960		survived		6.60267		6.50742		77		46		216		216		216		216		
159		2033		0		1960		survived		6.60267		6.50742		78		46		216		216		216		216		
160		2033		0		1960		survived		6.60267		6.50742		79		46		216		216		216		216		
161		2033		0		1960		survived		6.60267		6.50742		80		46		216		216		216		216		
162		2033		0		1960		survived		6.60267		6.50742		81		46		216		216		216		216		
163		2033		0		1960		survived		6.60267		6.50742		82		46		216		216		216		216		
164		2033		0		1960		survived		6.60267		6.50742		83		46		216		216		216		216		
165		2033		0		1960		survived		6.60267		6.50742		84		46		216		216		216		216		
166		2033		0		1960		survived		6.60267		6.50742		85		46		216		216		216		216		
167		2033		0		1960		survived		6.60267		6.50742		86		46		216		216		216		216		
168		2033		0		1960		survived		6.60267		6.50742		87		46		216		216		216		216		
169		2033		0		1960		survived		6.60267		6.50742		88		46		216		216		216		216		
170		2033		0		1960		survived		6.60267		6.50742		89		46		216		216		216		216		
171		2033		0		1960		survived		6.60267		6.50742		90		46		216		216		216		216		
172		2033		0		1960		survived		6.60267		6.50742		91		46		216		216		216		216		
173		2033		0		1960		survived		6.60267		6.50742		92		46		216		216		216		216		
174		2033		0		1960		survived		6.60267		6.50742		93		46		216		216		216		216		
175		2033		0		1960		survived		6.60267		6.50742		94		46		216		216		216		216		
176		2033		0		1960		survived		6.60267		6.50742		95		46		216		216		216		216		
177		2033		0		1960		survived		6.60267		6.50742		96		46		216		216		216		216		
178		2033		0		1960		survived		6.60267		6.50742		97		46		216		216		216		216		
179		2033		0		1960		survived		6.60267		6.50742		98		46		216		216		216		216		
180		2033		0		1960		survived		6.60267		6.50742		99		46		216		216		216		216		
181		2033		0		1960		survived		6.60267		6.50742		100		46		216		216		216		216		
182		2033		0		1960		survived		6.60267		6.50742		101		46		216		216		216		216		
183		2033		0		1960		survived		6.60267		6.50742		102		46		216		216		216		216		
184		2033		0		1960		survived		6.60267		6.50742		103		46		216		216		216		216		
185		2033		0		1960		survived		6.60267		6.50742		104		46		216		216		216		216		
186		2033		0		1960		survived		6.60267		6.50742		105		46		216		216		216		216		
187		2033		0		1960		survived		6.60267		6.50742		106		46		216		216		216		216		
188		2033		0		1960		survived		6.60267		6.50742		107		46		216		216		216		216		
189		2033		0		1960		survived		6.60267		6.50742		108		46		216		216		216		216		
190		2033		0		1960		survived		6.60267		6.50742		109		46		216		216		216		216		
191		2033		0		1960		survived		6.60267		6.50742		110		46		216		216		216		216		
192		2033		0		1960		survived		6.60267		6.50742		111		46		216		216		216		216		
193		2033		0		1960		survived		6.60267		6.50742		112		46		216		216		216		216		
194		2033		0		1960		survived		6.60267		6.50742		113		46		216		216		216		216		
195		3126		0		3003		add_node		6.60554		6.5915		25		25		216		216		216		216		
196		3126		0		3003		survived		6.60554		6.5915		26		25		216		216		216		216		
197		3126		0		3003		survived		6.60554		6.5915		27		25		216		216		216		216		
198		3176		0		3126		mutate_weight(0.00677184212746)		6.6061		6.60554		28		28		216		216		216		216		
199		3176		0		3126		survived		6.6061		6.60554		29		28		216		216		216		216		
200		3176		0		3126		survived		6.6061		6.60554		30		28		216		216		216		216		
201		3176		0		3126		survived		6.6061		6.60554		31		28		216		216		216		216		
202		3176		0		3126		survived		6.6061		6.60554		32		28		216		216		216		216		
203		3176		0		3126		survived		6.6061		6.60554		33		28		216		216		216		216		
204		3176		0		3126		survived		6.6061		6.60554		34		28		216		216		216		216		
205		3176		0		3126		survived		6.6061		6.60554		35		28		216		216		216		216		
206		3176		0		3126		survived		6.6061		6.60554		36		28		216		216		216		216		
207		3176		0		3126		survived		6.6061		6.60554		37		28		216		216		216		216		
208		3176		0		3126		survived		6.6061		6.60554		38		28		216		216		216		216		
209		3176		0		3126		survived		6.6061		6.60554		39		28		216		216		216		216		
210		3359		0		3301		mutate_weight(-0.0837823591697)		6.62491		6.59843		24		24		216		216		216		216		
211		3359		0		3301		survived		6.62491		6.59843		25		24		216		216		216		216		
212		3396		0		3359		add_link		6.62613		6.62491		26		26		216		216		216		216		
213		3396		0		3359		survived		6.62613		6.62491		27		26		216		216		216		216		
214		3396		0		3359		survived		6.62613		6.62491		28		26		216		216		216		216		
215		3396		0		3359		survived		6.62613		6.62491		29		26		216		216		216		216		
216		3396		0		3359		survived		6.62613		6.62491		30		26		216		216		216		216		
217		3396		0		3359		survived		6.62613		6.62491		31		26		216		216		216		216		
218		3396		0		3359		survived		6.62613		6.62491		32		26		216		216		216		216		
219		3396		0		3359		survived		6.62613		6.62491		33		26		216		216		216		216		
220		3396		0		3359		survived		6.62613		6.62491		34		26		216		216		216		216		
221		3396		0		3359		survived		6.62613		6.62491		35		26		216		216		216		216		
222		3553		0		3396		add_link		6.65681		6.62613		36		36		216		216		216		216		
223		3553		0		3396		survived		6.65681		6.62613		37		36		216		216		216		216		
224		3553		0		3396		survived		6.65681		6.62613		38		36		216		216		216		216		
225		3553		0		3396		survived		6.65681		6.62613		39		36		216		216		216		216		
226		3553		0		3396		survived		6.65681		6.62613		40		36		216		216		216		216		
227		3553		0		3396		survived		6.65681		6.62613		41		36		216		216		216		216		
228		3553		0		3396		survived		6.65681		6.62613		42		36		216		216		216		216		
229		3553		0		3396		survived		6.65681		6.62613		43		36		216		216		216		216		
230		3553		0		3396		survived		6.65681		6.62613		44		36		216		216		216		216		
231		3553		0		3396		survived		6.65681		6.62613		45		36		216		216		216		216		
232		3553		0		3396		survived		6.65681		6.62613		46		36		216		216		216		216		
233		3553		0		3396		survived		6.65681		6.62613		47		36		216		216		216		216		
234		3553		0		3396		survived		6.65681		6.62613		48		36		216		216		216		216		
235		3553		0		3396		survived		6.65681		6.62613		49		36		216		216		216		216		
236		3553		0		3396		survived		6.65681		6.62613		50		36		216		216		216		216		
237		3553		0		3396		survived		6.65681		6.62613		51		36		216		216		216		216		
238		3553		0		3396		survived		6.65681		6.62613		52		36		216		216		216		216		
239		3553		0		3396		survived		6.65681		6.62613		53		36		216		216		216		216		
240		3553		0		3396		survived		6.65681		6.62613		54		36		216		216		216		216		
241		3553		0		3396		survived		6.65681		6.62613		55		36		216		216		216		216		
242		3553		0		3396		survived		6.65681		6.62613		56		36		216		216		216		216		
243		3553		0		3396		survived		6.65681		6.62613		57		36		216		216		216		216		
244		3553		0		3396		survived		6.65681		6.62613		58		36		216		216		216		216		
245		3928		0		3911		remove_node		6.65681		6.64063		59		59		216		216		216		216		
246		3928		0		3911		survived		6.65681		6.64063		60		59		216		216		216		216		
247		3928		0		3911		survived		6.65681		6.64063		61		59		216		216		216		216		
248		3928		0		3911		survived		6.65681		6.64063		62		59		216		216		216		216		
249		3928		0		3911		survived		6.65681		6.64063		63		59		216		216		216		216		
250		3928		0		3911		survived		6.65681		6.64063		64		59		216		216		216		216		
251		3928		0		3911		survived		6.65681		6.64063		65		59		216		216		216		216		
252		3928		0		3911		survived		6.65681		6.64063		66		59		216		216		216		216		
253		3928		0		3911		survived		6.65681		6.64063		67		59		216		216		216		216		
254		3928		0		3911		survived		6.65681		6.64063		68		59		216		216		216		216		
255		3928		0		3911		survived		6.65681		6.64063		69		59		216		216		216		216		
256		3928		0		3911		survived		6.65681		6.64063		70		59		216		216		216		216		
257		3928		0		3911		survived		6.65681		6.64063		71		59		216		216		216		216		
258		4135		0		4119		mutate_weight(-0.459157903454)		6.6644		6.6484		72		72		216		216		216		216		
259		4135		0		4119		survived		6.6644		6.6484		73		72		216		216		216		216		
260		4135		0		4119		survived		6.6644		6.6484		74		72		216		216		216		216		
261		4135		0		4119		survived		6.6644		6.6484		75		72		216		216		216		216		
262		4135		0		4119		survived		6.6644		6.6484		76		72		216		216		216		216		
263		4135		0		4119		survived		6.6644		6.6484		77		72		216		216		216		216		
264		4135		0		4119		survived		6.6644		6.6484		78		72		216		216		216		216		
265		4135		0		4119		survived		6.6644		6.6484		79		72		216		216		216		216		
266		4135		0		4119		survived		6.6644		6.6484		80		72		216		216		216		216		
267		4135		0		4119		survived		6.6644		6.6484		81		72		216		216		216		216		
268		4135		0		4119		survived		6.6644		6.6484		82		72		216		216		216		216		
269		4135		0		4119		survived		6.6644		6.6484		83		72		216		216		216		216		
270		4135		0		4119		survived		6.6644		6.6484		84		72		216		216		216		216		
271		4135		0		4119		survived		6.6644		6.6484		85		72		216		216		216		216		
272		4135		0		4119		survived		6.6644		6.6484		86		72		216		216		216		216		
273		4135		0		4119		survived		6.6644		6.6484		87		72		216		216		216		216		
274		4135		0		4119		survived		6.6644		6.6484		88		72		216		216		216		216		
275		4135		0		4119		survived		6.6644		6.6484		89		72		216		216		216		216		
276		4135		0		4119		survived		6.6644		6.6484		90		72		216		216		216		216		
277		4135		0		4119		survived		6.6644		6.6484		91		72		216		216		216		216		
278		4135		0		4119		survived		6.6644		6.6484		92		72		216		216		216		216		
279		4135		0		4119		survived		6.6644		6.6484		93		72		216		216		216		216		
280		4135		0		4119		survived		6.6644		6.6484		94		72		216		216		216		216		
281		4135		0		4119		survived		6.6644		6.6484		95		72		216		216		216		216		
282		4135		0		4119		survived		6.6644		6.6484		96		72		216		216		216		216		
283		4135		0		4119		survived		6.6644		6.6484		97		72		216		216		216		216		
284		4135		0		4119		survived		6.6644		6.6484		98		72		216		216		216		216		
285		4135		0		4119		survived		6.6644		6.6484		99		72		216		216		216		216		
286		4135		0		4119		survived		6.6644		6.6484		100		72		216		216		216		216		
287		4135		0		4119		survived		6.6644		6.6484		101		72		216		216		216		216		
288		4135		0		4119		survived		6.6644		6.6484		102		72		216		216		216		216		
289		4135		0		4119		survived		6.6644		6.6484		103		72		216		216		216		216		
290		4135		0		4119		survived		6.6644		6.6484		104		72		216		216		216		216		
291		4135		0		4119		survived		6.6644		6.6484		105		72		216		216		216		216		
292		4135		0		4119		survived		6.6644		6.6484		106		72		216		216		216		216		
293		4135		0		4119		survived		6.6644		6.6484		107		72		216		216		216		216		
294		4135		0		4119		survived		6.6644		6.6484		108		72		216		216		216		216		
295		4135		0		4119		survived		6.6644		6.6484		109		72		216		216		216		216		
296		4135		0		4119		survived		6.6644		6.6484		110		72		216		216		216		216		
297		4135		0		4119		survived		6.6644		6.6484		111		72		216		216		216		216		
298		4135		0		4119		survived		6.6644		6.6484		112		72		216		216		216		216		
299		4135		0		4119		survived		6.6644		6.6484		113		72		216		216		216		216		
300		4135		0		4119		survived		6.6644		6.6484		114		72		216		216		216		216		
301		4819		0		4693		add_link		6.69201		6.63687		88		88		216		216		216		216		
302		4819		0		4693		survived		6.69201		6.63687		89		88		216		216		216		216		
303		4819		0		4693		survived		6.69201		6.63687		90		88		216		216		216		216		
304		4819		0		4693		survived		6.69201		6.63687		91		88		216		216		216		216		
305		4819		0		4693		survived		6.69201		6.63687		92		88		216		216		216		216		
306		4819		0		4693		survived		6.69201		6.63687		93		88		216		216		216		216		
307		4819		0		4693		survived		6.69201		6.63687		94		88		216		216		216		216		
308		4936		0		4819		remove_node		6.69206		6.69201		95		95		216		216		216		216		
309		4936		0		4819		survived		6.69206		6.69201		96		95		216		216		216		216		
310		4936		0		4819		survived		6.69206		6.69201		97		95		216		216		216		216		
311		4936		0		4819		survived		6.69206		6.69201		98		95		216		216		216		216		
312		4936		0		4819		survived		6.69206		6.69201		99		95		216		216		216		216		
313		4936		0		4819		survived		6.69206		6.69201		100		95		216		216		216		216		
314		4936		0		4819		survived		6.69206		6.69201		101		95		216		216		216		216		
315		4936		0		4819		survived		6.69206		6.69201		102		95		216		216		216		216		
316		4936		0		4819		survived		6.69206		6.69201		103		95		216		216		216		216		
317		4936		0		4819		survived		6.69206		6.69201		104		95		216		216		216		216		
318		4936		0		4819		survived		6.69206		6.69201		105		95		216		216		216		216		
319		5117		0		4936		mutate_weight(-0.95407705243)		6.70732		6.69206		106		106		216		216		216		216		
320		5117		0		4936		survived		6.70732		6.69206		107		106		216		216		216		216		
321		5117		0		4936		survived		6.70732		6.69206		108		106		216		216		216		216		
322		5117		0		4936		survived		6.70732		6.69206		109		106		216		216		216		216		
323		5117		0		4936		survived		6.70732		6.69206		110		106		216		216		216		216		
324		5117		0		4936		survived		6.70732		6.69206		111		106		216		216		216		216		
325		5117		0		4936		survived		6.70732		6.69206		112		106		216		216		216		216		
326		5117		0		4936		survived		6.70732		6.69206		113		106		216		216		216		216		
327		5117		0		4936		survived		6.70732		6.69206		114		106		216		216		216		216		
328		5117		0		4936		survived		6.70732		6.69206		115		106		216		216		216		216		
329		5117		0		4936		survived		6.70732		6.69206		116		106		216		216		216		216		
330		5117		0		4936		survived		6.70732		6.69206		117		106		216		216		216		216		
331		5117		0		4936		survived		6.70732		6.69206		118		106		216		216		216		216		
332		5117		0		4936		survived		6.70732		6.69206		119		106		216		216		216		216		
333		5117		0		4936		survived		6.70732		6.69206		120		106		216		216		216		216		
334		5117		0		4936		survived		6.70732		6.69206		121		106		216		216		216		216		
335		5117		0		4936		survived		6.70732		6.69206		122		106		216		216		216		216		
336		5117		0		4936		survived		6.70732		6.69206		123		106		216		216		216		216		
337		5117		0		4936		survived		6.70732		6.69206		124		106		216		216		216		216		
338		5117		0		4936		survived		6.70732		6.69206		125		106		216		216		216		216		
339		5117		0		4936		survived		6.70732		6.69206		126		106		216		216		216		216		
340		5117		0		4936		survived		6.70732		6.69206		127		106		216		216		216		216		
341		5117		0		4936		survived		6.70732		6.69206		128		106		216		216		216		216		
342		5117		0		4936		survived		6.70732		6.69206		129		106		216		216		216		216		
343		5117		0		4936		survived		6.70732		6.69206		130		106		216		216		216		216		
344		5117		0		4936		survived		6.70732		6.69206		131		106		216		216		216		216		
345		5117		0		4936		survived		6.70732		6.69206		132		106		216		216		216		216		
346		5117		0		4936		survived		6.70732		6.69206		133		106		216		216		216		216		
347		5117		0		4936		survived		6.70732		6.69206		134		106		216		216		216		216		
348		5117		0		4936		survived		6.70732		6.69206		135		106		216		216		216		216		
349		5117		0		4936		survived		6.70732		6.69206		136		106		216		216		216		216		
350		5117		0		4936		survived		6.70732		6.69206		137		106		216		216		216		216		
351		5117		0		4936		survived		6.70732		6.69206		138		106		216		216		216		216		
352		5117		0		4936		survived		6.70732		6.69206		139		106		216		216		216		216		
353		5117		0		4936		survived		6.70732		6.69206		140		106		216		216		216		216		
354		5117		0		4936		survived		6.70732		6.69206		141		106		216		216		216		216		
355		5117		0		4936		survived		6.70732		6.69206		142		106		216		216		216		216		
356		5117		0		4936		survived		6.70732		6.69206		143		106		216		216		216		216		
357		5117		0		4936		survived		6.70732		6.69206		144		106		216		216		216		216		
358		5117		0		4936		survived		6.70732		6.69206		145		106		216		216		216		216		
359		5117		0		4936		survived		6.70732		6.69206		146		106		216		216		216		216		
360		5117		0		4936		survived		6.70732		6.69206		147		106		216		216		216		216		
361		5117		0		4936		survived		6.70732		6.69206		148		106		216		216		216		216		
362		5117		0		4936		survived		6.70732		6.69206		149		106		216		216		216		216		
363		5117		0		4936		survived		6.70732		6.69206		150		106		216		216		216		216		
364		5117		0		4936		survived		6.70732		6.69206		151		106		216		216		216		216		
365		5117		0		4936		survived		6.70732		6.69206		152		106		216		216		216		216		
366		5117		0		4936		survived		6.70732		6.69206		153		106		216		216		216		216		
367		5117		0		4936		survived		6.70732		6.69206		154		106		216		216		216		216		
368		5117		0		4936		survived		6.70732		6.69206		155		106		216		216		216		216		
369		5117		0		4936		survived		6.70732		6.69206		156		106		216		216		216		216		
370		5117		0		4936		survived		6.70732		6.69206		157		106		216		216		216		216		
371		5117		0		4936		survived		6.70732		6.69206		158		106		216		216		216		216		
372		5117		0		4936		survived		6.70732		6.69206		159		106		216		216		216		216		
373		5117		0		4936		survived		6.70732		6.69206		160		106		216		216		216		216		
374		5117		0		4936		survived		6.70732		6.69206		161		106		216		216		216		216		
375		5117		0		4936		survived		6.70732		6.69206		162		106		216		216		216		216		
376		5117		0		4936		survived		6.70732		6.69206		163		106		216		216		216		216		
377		5117		0		4936		survived		6.70732		6.69206		164		106		216		216		216		216		
378		5117		0		4936		survived		6.70732		6.69206		165		106		216		216		216		216		
379		5117		0		4936		survived		6.70732		6.69206		166		106		216		216		216		216		
380		5117		0		4936		survived		6.70732		6.69206		167		106		216		216		216		216		
381		5117		0		4936		survived		6.70732		6.69206		168		106		216		216		216		216		
382		5117		0		4936		survived		6.70732		6.69206		169		106		216		216		216		216		
383		5117		0		4936		survived		6.70732		6.69206		170		106		216		216		216		216		
384		5117		0		4936		survived		6.70732		6.69206		171		106		216		216		216		216		
385		5117		0		4936		survived		6.70732		6.69206		172		106		216		216		216		216		
386		5117		0		4936		survived		6.70732		6.69206		173		106		216		216		216		216		
387		5117		0		4936		survived		6.70732		6.69206		174		106		216		216		216		216		
388		5117		0		4936		survived		6.70732		6.69206		175		106		216		216		216		216		
389		5117		0		4936		survived		6.70732		6.69206		176		106		216		216		216		216		
390		5117		0		4936		survived		6.70732		6.69206		177		106		216		216		216		216		
391		5117		0		4936		survived		6.70732		6.69206		178		106		216		216		216		216		
392		5117		0		4936		survived		6.70732		6.69206		179		106		216		216		216		216		
393		5117		0		4936		survived		6.70732		6.69206		180		106		216		216		216		216		
394		5117		0		4936		survived		6.70732		6.69206		181		106		216		216		216		216		
395		5117		0		4936		survived		6.70732		6.69206		182		106		216		216		216		216		
396		5117		0		4936		survived		6.70732		6.69206		183		106		216		216		216		216		
397		5117		0		4936		survived		6.70732		6.69206		184		106		216		216		216		216		
398		5117		0		4936		survived		6.70732		6.69206		185		106		216		216		216		216		
399		5117		0		4936		survived		6.70732		6.69206		186		106		216		216		216		216		
400		5117		0		4936		survived		6.70732		6.69206		187		106		216		216		216		216		
401		5117		0		4936		survived		6.70732		6.69206		188		106		216		216		216		216		
402		5117		0		4936		survived		6.70732		6.69206		189		106		216		216		216		216		
403		5117		0		4936		survived		6.70732		6.69206		190		106		216		216		216		216		
404		5117		0		4936		survived		6.70732		6.69206		191		106		216		216		216		216		
405		5117		0		4936		survived		6.70732		6.69206		192		106		216		216		216		216		
406		5117		0		4936		survived		6.70732		6.69206		193		106		216		216		216		216		
407		5117		0		4936		survived		6.70732		6.69206		194		106		216		216		216		216		
408		5117		0		4936		survived		6.70732		6.69206		195		106		216		216		216		216		
409		5117		0		4936		survived		6.70732		6.69206		196		106		216		216		216		216		
410		5117		0		4936		survived		6.70732		6.69206		197		106		216		216		216		216		
411		5117		0		4936		survived		6.70732		6.69206		198		106		216		216		216		216		
412		5117		0		4936		survived		6.70732		6.69206		199		106		216		216		216		216		
413		5117		0		4936		survived		6.70732		6.69206		200		106		216		216		216		216		
414		5117		0		4936		survived		6.70732		6.69206		201		106		216		216		216		216		
415		5117		0		4936		survived		6.70732		6.69206		202		106		216		216		216		216		
416		5117		0		4936		survived		6.70732		6.69206		203		106		216		216		216		216		
417		5117		0		4936		survived		6.70732		6.69206		204		106		216		216		216		216		
418		5117		0		4936		survived		6.70732		6.69206		205		106		216		216		216		216		
419		5117		0		4936		survived		6.70732		6.69206		206		106		216		216		216		216		
420		5117		0		4936		survived		6.70732		6.69206		207		106		216		216		216		216		
421		5117		0		4936		survived		6.70732		6.69206		208		106		216		216		216		216		
422		5117		0		4936		survived		6.70732		6.69206		209		106		216		216		216		216		
423		5117		0		4936		survived		6.70732		6.69206		210		106		216		216		216		216		
424		5117		0		4936		survived		6.70732		6.69206		211		106		216		216		216		216		
425		5117		0		4936		survived		6.70732		6.69206		212		106		216		216		216		216		
426		5117		0		4936		survived		6.70732		6.69206		213		106		216		216		216		216		
427		5117		0		4936		survived		6.70732		6.69206		214		106		216		216		216		216		
428		5117		0		4936		survived		6.70732		6.69206		215		106		216		216		216		216		
429		5117		0		4936		survived		6.70732		6.69206		216		106		216		216		216		216		
430		5117		0		4936		survived		6.70732		6.69206		217		106		216		216		216		216		
431		5117		0		4936		survived		6.70732		6.69206		218		106		216		216		216		216		
432		5117		0		4936		survived		6.70732		6.69206		219		106		216		216		216		216		
433		5117		0		4936		survived		6.70732		6.69206		220		106		216		216		216		216		
434		5117		0		4936		survived		6.70732		6.69206		221		106		216		216		216		216		
435		5117		0		4936		survived		6.70732		6.69206		222		106		216		216		216		216		
436		5117		0		4936		survived		6.70732		6.69206		223		106		216		216		216		216		
437		5117		0		4936		survived		6.70732		6.69206		224		106		216		216		216		216		
438		5117		0		4936		survived		6.70732		6.69206		225		106		216		216		216		216		
439		5117		0		4936		survived		6.70732		6.69206		226		106		216		216		216		216		
440		5117		0		4936		survived		6.70732		6.69206		227		106		216		216		216		216		
441		5117		0		4936		survived		6.70732		6.69206		228		106		216		216		216		216		
442		5117		0		4936		survived		6.70732		6.69206		229		106		216		216		216		216		
443		5117		0		4936		survived		6.70732		6.69206		230		106		216		216		216		216		
444		5117		0		4936		survived		6.70732		6.69206		231		106		216		216		216		216		
445		5117		0		4936		survived		6.70732		6.69206		232		106		216		216		216		216		
446		5117		0		4936		survived		6.70732		6.69206		233		106		216		216		216		216		
447		5117		0		4936		survived		6.70732		6.69206		234		106		216		216		216		216		
448		5117		0		4936		survived		6.70732		6.69206		235		106		216		216		216		216		
449		5117		0		4936		survived		6.70732		6.69206		236		106		216		216		216		216		
450		5117		0		4936		survived		6.70732		6.69206		237		106		216		216		216		216		
451		5117		0		4936		survived		6.70732		6.69206		238		106		216		216		216		216		
452		5117		0		4936		survived		6.70732		6.69206		239		106		216		216		216		216		
453		5117		0		4936		survived		6.70732		6.69206		240		106		216		216		216		216		
454		5117		0		4936		survived		6.70732		6.69206		241		106		216		216		216		216		
455		5117		0		4936		survived		6.70732		6.69206		242		106		216		216		216		216		
456		5117		0		4936		survived		6.70732		6.69206		243		106		216		216		216		216		
457		5117		0		4936		survived		6.70732		6.69206		244		106		216		216		216		216		
458		5117		0		4936		survived		6.70732		6.69206		245		106		216		216		216		216		
459		5117		0		4936		survived		6.70732		6.69206		246		106		216		216		216		216		
460		5117		0		4936		survived		6.70732		6.69206		247		106		216		216		216		216		
461		7387		0		5117		add_link		6.70792		6.70732		248		248		216		216		216		216		
462		7387		0		5117		survived		6.70792		6.70732		249		248		216		216		216		216		
463		7387		0		5117		survived		6.70792		6.70732		250		248		216		216		216		216		
464		7387		0		5117		survived		6.70792		6.70732		251		248		216		216		216		216		
465		7387		0		5117		survived		6.70792		6.70732		252		248		216		216		216		216		
466		7387		0		5117		survived		6.70792		6.70732		253		248		216		216		216		216		
467		7387		0		5117		survived		6.70792		6.70732		254		248		216		216		216		216		
468		7387		0		5117		survived		6.70792		6.70732		255		248		216		216		216		216		
469		7387		0		5117		survived		6.70792		6.70732		256		248		216		216		216		216		
470		7387		0		5117		survived		6.70792		6.70732		257		248		216		216		216		216		
471		7387		0		5117		survived		6.70792		6.70732		258		248		216		216		216		216		
472		7387		0		5117		survived		6.70792		6.70732		259		248		216		216		216		216		
473		7387		0		5117		survived		6.70792		6.70732		260		248		216		216		216		216		
474		7387		0		5117		survived		6.70792		6.70732		261		248		216		216		216		216		
475		7387		0		5117		survived		6.70792		6.70732		262		248		216		216		216		216		
476		7387		0		5117		survived		6.70792		6.70732		263		248		216		216		216		216		
477		7387		0		5117		survived		6.70792		6.70732		264		248		216		216		216		216		
478		7387		0		5117		survived		6.70792		6.70732		265		248		216		216		216		216		
479		7387		0		5117		survived		6.70792		6.70732		266		248		216		216		216		216		
480		7387		0		5117		survived		6.70792		6.70732		267		248		216		216		216		216		
481		7387		0		5117		survived		6.70792		6.70732		268		248		216		216		216		216		
482		7387		0		5117		survived		6.70792		6.70732		269		248		216		216		216		216		
483		7387		0		5117		survived		6.70792		6.70732		270		248		216		216		216		216		
484		7387		0		5117		survived		6.70792		6.70732		271		248		216		216		216		216		
485		7387		0		5117		survived		6.70792		6.70732		272		248		216		216		216		216		
486		7387		0		5117		survived		6.70792		6.70732		273		248		216		216		216		216		
487		7387		0		5117		survived		6.70792		6.70732		274		248		216		216		216		216		
488		7387		0		5117		survived		6.70792		6.70732		275		248		216		216		216		216		
489		7387		0		5117		survived		6.70792		6.70732		276		248		216		216		216		216		
490		7387		0		5117		survived		6.70792		6.70732		277		248		216		216		216		216		
491		7387		0		5117		survived		6.70792		6.70732		278		248		216		216		216		216		
492		7387		0		5117		survived		6.70792		6.70732		279		248		216		216		216		216		
493		7387		0		5117		survived		6.70792		6.70732		280		248		216		216		216		216		
494		7911		0		7722		mutate_weight(-0.0766719780776)		6.73321		6.6982		148		148		216		216		168		167		
495		7911		0		7722		survived		6.73321		6.6982		149		148		216		216		168		167		
496		7911		0		7722		survived		6.73321		6.6982		150		148		216		216		168		167		
497		7911		0		7722		survived		6.73321		6.6982		151		148		216		216		168		167		
498		7911		0		7722		survived		6.73321		6.6982		152		148		216		216		168		167		
499		7911		0		7722		survived		6.73321		6.6982		153		148		216		216		168		167		
500		7911		0		7722		survived		6.73321		6.6982		154		148		216		216		168		167		
501		7911		0		7722		survived		6.73321		6.6982		155		148		216		216		168		167		
502		7911		0		7722		survived		6.73321		6.6982		156		148		216		216		168		167		
503		7911		0		7722		survived		6.73321		6.6982		157		148		216		216		168		167		
504		7911		0		7722		survived		6.73321		6.6982		158		148		216		216		168		167		
505		7911		0		7722		survived		6.73321		6.6982		159		148		216		216		168		167		
506		7911		0		7722		survived		6.73321		6.6982		160		148		216		216		168		167		
507		7911		0		7722		survived		6.73321		6.6982		161		148		216		216		168		167		
508		7911		0		7722		survived		6.73321		6.6982		162		148		216		216		168		167		
509		7911		0		7722		survived		6.73321		6.6982		163		148		216		216		168		167		
510		7911		0		7722		survived		6.73321		6.6982		164		148		216		216		168		167		
511		7911		0		7722		survived		6.73321		6.6982		165		148		216		216		168		167		
512		7911		0		7722		survived		6.73321		6.6982		166		148		216		216		168		167		
513		7911		0		7722		survived		6.73321		6.6982		167		148		216		216		168		167		
514		7911		0		7722		survived		6.73321		6.6982		168		148		216		216		168		167		
515		7911		0		7722		survived		6.73321		6.6982		169		148		216		216		168		167		
516		7911		0		7722		survived		6.73321		6.6982		170		148		216		216		168		167		
517		7911		0		7722		survived		6.73321		6.6982		171		148		216		216		168		167		
518		7911		0		7722		survived		6.73321		6.6982		172		148		216		216		168		167		
519		7911		0		7722		survived		6.73321		6.6982		173		148		216		216		168		167		
520		7911		0		7722		survived		6.73321		6.6982		174		148		216		216		168		167		
521		7911		0		7722		survived		6.73321		6.6982		175		148		216		216		168		167		
522		8351		0		8240		add_node		6.74067		6.71635		176		176		216		216		165		160		
523		8351		0		8240		survived		6.74067		6.71635		177		176		216		216		165		160		
524		8351		0		8240		survived		6.74067		6.71635		178		176		216		216		165		160		
525		8351		0		8240		survived		6.74067		6.71635		179		176		216		216		165		160		
526		8419		0		8362		add_link		6.76266		6.73321		180		180		216		216		169		137		
527		8419		0		8362		survived		6.76266		6.73321		181		180		216		216		169		137		
528		8419		0		8362		survived		6.76266		6.73321		182		180		216		216		169		137		
529		8419		0		8362		survived		6.76266		6.73321		183		180		216		216		169		137		
530		8419		0		8362		survived		6.76266		6.73321		184		180		216		216		169		137		
531		8419		0		8362		survived		6.76266		6.73321		185		180		216		216		169		137		
532		8419		0		8362		survived		6.76266		6.73321		186		180		216		216		169		137		
533		8419		0		8362		survived		6.76266		6.73321		187		180		216		216		169		137		
534		8419		0		8362		survived		6.76266		6.73321		188		180		216		216		169		137		
535		8419		0		8362		survived		6.76266		6.73321		189		180		216		216		169		137		
536		8419		0		8362		survived		6.76266		6.73321		190		180		216		216		169		137		
537		8419		0		8362		survived		6.76266		6.73321		191		180		216		216		169		137		
538		8419		0		8362		survived		6.76266		6.73321		192		180		216		216		169		137		
539		8627		0		8560		add_link		6.76266		6.76104		193		193		216		216		165		165		
540		8627		0		8560		survived		6.76266		6.76104		194		193		216		216		165		165		
541		8627		0		8560		survived		6.76266		6.76104		195		193		216		216		165		165		
542		8627		0		8560		survived		6.76266		6.76104		196		193		216		216		165		165		
543		8627		0		8560		survived		6.76266		6.76104		197		193		216		216		165		165		
544		8627		0		8560		survived		6.76266		6.76104		198		193		216		216		165		165		
545		8627		0		8560		survived		6.76266		6.76104		199		193		216		216		165		165		
546		8627		0		8560		survived		6.76266		6.76104		200		193		216		216		165		165		
547		8754		0		8692		add_link		6.76403		6.74567		201		201		216		216		165		164		
548		8754		0		8692		survived		6.76403		6.74567		202		201		216		216		165		164		
549		8754		0		8692		survived		6.76403		6.74567		203		201		216		216		165		164		
550		8754		0		8692		survived		6.76403		6.74567		204		201		216		216		165		164		
551		8754		0		8692		survived		6.76403		6.74567		205		201		216		216		165		164		
552		8754		0		8692		survived		6.76403		6.74567		206		201		216		216		165		164		
553		8754		0		8692		survived		6.76403		6.74567		207		201		216		216		165		164		
554		8754		0		8692		survived		6.76403		6.74567		208		201		216		216		165		164		
555		8891		0		8692		mutate_weight(-0.0855422328345)		6.77319		6.74567		209		209		216		216		174		164		
556		8900		0		8891		mutate_weight(-0.0693663962904)		6.83593		6.77319		210		210		216		216		174		174		
557		8900		0		8891		survived		6.83593		6.77319		211		210		216		216		174		174		
558		8900		0		8891		survived		6.83593		6.77319		212		210		216		216		174		174		
559		8900		0		8891		survived		6.83593		6.77319		213		210		216		216		174		174		
560		8900		0		8891		survived		6.83593		6.77319		214		210		216		216		174		174		
561		8900		0		8891		survived		6.83593		6.77319		215		210		216		216		174		174		
562		8900		0		8891		survived		6.83593		6.77319		216		210		216		216		174		174		
563		8900		0		8891		survived		6.83593		6.77319		217		210		216		216		174		174		
564		9035		0		8900		mutate_weight(-0.185507601436)		6.85462		6.83593		218		218		216		216		173		174		
565		9035		0		8900		survived		6.85462		6.83593		219		218		216		216		173		174		
566		9035		0		8900		survived		6.85462		6.83593		220		218		216		216		173		174		
567		9035		0		8900		survived		6.85462		6.83593		221		218		216		216		173		174		
568		9035		0		8900		survived		6.85462		6.83593		222		218		216		216		173		174		
569		9035		0		8900		survived		6.85462		6.83593		223		218		216		216		173		174		
570		9035		0		8900		survived		6.85462		6.83593		224		218		216		216		173		174		
571		9136		0		9100		remove_link		6.90593		6.83334		225		225		216		216		170		167		
572		9162		0		9136		remove_link		6.95979		6.90593		226		226		216		216		181		170		
573		9162		0		9136		survived		6.95979		6.90593		227		226		216		216		181		170		
574		9162		0		9136		survived		6.95979		6.90593		228		226		216		216		181		170		
575		9162		0		9136		survived		6.95979		6.90593		229		226		216		216		181		170		
576		9162		0		9136		survived		6.95979		6.90593		230		226		216		216		181		170		
577		9241		0		9162		mutate_weight(0.0613025862881)		6.97526		6.95979		231		231		216		216		181		181		
578		9241		0		9162		survived		6.97526		6.95979		232		231		216		216		181		181		
579		9266		0		9170		remove_link		6.9859		6.77964		233		233		216		216		173		164		
580		9266		0		9170		survived		6.9859		6.77964		234		233		216		216		173		164		
581		9266		0		9170		survived		6.9859		6.77964		235		233		216		216		173		164		
582		9266		0		9170		survived		6.9859		6.77964		236		233		216		216		173		164		
583		9266		0		9170		survived		6.9859		6.77964		237		233		216		216		173		164		
584		9349		0		9293		remove_link		6.9859		6.58855		238		238		212		212		169		169		
585		9349		0		9293		survived		6.9859		6.58855		239		238		212		212		169		169		
586		9377		0		9349		mutate_function(sqrt_abs-to-neg_abs)		7.04242		6.9859		240		240		216		212		177		169		
587		9377		0		9349		survived		7.04242		6.9859		241		240		216		212		177		169		
588		9377		0		9349		survived		7.04242		6.9859		242		240		216		212		177		169		
589		9377		0		9349		survived		7.04242		6.9859		243		240		216		212		177		169		
590		9377		0		9349		survived		7.04242		6.9859		244		240		216		212		177		169		
591		9377		0		9349		survived		7.04242		6.9859		245		240		216		212		177		169		
592		9377		0		9349		survived		7.04242		6.9859		246		240		216		212		177		169		
593		9377		0		9349		survived		7.04242		6.9859		247		240		216		212		177		169		
594		9377		0		9349		survived		7.04242		6.9859		248		240		216		212		177		169		
595		9377		0		9349		survived		7.04242		6.9859		249		240		216		212		177		169		
596		9377		0		9349		survived		7.04242		6.9859		250		240		216		212		177		169		
597		9377		0		9349		survived		7.04242		6.9859		251		240		216		212		177		169		
598		9377		0		9349		survived		7.04242		6.9859		252		240		216		212		177		169		
599		9589		0		9558		remove_link		7.04242		7.00683		253		253		216		216		174		174		
600		9589		0		9558		survived		7.04242		7.00683		254		253		216		216		174		174		
601		9589		0		9558		survived		7.04242		7.00683		255		253		216		216		174		174		
602		9589		0		9558		survived		7.04242		7.00683		256		253		216		216		174		174		
603		9589		0		9558		survived		7.04242		7.00683		257		253		216		216		174		174		
604		9589		0		9558		survived		7.04242		7.00683		258		253		216		216		174		174		
605		9589		0		9558		survived		7.04242		7.00683		259		253		216		216		174		174		
606		9589		0		9558		survived		7.04242		7.00683		260		253		216		216		174		174		
607		9589		0		9558		survived		7.04242		7.00683		261		253		216		216		174		174		
608		9589		0		9558		survived		7.04242		7.00683		262		253		216		216		174		174		
609		9589		0		9558		survived		7.04242		7.00683		263		253		216		216		174		174		
610		9589		0		9558		survived		7.04242		7.00683		264		253		216		216		174		174		
611		9589		0		9558		survived		7.04242		7.00683		265		253		216		216		174		174		
612		9589		0		9558		survived		7.04242		7.00683		266		253		216		216		174		174		
613		9589		0		9558		survived		7.04242		7.00683		267		253		216		216		174		174		
614		9589		0		9558		survived		7.04242		7.00683		268		253		216		216		174		174		
615		9589		0		9558		survived		7.04242		7.00683		269		253		216		216		174		174		
616		9589		0		9558		survived		7.04242		7.00683		270		253		216		216		174		174		
617		9589		0		9558		survived		7.04242		7.00683		271		253		216		216		174		174		
618		9589		0		9558		survived		7.04242		7.00683		272		253		216		216		174		174		
619		9589		0		9558		survived		7.04242		7.00683		273		253		216		216		174		174		
620		9589		0		9558		survived		7.04242		7.00683		274		253		216		216		174		174		
621		9589		0		9558		survived		7.04242		7.00683		275		253		216		216		174		174		
622		9589		0		9558		survived		7.04242		7.00683		276		253		216		216		174		174		
623		9589		0		9558		survived		7.04242		7.00683		277		253		216		216		174		174		
624		9589		0		9558		survived		7.04242		7.00683		278		253		216		216		174		174		
625		9589		0		9558		survived		7.04242		7.00683		279		253		216		216		174		174		
626		10025		0		9874		add_link		7.04242		7.04155		280		280		216		216		143		143		
627		10025		0		9874		survived		7.04242		7.04155		281		280		216		216		143		143		
628		10025		0		9874		survived		7.04242		7.04155		282		280		216		216		143		143		
629		10025		0		9874		survived		7.04242		7.04155		283		280		216		216		143		143		
630		10025		0		9874		survived		7.04242		7.04155		284		280		216		216		143		143		
631		10025		0		9874		survived		7.04242		7.04155		285		280		216		216		143		143		
632		10025		0		9874		survived		7.04242		7.04155		286		280		216		216		143		143		
633		10025		0		9874		survived		7.04242		7.04155		287		280		216		216		143		143		
634		10025		0		9874		survived		7.04242		7.04155		288		280		216		216		143		143		
635		10025		0		9874		survived		7.04242		7.04155		289		280		216		216		143		143		
636		10025		0		9874		survived		7.04242		7.04155		290		280		216		216		143		143		
637		10025		0		9874		survived		7.04242		7.04155		291		280		216		216		143		143		
638		10025		0		9874		survived		7.04242		7.04155		292		280		216		216		143		143		
639		10025		0		9874		survived		7.04242		7.04155		293		280		216		216		143		143		
640		10025		0		9874		survived		7.04242		7.04155		294		280		216		216		143		143		
641		10025		0		9874		survived		7.04242		7.04155		295		280		216		216		143		143		
642		10025		0		9874		survived		7.04242		7.04155		296		280		216		216		143		143		
643		10025		0		9874		survived		7.04242		7.04155		297		280		216		216		143		143		
644		10025		0		9874		survived		7.04242		7.04155		298		280		216		216		143		143		
645		10025		0		9874		survived		7.04242		7.04155		299		280		216		216		143		143		
646		10025		0		9874		survived		7.04242		7.04155		300		280		216		216		143		143		
647		10025		0		9874		survived		7.04242		7.04155		301		280		216		216		143		143		
648		10025		0		9874		survived		7.04242		7.04155		302		280		216		216		143		143		
649		10025		0		9874		survived		7.04242		7.04155		303		280		216		216		143		143		
650		10025		0		9874		survived		7.04242		7.04155		304		280		216		216		143		143		
651		10025		0		9874		survived		7.04242		7.04155		305		280		216		216		143		143		
652		10025		0		9874		survived		7.04242		7.04155		306		280		216		216		143		143		
653		10025		0		9874		survived		7.04242		7.04155		307		280		216		216		143		143		
654		10025		0		9874		survived		7.04242		7.04155		308		280		216		216		143		143		
655		10025		0		9874		survived		7.04242		7.04155		309		280		216		216		143		143		
656		10025		0		9874		survived		7.04242		7.04155		310		280		216		216		143		143		
657		10025		0		9874		survived		7.04242		7.04155		311		280		216		216		143		143		
658		10025		0		9874		survived		7.04242		7.04155		312		280		216		216		143		143		
659		10025		0		9874		survived		7.04242		7.04155		313		280		216		216		143		143		
660		10025		0		9874		survived		7.04242		7.04155		314		280		216		216		143		143		
661		10025		0		9874		survived		7.04242		7.04155		315		280		216		216		143		143		
662		10025		0		9874		survived		7.04242		7.04155		316		280		216		216		143		143		
663		10025		0		9874		survived		7.04242		7.04155		317		280		216		216		143		143		
664		10025		0		9874		survived		7.04242		7.04155		318		280		216		216		143		143		
665		10025		0		9874		survived		7.04242		7.04155		319		280		216		216		143		143		
666		10025		0		9874		survived		7.04242		7.04155		320		280		216		216		143		143		
667		10025		0		9874		survived		7.04242		7.04155		321		280		216		216		143		143		
668		10025		0		9874		survived		7.04242		7.04155		322		280		216		216		143		143		
669		10025		0		9874		survived		7.04242		7.04155		323		280		216		216		143		143		
670		10025		0		9874		survived		7.04242		7.04155		324		280		216		216		143		143		
671		10025		0		9874		survived		7.04242		7.04155		325		280		216		216		143		143		
672		10025		0		9874		survived		7.04242		7.04155		326		280		216		216		143		143		
673		10025		0		9874		survived		7.04242		7.04155		327		280		216		216		143		143		
674		10025		0		9874		survived		7.04242		7.04155		328		280		216		216		143		143		
675		10025		0		9874		survived		7.04242		7.04155		329		280		216		216		143		143		
676		10025		0		9874		survived		7.04242		7.04155		330		280		216		216		143		143		
677		10025		0		9874		survived		7.04242		7.04155		331		280		216		216		143		143		
678		10025		0		9874		survived		7.04242		7.04155		332		280		216		216		143		143		
679		10025		0		9874		survived		7.04242		7.04155		333		280		216		216		143		143		
680		10025		0		9874		survived		7.04242		7.04155		334		280		216		216		143		143		
681		10025		0		9874		survived		7.04242		7.04155		335		280		216		216		143		143		
682		10025		0		9874		survived		7.04242		7.04155		336		280		216		216		143		143		
683		10025		0		9874		survived		7.04242		7.04155		337		280		216		216		143		143		
684		10025		0		9874		survived		7.04242		7.04155		338		280		216		216		143		143		
685		10025		0		9874		survived		7.04242		7.04155		339		280		216		216		143		143		
686		10025		0		9874		survived		7.04242		7.04155		340		280		216		216		143		143		
687		10025		0		9874		survived		7.04242		7.04155		341		280		216		216		143		143		
688		10025		0		9874		survived		7.04242		7.04155		342		280		216		216		143		143		
689		10025		0		9874		survived		7.04242		7.04155		343		280		216		216		143		143		
690		10025		0		9874		survived		7.04242		7.04155		344		280		216		216		143		143		
691		10025		0		9874		survived		7.04242		7.04155		345		280		216		216		143		143		
692		10025		0		9874		survived		7.04242		7.04155		346		280		216		216		143		143		
693		10025		0		9874		survived		7.04242		7.04155		347		280		216		216		143		143		
694		10025		0		9874		survived		7.04242		7.04155		348		280		216		216		143		143		
695		10025		0		9874		survived		7.04242		7.04155		349		280		216		216		143		143		
696		10025		0		9874		survived		7.04242		7.04155		350		280		216		216		143		143		
697		10025		0		9874		survived		7.04242		7.04155		351		280		216		216		143		143		
698		10025		0		9874		survived		7.04242		7.04155		352		280		216		216		143		143		
699		10025		0		9874		survived		7.04242		7.04155		353		280		216		216		143		143		
700		10025		0		9874		survived		7.04242		7.04155		354		280		216		216		143		143		
701		11226		0		10640		add_link		7.0431		7.04201		355		355		216		212		180		169		
702		11226		0		10640		survived		7.0431		7.04201		356		355		216		212		180		169		
703		11226		0		10640		survived		7.0431		7.04201		357		355		216		212		180		169		
704		11226		0		10640		survived		7.0431		7.04201		358		355		216		212		180		169		
705		11226		0		10640		survived		7.0431		7.04201		359		355		216		212		180		169		
706		11226		0		10640		survived		7.0431		7.04201		360		355		216		212		180		169		
707		11226		0		10640		survived		7.0431		7.04201		361		355		216		212		180		169		
708		11332		0		10640		add_link		7.0431		7.04201		362		362		212		212		169		169		
709		11332		0		10640		survived		7.0431		7.04201		363		362		212		212		169		169		
710		11332		0		10640		survived		7.0431		7.04201		364		362		212		212		169		169		
711		11332		0		10640		survived		7.0431		7.04201		365		362		212		212		169		169		
712		11332		0		10640		survived		7.0431		7.04201		366		362		212		212		169		169		
713		11332		0		10640		survived		7.0431		7.04201		367		362		212		212		169		169		
714		11332		0		10640		survived		7.0431		7.04201		368		362		212		212		169		169		
715		11332		0		10640		survived		7.0431		7.04201		369		362		212		212		169		169		
716		11332		0		10640		survived		7.0431		7.04201		370		362		212		212		169		169		
717		11332		0		10640		survived		7.0431		7.04201		371		362		212		212		169		169		
718		11332		0		10640		survived		7.0431		7.04201		372		362		212		212		169		169		
719		11332		0		10640		survived		7.0431		7.04201		373		362		212		212		169		169		
720		11332		0		10640		survived		7.0431		7.04201		374		362		212		212		169		169		
721		11332		0		10640		survived		7.0431		7.04201		375		362		212		212		169		169		
722		11332		0		10640		survived		7.0431		7.04201		376		362		212		212		169		169		
723		11332		0		10640		survived		7.0431		7.04201		377		362		212		212		169		169		
724		11332		0		10640		survived		7.0431		7.04201		378		362		212		212		169		169		
725		11332		0		10640		survived		7.0431		7.04201		379		362		212		212		169		169		
726		11332		0		10640		survived		7.0431		7.04201		380		362		212		212		169		169		
727		11332		0		10640		survived		7.0431		7.04201		381		362		212		212		169		169		
728		11332		0		10640		survived		7.0431		7.04201		382		362		212		212		169		169		
729		11332		0		10640		survived		7.0431		7.04201		383		362		212		212		169		169		
730		11332		0		10640		survived		7.0431		7.04201		384		362		212		212		169		169		
731		11332		0		10640		survived		7.0431		7.04201		385		362		212		212		169		169		
732		11332		0		10640		survived		7.0431		7.04201		386		362		212		212		169		169		
733		11332		0		10640		survived		7.0431		7.04201		387		362		212		212		169		169		
734		11332		0		10640		survived		7.0431		7.04201		388		362		212		212		169		169		
735		11332		0		10640		survived		7.0431		7.04201		389		362		212		212		169		169		
736		11332		0		10640		survived		7.0431		7.04201		390		362		212		212		169		169		
737		11332		0		10640		survived		7.0431		7.04201		391		362		212		212		169		169		
738		11332		0		10640		survived		7.0431		7.04201		392		362		212		212		169		169		
739		11332		0		10640		survived		7.0431		7.04201		393		362		212		212		169		169		
740		11332		0		10640		survived		7.0431		7.04201		394		362		212		212		169		169		
741		11332		0		10640		survived		7.0431		7.04201		395		362		212		212		169		169		
742		11332		0		10640		survived		7.0431		7.04201		396		362		212		212		169		169		
743		11332		0		10640		survived		7.0431		7.04201		397		362		212		212		169		169		
744		11332		0		10640		survived		7.0431		7.04201		398		362		212		212		169		169		
745		11332		0		10640		survived		7.0431		7.04201		399		362		212		212		169		169		
746		11332		0		10640		survived		7.0431		7.04201		400		362		212		212		169		169		
747		11332		0		10640		survived		7.0431		7.04201		401		362		212		212		169		169		
748		11332		0		10640		survived		7.0431		7.04201		402		362		212		212		169		169		
749		11332		0		10640		survived		7.0431		7.04201		403		362		212		212		169		169		
750		11332		0		10640		survived		7.0431		7.04201		404		362		212		212		169		169		
751		11332		0		10640		survived		7.0431		7.04201		405		362		212		212		169		169		
752		11332		0		10640		survived		7.0431		7.04201		406		362		212		212		169		169		
753		11332		0		10640		survived		7.0431		7.04201		407		362		212		212		169		169		
754		11332		0		10640		survived		7.0431		7.04201		408		362		212		212		169		169		
755		11332		0		10640		survived		7.0431		7.04201		409		362		212		212		169		169		
756		11332		0		10640		survived		7.0431		7.04201		410		362		212		212		169		169		
757		11332		0		10640		survived		7.0431		7.04201		411		362		212		212		169		169		
758		11332		0		10640		survived		7.0431		7.04201		412		362		212		212		169		169		
759		11332		0		10640		survived		7.0431		7.04201		413		362		212		212		169		169		
760		11332		0		10640		survived		7.0431		7.04201		414		362		212		212		169		169		
761		11332		0		10640		survived		7.0431		7.04201		415		362		212		212		169		169		
762		11332		0		10640		survived		7.0431		7.04201		416		362		212		212		169		169		
763		11332		0		10640		survived		7.0431		7.04201		417		362		212		212		169		169		
764		12233		0		11332		add_link		7.04643		7.0431		418		418		216		212		183		169		
765		12233		0		11332		survived		7.04643		7.0431		419		418		216		212		183		169		
766		12233		0		11332		survived		7.04643		7.0431		420		418		216		212		183		169		
767		12233		0		11332		survived		7.04643		7.0431		421		418		216		212		183		169		
768		12288		0		11332		add_link		7.05681		7.0431		422		422		216		212		182		169		
769		12288		0		11332		survived		7.05681		7.0431		423		422		216		212		182		169		
770		12288		0		11332		survived		7.05681		7.0431		424		422		216		212		182		169		
771		12344		0		11332		add_link		7.05681		7.0431		425		425		212		212		169		169		
772		12344		0		11332		survived		7.05681		7.0431		426		425		212		212		169		169		
773		12344		0		11332		survived		7.05681		7.0431		427		425		212		212		169		169		
774		12344		0		11332		survived		7.05681		7.0431		428		425		212		212		169		169		
775		12344		0		11332		survived		7.05681		7.0431		429		425		212		212		169		169		
776		12344		0		11332		survived		7.05681		7.0431		430		425		212		212		169		169		
777		12344		0		11332		survived		7.05681		7.0431		431		425		212		212		169		169		
778		12344		0		11332		survived		7.05681		7.0431		432		425		212		212		169		169		
779		12344		0		11332		survived		7.05681		7.0431		433		425		212		212		169		169		
780		12344		0		11332		survived		7.05681		7.0431		434		425		212		212		169		169		
781		12344		0		11332		survived		7.05681		7.0431		435		425		212		212		169		169		
782		12344		0		11332		survived		7.05681		7.0431		436		425		212		212		169		169		
783		12344		0		11332		survived		7.05681		7.0431		437		425		212		212		169		169		
784		12344		0		11332		survived		7.05681		7.0431		438		425		212		212		169		169		
785		12344		0		11332		survived		7.05681		7.0431		439		425		212		212		169		169		
786		12344		0		11332		survived		7.05681		7.0431		440		425		212		212		169		169		
787		12344		0		11332		survived		7.05681		7.0431		441		425		212		212		169		169		
788		12344		0		11332		survived		7.05681		7.0431		442		425		212		212		169		169		
789		12344		0		11332		survived		7.05681		7.0431		443		425		212		212		169		169		
790		12344		0		11332		survived		7.05681		7.0431		444		425		212		212		169		169		
791		12344		0		11332		survived		7.05681		7.0431		445		425		212		212		169		169		
792		12344		0		11332		survived		7.05681		7.0431		446		425		212		212		169		169		
793		12344		0		11332		survived		7.05681		7.0431		447		425		212		212		169		169		
794		12708		0		12692		remove_link		7.10728		6.56058		448		448		212		212		183		131		
795		12708		0		12692		survived		7.10728		6.56058		449		448		212		212		183		131		
796		12708		0		12692		survived		7.10728		6.56058		450		448		212		212		183		131		
797		12708		0		12692		survived		7.10728		6.56058		451		448		212		212		183		131		
798		12708		0		12692		survived		7.10728		6.56058		452		448		212		212		183		131		
799		12708		0		12692		survived		7.10728		6.56058		453		448		212		212		183		131		
800		12708		0		12692		survived		7.10728		6.56058		454		448		212		212		183		131		
801		12708		0		12692		survived		7.10728		6.56058		455		448		212		212		183		131		
802		12840		0		12708		add_link		7.11014		7.10728		456		456		212		212		185		183		
803		12840		0		12708		survived		7.11014		7.10728		457		456		212		212		185		183		
804		12840		0		12708		survived		7.11014		7.10728		458		456		212		212		185		183		
805		12840		0		12708		survived		7.11014		7.10728		459		456		212		212		185		183		
806		12840		0		12708		survived		7.11014		7.10728		460		456		212		212		185		183		
807		12840		0		12708		survived		7.11014		7.10728		461		456		212		212		185		183		
808		12840		0		12708		survived		7.11014		7.10728		462		456		212		212		185		183		
809		12840		0		12708		survived		7.11014		7.10728		463		456		212		212		185		183		
810		12969		0		12840		add_link		7.12318		7.11014		464		464		212		212		185		185		
811		12969		0		12840		survived		7.12318		7.11014		465		464		212		212		185		185		
812		12969		0		12840		survived		7.12318		7.11014		466		464		212		212		185		185		
813		12969		0		12840		survived		7.12318		7.11014		467		464		212		212		185		185		
814		13031		0		12969		mutate_weight(0.34460611084)		7.18267		7.12318		468		468		212		212		194		185		
815		13031		0		12969		survived		7.18267		7.12318		469		468		212		212		194		185		
816		13065		0		13031		mutate_weight(-0.042612249209)		7.19978		7.18267		470		470		212		212		195		194		
817		13065		0		13031		survived		7.19978		7.18267		471		470		212		212		195		194		
818		13065		0		13031		survived		7.19978		7.18267		472		470		212		212		195		194		
819		13065		0		13031		survived		7.19978		7.18267		473		470		212		212		195		194		
820		13065		0		13031		survived		7.19978		7.18267		474		470		212		212		195		194		
821		13065		0		13031		survived		7.19978		7.18267		475		470		212		212		195		194		
822		13065		0		13031		survived		7.19978		7.18267		476		470		212		212		195		194		
823		13065		0		13031		survived		7.19978		7.18267		477		470		212		212		195		194		
824		13065		0		13031		survived		7.19978		7.18267		478		470		212		212		195		194		
825		13065		0		13031		survived		7.19978		7.18267		479		470		212		212		195		194		
826		13065		0		13031		survived		7.19978		7.18267		480		470		212		212		195		194		
827		13065		0		13031		survived		7.19978		7.18267		481		470		212		212		195		194		
828		13065		0		13031		survived		7.19978		7.18267		482		470		212		212		195		194		
829		13275		0		13031		add_node		7.27672		7.18267		483		483		212		212		191		194		
830		13275		0		13031		survived		7.27672		7.18267		484		483		212		212		191		194		
831		13275		0		13031		survived		7.27672		7.18267		485		483		212		212		191		194		
832		13275		0		13031		survived		7.27672		7.18267		486		483		212		212		191		194		
833		13275		0		13031		survived		7.27672		7.18267		487		483		212		212		191		194		
834		13275		0		13031		survived		7.27672		7.18267		488		483		212		212		191		194		
835		13275		0		13031		survived		7.27672		7.18267		489		483		212		212		191		194		
836		13275		0		13031		survived		7.27672		7.18267		490		483		212		212		191		194		
837		13275		0		13031		survived		7.27672		7.18267		491		483		212		212		191		194		
838		13275		0		13031		survived		7.27672		7.18267		492		483		212		212		191		194		
839		13275		0		13031		survived		7.27672		7.18267		493		483		212		212		191		194		
840		13275		0		13031		survived		7.27672		7.18267		494		483		212		212		191		194		
841		13275		0		13031		survived		7.27672		7.18267		495		483		212		212		191		194		
842		13275		0		13031		survived		7.27672		7.18267		496		483		212		212		191		194		
843		13275		0		13031		survived		7.27672		7.18267		497		483		212		212		191		194		
844		13275		0		13031		survived		7.27672		7.18267		498		483		212		212		191		194		
845		13275		0		13031		survived		7.27672		7.18267		499		483		212		212		191		194		
846		13275		0		13031		survived		7.27672		7.18267		500		483		212		212		191		194		
847		13275		0		13031		survived		7.27672		7.18267		501		483		212		212		191		194		
848		13275		0		13031		survived		7.27672		7.18267		502		483		212		212		191		194		
849		13275		0		13031		survived		7.27672		7.18267		503		483		212		212		191		194		
850		13275		0		13031		survived		7.27672		7.18267		504		483		212		212		191		194		
851		13275		0		13031		survived		7.27672		7.18267		505		483		212		212		191		194		
852		13639		0		13275		add_node		7.31742		7.27672		506		506		212		212		184		191		
853		13639		0		13275		survived		7.31742		7.27672		507		506		212		212		184		191		
854		13639		0		13275		survived		7.31742		7.27672		508		506		212		212		184		191		
855		13639		0		13275		survived		7.31742		7.27672		509		506		212		212		184		191		
856		13639		0		13275		survived		7.31742		7.27672		510		506		212		212		184		191		
857		13639		0		13275		survived		7.31742		7.27672		511		506		212		212		184		191		
858		13639		0		13275		survived		7.31742		7.27672		512		506		212		212		184		191		
859		13639		0		13275		survived		7.31742		7.27672		513		506		212		212		184		191		
860		13639		0		13275		survived		7.31742		7.27672		514		506		212		212		184		191		
861		13639		0		13275		survived		7.31742		7.27672		515		506		212		212		184		191		
862		13639		0		13275		survived		7.31742		7.27672		516		506		212		212		184		191		
863		13639		0		13275		survived		7.31742		7.27672		517		506		212		212		184		191		
864		13639		0		13275		survived		7.31742		7.27672		518		506		212		212		184		191		
865		13639		0		13275		survived		7.31742		7.27672		519		506		212		212		184		191		
866		13639		0		13275		survived		7.31742		7.27672		520		506		212		212		184		191		
867		13639		0		13275		survived		7.31742		7.27672		521		506		212		212		184		191		
868		13639		0		13275		survived		7.31742		7.27672		522		506		212		212		184		191		
869		13639		0		13275		survived		7.31742		7.27672		523		506		212		212		184		191		
870		13639		0		13275		survived		7.31742		7.27672		524		506		212		212		184		191		
871		13639		0		13275		survived		7.31742		7.27672		525		506		212		212		184		191		
872		13639		0		13275		survived		7.31742		7.27672		526		506		212		212		184		191		
873		13639		0		13275		survived		7.31742		7.27672		527		506		212		212		184		191		
874		13639		0		13275		survived		7.31742		7.27672		528		506		212		212		184		191		
875		13639		0		13275		survived		7.31742		7.27672		529		506		212		212		184		191		
876		13639		0		13275		survived		7.31742		7.27672		530		506		212		212		184		191		
877		13639		0		13275		survived		7.31742		7.27672		531		506		212		212		184		191		
878		13639		0		13275		survived		7.31742		7.27672		532		506		212		212		184		191		
879		14073		0		13677		mutate_function(sqrt_abs-to-sin)		7.31742		7.30489		533		533		212		212		183		183		
880		14073		0		13677		survived		7.31742		7.30489		534		533		212		212		183		183		
881		14097		0		14073		mutate_weight(-0.267215129267)		7.32301		7.31742		535		535		212		212		195		183		
882		14097		0		14073		survived		7.32301		7.31742		536		535		212		212		195		183		
883		14097		0		14073		survived		7.32301		7.31742		537		535		212		212		195		183		
884		14097		0		14073		survived		7.32301		7.31742		538		535		212		212		195		183		
885		14097		0		14073		survived		7.32301		7.31742		539		535		212		212		195		183		
886		14097		0		14073		survived		7.32301		7.31742		540		535		212		212		195		183		
887		14097		0		14073		survived		7.32301		7.31742		541		535		212		212		195		183		
888		14097		0		14073		survived		7.32301		7.31742		542		535		212		212		195		183		
889		14097		0		14073		survived		7.32301		7.31742		543		535		212		212		195		183		
890		14097		0		14073		survived		7.32301		7.31742		544		535		212		212		195		183		
891		14097		0		14073		survived		7.32301		7.31742		545		535		212		212		195		183		
892		14097		0		14073		survived		7.32301		7.31742		546		535		212		212		195		183		
893		14097		0		14073		survived		7.32301		7.31742		547		535		212		212		195		183		
894		14097		0		14073		survived		7.32301		7.31742		548		535		212		212		195		183		
895		14097		0		14073		survived		7.32301		7.31742		549		535		212		212		195		183		
896		14097		0		14073		survived		7.32301		7.31742		550		535		212		212		195		183		
897		14097		0		14073		survived		7.32301		7.31742		551		535		212		212		195		183		
898		14097		0		14073		survived		7.32301		7.31742		552		535		212		212		195		183		
899		14097		0		14073		survived		7.32301		7.31742		553		535		212		212		195		183		
900		14097		0		14073		survived		7.32301		7.31742		554		535		212		212		195		183		
901		14419		0		14097		add_link		7.33316		7.32301		555		555		212		212		193		195		
902		14419		0		14097		survived		7.33316		7.32301		556		555		212		212		193		195		
903		14419		0		14097		survived		7.33316		7.32301		557		555		212		212		193		195		
904		14419		0		14097		survived		7.33316		7.32301		558		555		212		212		193		195		
905		14419		0		14097		survived		7.33316		7.32301		559		555		212		212		193		195		
906		14419		0		14097		survived		7.33316		7.32301		560		555		212		212		193		195		
907		14419		0		14097		survived		7.33316		7.32301		561		555		212		212		193		195		
908		14419		0		14097		survived		7.33316		7.32301		562		555		212		212		193		195		
909		14419		0		14097		survived		7.33316		7.32301		563		555		212		212		193		195		
910		14419		0		14097		survived		7.33316		7.32301		564		555		212		212		193		195		
911		14419		0		14097		survived		7.33316		7.32301		565		555		212		212		193		195		
912		14419		0		14097		survived		7.33316		7.32301		566		555		212		212		193		195		
913		14419		0		14097		survived		7.33316		7.32301		567		555		212		212		193		195		
914		14419		0		14097		survived		7.33316		7.32301		568		555		212		212		193		195		
915		14419		0		14097		survived		7.33316		7.32301		569		555		212		212		193		195		
916		14419		0		14097		survived		7.33316		7.32301		570		555		212		212		193		195		
917		14419		0		14097		survived		7.33316		7.32301		571		555		212		212		193		195		
918		14419		0		14097		survived		7.33316		7.32301		572		555		212		212		193		195		
919		14419		0		14097		survived		7.33316		7.32301		573		555		212		212		193		195		
920		14419		0		14097		survived		7.33316		7.32301		574		555		212		212		193		195		
921		14419		0		14097		survived		7.33316		7.32301		575		555		212		212		193		195		
922		14419		0		14097		survived		7.33316		7.32301		576		555		212		212		193		195		
923		14419		0		14097		survived		7.33316		7.32301		577		555		212		212		193		195		
924		14419		0		14097		survived		7.33316		7.32301		578		555		212		212		193		195		
925		14419		0		14097		survived		7.33316		7.32301		579		555		212		212		193		195		
926		14419		0		14097		survived		7.33316		7.32301		580		555		212		212		193		195		
927		14419		0		14097		survived		7.33316		7.32301		581		555		212		212		193		195		
928		14419		0		14097		survived		7.33316		7.32301		582		555		212		212		193		195		
929		14419		0		14097		survived		7.33316		7.32301		583		555		212		212		193		195		
930		14419		0		14097		survived		7.33316		7.32301		584		555		212		212		193		195		
931		14419		0		14097		survived		7.33316		7.32301		585		555		212		212		193		195		
932		14419		0		14097		survived		7.33316		7.32301		586		555		212		212		193		195		
933		14419		0		14097		survived		7.33316		7.32301		587		555		212		212		193		195		
934		14419		0		14097		survived		7.33316		7.32301		588		555		212		212		193		195		
935		14419		0		14097		survived		7.33316		7.32301		589		555		212		212		193		195		
936		14419		0		14097		survived		7.33316		7.32301		590		555		212		212		193		195		
937		14419		0		14097		survived		7.33316		7.32301		591		555		212		212		193		195		
938		14419		0		14097		survived		7.33316		7.32301		592		555		212		212		193		195		
939		14419		0		14097		survived		7.33316		7.32301		593		555		212		212		193		195		
940		14419		0		14097		survived		7.33316		7.32301		594		555		212		212		193		195		
941		14419		0		14097		survived		7.33316		7.32301		595		555		212		212		193		195		
942		14419		0		14097		survived		7.33316		7.32301		596		555		212		212		193		195		
943		14419		0		14097		survived		7.33316		7.32301		597		555		212		212		193		195		
944		14419		0		14097		survived		7.33316		7.32301		598		555		212		212		193		195		
945		14419		0		14097		survived		7.33316		7.32301		599		555		212		212		193		195		
946		14419		0		14097		survived		7.33316		7.32301		600		555		212		212		193		195		
947		14419		0		14097		survived		7.33316		7.32301		601		555		212		212		193		195		
948		14419		0		14097		survived		7.33316		7.32301		602		555		212		212		193		195		
949		14419		0		14097		survived		7.33316		7.32301		603		555		212		212		193		195		
950		14419		0		14097		survived		7.33316		7.32301		604		555		212		212		193		195		
951		14419		0		14097		survived		7.33316		7.32301		605		555		212		212		193		195		
952		14419		0		14097		survived		7.33316		7.32301		606		555		212		212		193		195		
953		14419		0		14097		survived		7.33316		7.32301		607		555		212		212		193		195		
954		14419		0		14097		survived		7.33316		7.32301		608		555		212		212		193		195		
955		14419		0		14097		survived		7.33316		7.32301		609		555		212		212		193		195		
956		14419		0		14097		survived		7.33316		7.32301		610		555		212		212		193		195		
957		14419		0		14097		survived		7.33316		7.32301		611		555		212		212		193		195		
958		14419		0		14097		survived		7.33316		7.32301		612		555		212		212		193		195		
959		14419		0		14097		survived		7.33316		7.32301		613		555		212		212		193		195		
960		14419		0		14097		survived		7.33316		7.32301		614		555		212		212		193		195		
961		14419		0		14097		survived		7.33316		7.32301		615		555		212		212		193		195		
962		14419		0		14097		survived		7.33316		7.32301		616		555		212		212		193		195		
963		14419		0		14097		survived		7.33316		7.32301		617		555		212		212		193		195		
964		14419		0		14097		survived		7.33316		7.32301		618		555		212		212		193		195		
965		14419		0		14097		survived		7.33316		7.32301		619		555		212		212		193		195		
966		14419		0		14097		survived		7.33316		7.32301		620		555		212		212		193		195		
967		14419		0		14097		survived		7.33316		7.32301		621		555		212		212		193		195		
968		14419		0		14097		survived		7.33316		7.32301		622		555		212		212		193		195		
969		14419		0		14097		survived		7.33316		7.32301		623		555		212		212		193		195		
970		14419		0		14097		survived		7.33316		7.32301		624		555		212		212		193		195		
971		14419		0		14097		survived		7.33316		7.32301		625		555		212		212		193		195		
972		14419		0		14097		survived		7.33316		7.32301		626		555		212		212		193		195		
973		14419		0		14097		survived		7.33316		7.32301		627		555		212		212		193		195		
974		14419		0		14097		survived		7.33316		7.32301		628		555		212		212		193		195		
975		14419		0		14097		survived		7.33316		7.32301		629		555		212		212		193		195		
976		14419		0		14097		survived		7.33316		7.32301		630		555		212		212		193		195		
977		14419		0		14097		survived		7.33316		7.32301		631		555		212		212		193		195		
978		14419		0		14097		survived		7.33316		7.32301		632		555		212		212		193		195		
979		14419		0		14097		survived		7.33316		7.32301		633		555		212		212		193		195		
980		14419		0		14097		survived		7.33316		7.32301		634		555		212		212		193		195		
981		14419		0		14097		survived		7.33316		7.32301		635		555		212		212		193		195		
982		14419		0		14097		survived		7.33316		7.32301		636		555		212		212		193		195		
983		14419		0		14097		survived		7.33316		7.32301		637		555		212		212		193		195		
984		14419		0		14097		survived		7.33316		7.32301		638		555		212		212		193		195		
985		14419		0		14097		survived		7.33316		7.32301		639		555		212		212		193		195		
986		14419		0		14097		survived		7.33316		7.32301		640		555		212		212		193		195		
987		14419		0		14097		survived		7.33316		7.32301		641		555		212		212		193		195		
988		14419		0		14097		survived		7.33316		7.32301		642		555		212		212		193		195		
989		14419		0		14097		survived		7.33316		7.32301		643		555		212		212		193		195		
990		14419		0		14097		survived		7.33316		7.32301		644		555		212		212		193		195		
991		14419		0		14097		survived		7.33316		7.32301		645		555		212		212		193		195		
992		14419		0		14097		survived		7.33316		7.32301		646		555		212		212		193		195		
993		14419		0		14097		survived		7.33316		7.32301		647		555		212		212		193		195		
994		14419		0		14097		survived		7.33316		7.32301		648		555		212		212		193		195		
995		14419		0		14097		survived		7.33316		7.32301		649		555		212		212		193		195		
996		14419		0		14097		survived		7.33316		7.32301		650		555		212		212		193		195		
997		14419		0		14097		survived		7.33316		7.32301		651		555		212		212		193		195		
998		14419		0		14097		survived		7.33316		7.32301		652		555		212		212		193		195		
999		14419		0		14097		survived		7.33316		7.32301		653		555		212		212		193		195		
1000		14419		0		14097		survived		7.33316		7.32301		654		555		212		212		193		195		
