gen		id		dom		parent_id		variation_type		fitness		parent_fitness		age		parent_age		num_voxels		parent_num_voxels		energy		parent_energy		material_different_from_parent		mean_material		mean_parent_material		mean_parent_diff_material
0		9		0		-1		newly_generated		0.526139		-10000000.0		0		10000000.0		216		10000000.0		95		10000000.0		
1		24		0		11		mutate_function(absolute-to-sin)		0.90017		0.0265777		1		1		71		216		71		216		
2		46		0		-1		newly_generated		3.11851		-10000000.0		0		10000000.0		216		10000000.0		216		10000000.0		
3		46		0		-1		survived		3.11851		-10000000.0		1		10000000.0		216		10000000.0		216		10000000.0		
4		46		0		-1		survived		3.11851		-10000000.0		2		10000000.0		216		10000000.0		216		10000000.0		
5		46		0		-1		survived		3.11851		-10000000.0		3		10000000.0		216		10000000.0		216		10000000.0		
6		46		0		-1		survived		3.11851		-10000000.0		4		10000000.0		216		10000000.0		216		10000000.0		
7		46		0		-1		survived		3.11851		-10000000.0		5		10000000.0		216		10000000.0		216		10000000.0		
8		46		0		-1		survived		3.11851		-10000000.0		6		10000000.0		216		10000000.0		216		10000000.0		
9		46		0		-1		survived		3.11851		-10000000.0		7		10000000.0		216		10000000.0		216		10000000.0		
10		159		0		120		add_node		3.49914		2.48835		8		8		216		216		216		216		
11		159		0		120		survived		3.49914		2.48835		9		8		216		216		216		216		
12		159		0		120		survived		3.49914		2.48835		10		8		216		216		216		216		
13		159		0		120		survived		3.49914		2.48835		11		8		216		216		216		216		
14		159		0		120		survived		3.49914		2.48835		12		8		216		216		216		216		
15		252		0		159		remove_link		5.32294		3.49914		13		13		216		216		216		216		
16		252		0		159		survived		5.32294		3.49914		14		13		216		216		216		216		
17		252		0		159		survived		5.32294		3.49914		15		13		216		216		216		216		
18		288		0		252		mutate_weight(-0.352997643886)		5.32799		5.32294		16		16		216		216		216		216		
19		288		0		252		survived		5.32799		5.32294		17		16		216		216		216		216		
20		288		0		252		survived		5.32799		5.32294		18		16		216		216		216		216		
21		288		0		252		survived		5.32799		5.32294		19		16		216		216		216		216		
22		288		0		252		survived		5.32799		5.32294		20		16		216		216		216		216		
23		288		0		252		survived		5.32799		5.32294		21		16		216		216		216		216		
24		288		0		252		survived		5.32799		5.32294		22		16		216		216		216		216		
25		288		0		252		survived		5.32799		5.32294		23		16		216		216		216		216		
26		429		0		299		remove_link		6.20622		3.94613		10		10		216		216		216		216		
27		429		0		299		survived		6.20622		3.94613		11		10		216		216		216		216		
28		429		0		299		survived		6.20622		3.94613		12		10		216		216		216		216		
29		429		0		299		survived		6.20622		3.94613		13		10		216		216		216		216		
30		429		0		299		survived		6.20622		3.94613		14		10		216		216		216		216		
31		429		0		299		survived		6.20622		3.94613		15		10		216		216		216		216		
32		429		0		299		survived		6.20622		3.94613		16		10		216		216		216		216		
33		530		0		429		mutate_weight(0.0468617213181)		6.22374		6.20622		17		17		216		216		216		216		
34		530		0		429		survived		6.22374		6.20622		18		17		216		216		216		216		
35		530		0		429		survived		6.22374		6.20622		19		17		216		216		216		216		
36		530		0		429		survived		6.22374		6.20622		20		17		216		216		216		216		
37		530		0		429		survived		6.22374		6.20622		21		17		216		216		216		216		
38		530		0		429		survived		6.22374		6.20622		22		17		216		216		216		216		
39		530		0		429		survived		6.22374		6.20622		23		17		216		216		216		216		
40		530		0		429		survived		6.22374		6.20622		24		17		216		216		216		216		
41		530		0		429		survived		6.22374		6.20622		25		17		216		216		216		216		
42		530		0		429		survived		6.22374		6.20622		26		17		216		216		216		216		
43		530		0		429		survived		6.22374		6.20622		27		17		216		216		216		216		
44		530		0		429		survived		6.22374		6.20622		28		17		216		216		216		216		
45		530		0		429		survived		6.22374		6.20622		29		17		216		216		216		216		
46		530		0		429		survived		6.22374		6.20622		30		17		216		216		216		216		
47		530		0		429		survived		6.22374		6.20622		31		17		216		216		216		216		
48		530		0		429		survived		6.22374		6.20622		32		17		216		216		216		216		
49		530		0		429		survived		6.22374		6.20622		33		17		216		216		216		216		
50		530		0		429		survived		6.22374		6.20622		34		17		216		216		216		216		
51		530		0		429		survived		6.22374		6.20622		35		17		216		216		216		216		
52		530		0		429		survived		6.22374		6.20622		36		17		216		216		216		216		
53		530		0		429		survived		6.22374		6.20622		37		17		216		216		216		216		
54		530		0		429		survived		6.22374		6.20622		38		17		216		216		216		216		
55		530		0		429		survived		6.22374		6.20622		39		17		216		216		216		216		
56		530		0		429		survived		6.22374		6.20622		40		17		216		216		216		216		
57		530		0		429		survived		6.22374		6.20622		41		17		216		216		216		216		
58		530		0		429		survived		6.22374		6.20622		42		17		216		216		216		216		
59		530		0		429		survived		6.22374		6.20622		43		17		216		216		216		216		
60		530		0		429		survived		6.22374		6.20622		44		17		216		216		216		216		
61		530		0		429		survived		6.22374		6.20622		45		17		216		216		216		216		
62		530		0		429		survived		6.22374		6.20622		46		17		216		216		216		216		
63		530		0		429		survived		6.22374		6.20622		47		17		216		216		216		216		
64		530		0		429		survived		6.22374		6.20622		48		17		216		216		216		216		
65		530		0		429		survived		6.22374		6.20622		49		17		216		216		216		216		
66		530		0		429		survived		6.22374		6.20622		50		17		216		216		216		216		
67		1077		0		1055		add_link		6.27509		6.19488		24		24		216		216		216		216		
68		1077		0		1055		survived		6.27509		6.19488		25		24		216		216		216		216		
69		1077		0		1055		survived		6.27509		6.19488		26		24		216		216		216		216		
70		1132		0		1077		add_link		6.29361		6.27509		27		27		216		216		216		216		
71		1132		0		1077		survived		6.29361		6.27509		28		27		216		216		216		216		
72		1164		0		1132		remove_link		6.69493		6.29361		29		29		216		216		216		216		
73		1164		0		1132		survived		6.69493		6.29361		30		29		216		216		216		216		
74		1164		0		1132		survived		6.69493		6.29361		31		29		216		216		216		216		
75		1164		0		1132		survived		6.69493		6.29361		32		29		216		216		216		216		
76		1164		0		1132		survived		6.69493		6.29361		33		29		216		216		216		216		
77		1164		0		1132		survived		6.69493		6.29361		34		29		216		216		216		216		
78		1164		0		1132		survived		6.69493		6.29361		35		29		216		216		216		216		
79		1164		0		1132		survived		6.69493		6.29361		36		29		216		216		216		216		
80		1164		0		1132		survived		6.69493		6.29361		37		29		216		216		216		216		
81		1164		0		1132		survived		6.69493		6.29361		38		29		216		216		216		216		
82		1164		0		1132		survived		6.69493		6.29361		39		29		216		216		216		216		
83		1164		0		1132		survived		6.69493		6.29361		40		29		216		216		216		216		
84		1164		0		1132		survived		6.69493		6.29361		41		29		216		216		216		216		
85		1164		0		1132		survived		6.69493		6.29361		42		29		216		216		216		216		
86		1164		0		1132		survived		6.69493		6.29361		43		29		216		216		216		216		
87		1164		0		1132		survived		6.69493		6.29361		44		29		216		216		216		216		
88		1164		0		1132		survived		6.69493		6.29361		45		29		216		216		216		216		
89		1432		0		1164		add_link		6.69667		6.69493		46		46		216		216		216		216		
90		1432		0		1164		survived		6.69667		6.69493		47		46		216		216		216		216		
91		1432		0		1164		survived		6.69667		6.69493		48		46		216		216		216		216		
92		1432		0		1164		survived		6.69667		6.69493		49		46		216		216		216		216		
93		1432		0		1164		survived		6.69667		6.69493		50		46		216		216		216		216		
94		1432		0		1164		survived		6.69667		6.69493		51		46		216		216		216		216		
95		1432		0		1164		survived		6.69667		6.69493		52		46		216		216		216		216		
96		1432		0		1164		survived		6.69667		6.69493		53		46		216		216		216		216		
97		1432		0		1164		survived		6.69667		6.69493		54		46		216		216		216		216		
98		1432		0		1164		survived		6.69667		6.69493		55		46		216		216		216		216		
99		1432		0		1164		survived		6.69667		6.69493		56		46		216		216		216		216		
100		1432		0		1164		survived		6.69667		6.69493		57		46		216		216		216		216		
101		1432		0		1164		survived		6.69667		6.69493		58		46		216		216		216		216		
102		1432		0		1164		survived		6.69667		6.69493		59		46		216		216		216		216		
103		1432		0		1164		survived		6.69667		6.69493		60		46		216		216		216		216		
104		1432		0		1164		survived		6.69667		6.69493		61		46		216		216		216		216		
105		1432		0		1164		survived		6.69667		6.69493		62		46		216		216		216		216		
106		1432		0		1164		survived		6.69667		6.69493		63		46		216		216		216		216		
107		1432		0		1164		survived		6.69667		6.69493		64		46		216		216		216		216		
108		1432		0		1164		survived		6.69667		6.69493		65		46		216		216		216		216		
109		1432		0		1164		survived		6.69667		6.69493		66		46		216		216		216		216		
110		1432		0		1164		survived		6.69667		6.69493		67		46		216		216		216		216		
111		1432		0		1164		survived		6.69667		6.69493		68		46		216		216		216		216		
112		1432		0		1164		survived		6.69667		6.69493		69		46		216		216		216		216		
113		1432		0		1164		survived		6.69667		6.69493		70		46		216		216		216		216		
114		1432		0		1164		survived		6.69667		6.69493		71		46		216		216		216		216		
115		1432		0		1164		survived		6.69667		6.69493		72		46		216		216		216		216		
116		1432		0		1164		survived		6.69667		6.69493		73		46		216		216		216		216		
117		1432		0		1164		survived		6.69667		6.69493		74		46		216		216		216		216		
118		1432		0		1164		survived		6.69667		6.69493		75		46		216		216		216		216		
119		1432		0		1164		survived		6.69667		6.69493		76		46		216		216		216		216		
120		1432		0		1164		survived		6.69667		6.69493		77		46		216		216		216		216		
121		1432		0		1164		survived		6.69667		6.69493		78		46		216		216		216		216		
122		1432		0		1164		survived		6.69667		6.69493		79		46		216		216		216		216		
123		1432		0		1164		survived		6.69667		6.69493		80		46		216		216		216		216		
124		1432		0		1164		survived		6.69667		6.69493		81		46		216		216		216		216		
125		1432		0		1164		survived		6.69667		6.69493		82		46		216		216		216		216		
126		1432		0		1164		survived		6.69667		6.69493		83		46		216		216		216		216		
127		1432		0		1164		survived		6.69667		6.69493		84		46		216		216		216		216		
128		1432		0		1164		survived		6.69667		6.69493		85		46		216		216		216		216		
129		1432		0		1164		survived		6.69667		6.69493		86		46		216		216		216		216		
130		1432		0		1164		survived		6.69667		6.69493		87		46		216		216		216		216		
131		1432		0		1164		survived		6.69667		6.69493		88		46		216		216		216		216		
132		1432		0		1164		survived		6.69667		6.69493		89		46		216		216		216		216		
133		1432		0		1164		survived		6.69667		6.69493		90		46		216		216		216		216		
134		1432		0		1164		survived		6.69667		6.69493		91		46		216		216		216		216		
135		1432		0		1164		survived		6.69667		6.69493		92		46		216		216		216		216		
136		1432		0		1164		survived		6.69667		6.69493		93		46		216		216		216		216		
137		1432		0		1164		survived		6.69667		6.69493		94		46		216		216		216		216		
138		1432		0		1164		survived		6.69667		6.69493		95		46		216		216		216		216		
139		1432		0		1164		survived		6.69667		6.69493		96		46		216		216		216		216		
140		1432		0		1164		survived		6.69667		6.69493		97		46		216		216		216		216		
141		1432		0		1164		survived		6.69667		6.69493		98		46		216		216		216		216		
142		1432		0		1164		survived		6.69667		6.69493		99		46		216		216		216		216		
143		1432		0		1164		survived		6.69667		6.69493		100		46		216		216		216		216		
144		1432		0		1164		survived		6.69667		6.69493		101		46		216		216		216		216		
145		1432		0		1164		survived		6.69667		6.69493		102		46		216		216		216		216		
146		1432		0		1164		survived		6.69667		6.69493		103		46		216		216		216		216		
147		1432		0		1164		survived		6.69667		6.69493		104		46		216		216		216		216		
148		1432		0		1164		survived		6.69667		6.69493		105		46		216		216		216		216		
149		1432		0		1164		survived		6.69667		6.69493		106		46		216		216		216		216		
150		1432		0		1164		survived		6.69667		6.69493		107		46		216		216		216		216		
151		1432		0		1164		survived		6.69667		6.69493		108		46		216		216		216		216		
152		1432		0		1164		survived		6.69667		6.69493		109		46		216		216		216		216		
153		1432		0		1164		survived		6.69667		6.69493		110		46		216		216		216		216		
154		1432		0		1164		survived		6.69667		6.69493		111		46		216		216		216		216		
155		1432		0		1164		survived		6.69667		6.69493		112		46		216		216		216		216		
156		1432		0		1164		survived		6.69667		6.69493		113		46		216		216		216		216		
157		1432		0		1164		survived		6.69667		6.69493		114		46		216		216		216		216		
158		1432		0		1164		survived		6.69667		6.69493		115		46		216		216		216		216		
159		1432		0		1164		survived		6.69667		6.69493		116		46		216		216		216		216		
160		1432		0		1164		survived		6.69667		6.69493		117		46		216		216		216		216		
161		1432		0		1164		survived		6.69667		6.69493		118		46		216		216		216		216		
162		2605		0		2545		mutate_function(sqrt_abs-to-absolute)		6.70326		6.69493		119		119		216		68		216		68		
163		2605		0		2545		survived		6.70326		6.69493		120		119		216		68		216		68		
164		2605		0		2545		survived		6.70326		6.69493		121		119		216		68		216		68		
165		2649		0		2545		mutate_weight(-0.124808071085)		6.7238		6.69493		122		122		216		68		216		68		
166		2649		0		2545		survived		6.7238		6.69493		123		122		216		68		216		68		
167		2649		0		2545		survived		6.7238		6.69493		124		122		216		68		216		68		
168		2649		0		2545		survived		6.7238		6.69493		125		122		216		68		216		68		
169		2649		0		2545		survived		6.7238		6.69493		126		122		216		68		216		68		
170		2723		0		2649		add_node		6.73037		6.7238		127		127		216		216		216		216		
171		2723		0		2649		survived		6.73037		6.7238		128		127		216		216		216		216		
172		2723		0		2649		survived		6.73037		6.7238		129		127		216		216		216		216		
173		2723		0		2649		survived		6.73037		6.7238		130		127		216		216		216		216		
174		2723		0		2649		survived		6.73037		6.7238		131		127		216		216		216		216		
175		2723		0		2649		survived		6.73037		6.7238		132		127		216		216		216		216		
176		2723		0		2649		survived		6.73037		6.7238		133		127		216		216		216		216		
177		2723		0		2649		survived		6.73037		6.7238		134		127		216		216		216		216		
178		2723		0		2649		survived		6.73037		6.7238		135		127		216		216		216		216		
179		2723		0		2649		survived		6.73037		6.7238		136		127		216		216		216		216		
180		2890		0		2723		add_link		6.7372		6.73037		137		137		216		216		216		216		
181		2890		0		2723		survived		6.7372		6.73037		138		137		216		216		216		216		
182		2890		0		2723		survived		6.7372		6.73037		139		137		216		216		216		216		
183		2890		0		2723		survived		6.7372		6.73037		140		137		216		216		216		216		
184		2890		0		2723		survived		6.7372		6.73037		141		137		216		216		216		216		
185		2890		0		2723		survived		6.7372		6.73037		142		137		216		216		216		216		
186		2890		0		2723		survived		6.7372		6.73037		143		137		216		216		216		216		
187		2890		0		2723		survived		6.7372		6.73037		144		137		216		216		216		216		
188		2890		0		2723		survived		6.7372		6.73037		145		137		216		216		216		216		
189		2890		0		2723		survived		6.7372		6.73037		146		137		216		216		216		216		
190		2890		0		2723		survived		6.7372		6.73037		147		137		216		216		216		216		
191		2890		0		2723		survived		6.7372		6.73037		148		137		216		216		216		216		
192		2890		0		2723		survived		6.7372		6.73037		149		137		216		216		216		216		
193		2890		0		2723		survived		6.7372		6.73037		150		137		216		216		216		216		
194		2890		0		2723		survived		6.7372		6.73037		151		137		216		216		216		216		
195		2890		0		2723		survived		6.7372		6.73037		152		137		216		216		216		216		
196		2890		0		2723		survived		6.7372		6.73037		153		137		216		216		216		216		
197		2890		0		2723		survived		6.7372		6.73037		154		137		216		216		216		216		
198		2890		0		2723		survived		6.7372		6.73037		155		137		216		216		216		216		
199		2890		0		2723		survived		6.7372		6.73037		156		137		216		216		216		216		
200		2890		0		2723		survived		6.7372		6.73037		157		137		216		216		216		216		
201		2890		0		2723		survived		6.7372		6.73037		158		137		216		216		216		216		
202		2890		0		2723		survived		6.7372		6.73037		159		137		216		216		216		216		
203		2890		0		2723		survived		6.7372		6.73037		160		137		216		216		216		216		
204		2890		0		2723		survived		6.7372		6.73037		161		137		216		216		216		216		
205		2890		0		2723		survived		6.7372		6.73037		162		137		216		216		216		216		
206		2890		0		2723		survived		6.7372		6.73037		163		137		216		216		216		216		
207		2890		0		2723		survived		6.7372		6.73037		164		137		216		216		216		216		
208		2890		0		2723		survived		6.7372		6.73037		165		137		216		216		216		216		
209		2890		0		2723		survived		6.7372		6.73037		166		137		216		216		216		216		
210		2890		0		2723		survived		6.7372		6.73037		167		137		216		216		216		216		
211		2890		0		2723		survived		6.7372		6.73037		168		137		216		216		216		216		
212		2890		0		2723		survived		6.7372		6.73037		169		137		216		216		216		216		
213		2890		0		2723		survived		6.7372		6.73037		170		137		216		216		216		216		
214		2890		0		2723		survived		6.7372		6.73037		171		137		216		216		216		216		
215		2890		0		2723		survived		6.7372		6.73037		172		137		216		216		216		216		
216		2890		0		2723		survived		6.7372		6.73037		173		137		216		216		216		216		
217		2890		0		2723		survived		6.7372		6.73037		174		137		216		216		216		216		
218		2890		0		2723		survived		6.7372		6.73037		175		137		216		216		216		216		
219		2890		0		2723		survived		6.7372		6.73037		176		137		216		216		216		216		
220		2890		0		2723		survived		6.7372		6.73037		177		137		216		216		216		216		
221		2890		0		2723		survived		6.7372		6.73037		178		137		216		216		216		216		
222		2890		0		2723		survived		6.7372		6.73037		179		137		216		216		216		216		
223		2890		0		2723		survived		6.7372		6.73037		180		137		216		216		216		216		
224		2890		0		2723		survived		6.7372		6.73037		181		137		216		216		216		216		
225		2890		0		2723		survived		6.7372		6.73037		182		137		216		216		216		216		
226		2890		0		2723		survived		6.7372		6.73037		183		137		216		216		216		216		
227		2890		0		2723		survived		6.7372		6.73037		184		137		216		216		216		216		
228		2890		0		2723		survived		6.7372		6.73037		185		137		216		216		216		216		
229		2890		0		2723		survived		6.7372		6.73037		186		137		216		216		216		216		
230		2890		0		2723		survived		6.7372		6.73037		187		137		216		216		216		216		
231		2890		0		2723		survived		6.7372		6.73037		188		137		216		216		216		216		
232		2890		0		2723		survived		6.7372		6.73037		189		137		216		216		216		216		
233		2890		0		2723		survived		6.7372		6.73037		190		137		216		216		216		216		
234		2890		0		2723		survived		6.7372		6.73037		191		137		216		216		216		216		
235		2890		0		2723		survived		6.7372		6.73037		192		137		216		216		216		216		
236		2890		0		2723		survived		6.7372		6.73037		193		137		216		216		216		216		
237		2890		0		2723		survived		6.7372		6.73037		194		137		216		216		216		216		
238		2890		0		2723		survived		6.7372		6.73037		195		137		216		216		216		216		
239		2890		0		2723		survived		6.7372		6.73037		196		137		216		216		216		216		
240		2890		0		2723		survived		6.7372		6.73037		197		137		216		216		216		216		
241		2890		0		2723		survived		6.7372		6.73037		198		137		216		216		216		216		
242		2890		0		2723		survived		6.7372		6.73037		199		137		216		216		216		216		
243		2890		0		2723		survived		6.7372		6.73037		200		137		216		216		216		216		
244		2890		0		2723		survived		6.7372		6.73037		201		137		216		216		216		216		
245		2890		0		2723		survived		6.7372		6.73037		202		137		216		216		216		216		
246		2890		0		2723		survived		6.7372		6.73037		203		137		216		216		216		216		
247		2890		0		2723		survived		6.7372		6.73037		204		137		216		216		216		216		
248		2890		0		2723		survived		6.7372		6.73037		205		137		216		216		216		216		
249		2890		0		2723		survived		6.7372		6.73037		206		137		216		216		216		216		
250		2890		0		2723		survived		6.7372		6.73037		207		137		216		216		216		216		
251		2890		0		2723		survived		6.7372		6.73037		208		137		216		216		216		216		
252		2890		0		2723		survived		6.7372		6.73037		209		137		216		216		216		216		
253		2890		0		2723		survived		6.7372		6.73037		210		137		216		216		216		216		
254		2890		0		2723		survived		6.7372		6.73037		211		137		216		216		216		216		
255		2890		0		2723		survived		6.7372		6.73037		212		137		216		216		216		216		
256		2890		0		2723		survived		6.7372		6.73037		213		137		216		216		216		216		
257		2890		0		2723		survived		6.7372		6.73037		214		137		216		216		216		216		
258		2890		0		2723		survived		6.7372		6.73037		215		137		216		216		216		216		
259		2890		0		2723		survived		6.7372		6.73037		216		137		216		216		216		216		
260		2890		0		2723		survived		6.7372		6.73037		217		137		216		216		216		216		
261		2890		0		2723		survived		6.7372		6.73037		218		137		216		216		216		216		
262		2890		0		2723		survived		6.7372		6.73037		219		137		216		216		216		216		
263		2890		0		2723		survived		6.7372		6.73037		220		137		216		216		216		216		
264		2890		0		2723		survived		6.7372		6.73037		221		137		216		216		216		216		
265		2890		0		2723		survived		6.7372		6.73037		222		137		216		216		216		216		
266		2890		0		2723		survived		6.7372		6.73037		223		137		216		216		216		216		
267		2890		0		2723		survived		6.7372		6.73037		224		137		216		216		216		216		
268		2890		0		2723		survived		6.7372		6.73037		225		137		216		216		216		216		
269		2890		0		2723		survived		6.7372		6.73037		226		137		216		216		216		216		
270		2890		0		2723		survived		6.7372		6.73037		227		137		216		216		216		216		
271		2890		0		2723		survived		6.7372		6.73037		228		137		216		216		216		216		
272		2890		0		2723		survived		6.7372		6.73037		229		137		216		216		216		216		
273		2890		0		2723		survived		6.7372		6.73037		230		137		216		216		216		216		
274		2890		0		2723		survived		6.7372		6.73037		231		137		216		216		216		216		
275		2890		0		2723		survived		6.7372		6.73037		232		137		216		216		216		216		
276		2890		0		2723		survived		6.7372		6.73037		233		137		216		216		216		216		
277		2890		0		2723		survived		6.7372		6.73037		234		137		216		216		216		216		
278		2890		0		2723		survived		6.7372		6.73037		235		137		216		216		216		216		
279		2890		0		2723		survived		6.7372		6.73037		236		137		216		216		216		216		
280		2890		0		2723		survived		6.7372		6.73037		237		137		216		216		216		216		
281		2890		0		2723		survived		6.7372		6.73037		238		137		216		216		216		216		
282		2890		0		2723		survived		6.7372		6.73037		239		137		216		216		216		216		
283		2890		0		2723		survived		6.7372		6.73037		240		137		216		216		216		216		
284		2890		0		2723		survived		6.7372		6.73037		241		137		216		216		216		216		
285		2890		0		2723		survived		6.7372		6.73037		242		137		216		216		216		216		
286		2890		0		2723		survived		6.7372		6.73037		243		137		216		216		216		216		
287		2890		0		2723		survived		6.7372		6.73037		244		137		216		216		216		216		
288		2890		0		2723		survived		6.7372		6.73037		245		137		216		216		216		216		
289		2890		0		2723		survived		6.7372		6.73037		246		137		216		216		216		216		
290		2890		0		2723		survived		6.7372		6.73037		247		137		216		216		216		216		
291		2890		0		2723		survived		6.7372		6.73037		248		137		216		216		216		216		
292		2890		0		2723		survived		6.7372		6.73037		249		137		216		216		216		216		
293		2890		0		2723		survived		6.7372		6.73037		250		137		216		216		216		216		
294		2890		0		2723		survived		6.7372		6.73037		251		137		216		216		216		216		
295		2890		0		2723		survived		6.7372		6.73037		252		137		216		216		216		216		
296		2890		0		2723		survived		6.7372		6.73037		253		137		216		216		216		216		
297		2890		0		2723		survived		6.7372		6.73037		254		137		216		216		216		216		
298		2890		0		2723		survived		6.7372		6.73037		255		137		216		216		216		216		
299		2890		0		2723		survived		6.7372		6.73037		256		137		216		216		216		216		
300		2890		0		2723		survived		6.7372		6.73037		257		137		216		216		216		216		
301		2890		0		2723		survived		6.7372		6.73037		258		137		216		216		216		216		
302		2890		0		2723		survived		6.7372		6.73037		259		137		216		216		216		216		
303		2890		0		2723		survived		6.7372		6.73037		260		137		216		216		216		216		
304		2890		0		2723		survived		6.7372		6.73037		261		137		216		216		216		216		
305		2890		0		2723		survived		6.7372		6.73037		262		137		216		216		216		216		
306		2890		0		2723		survived		6.7372		6.73037		263		137		216		216		216		216		
307		2890		0		2723		survived		6.7372		6.73037		264		137		216		216		216		216		
308		2890		0		2723		survived		6.7372		6.73037		265		137		216		216		216		216		
309		2890		0		2723		survived		6.7372		6.73037		266		137		216		216		216		216		
310		2890		0		2723		survived		6.7372		6.73037		267		137		216		216		216		216		
311		2890		0		2723		survived		6.7372		6.73037		268		137		216		216		216		216		
312		2890		0		2723		survived		6.7372		6.73037		269		137		216		216		216		216		
313		2890		0		2723		survived		6.7372		6.73037		270		137		216		216		216		216		
314		2890		0		2723		survived		6.7372		6.73037		271		137		216		216		216		216		
315		2890		0		2723		survived		6.7372		6.73037		272		137		216		216		216		216		
316		2890		0		2723		survived		6.7372		6.73037		273		137		216		216		216		216		
317		2890		0		2723		survived		6.7372		6.73037		274		137		216		216		216		216		
318		2890		0		2723		survived		6.7372		6.73037		275		137		216		216		216		216		
319		2890		0		2723		survived		6.7372		6.73037		276		137		216		216		216		216		
320		2890		0		2723		survived		6.7372		6.73037		277		137		216		216		216		216		
321		2890		0		2723		survived		6.7372		6.73037		278		137		216		216		216		216		
322		2890		0		2723		survived		6.7372		6.73037		279		137		216		216		216		216		
323		5177		0		2890		add_link		6.74722		6.7372		280		280		216		216		216		216		
324		5177		0		2890		survived		6.74722		6.7372		281		280		216		216		216		216		
325		5177		0		2890		survived		6.74722		6.7372		282		280		216		216		216		216		
326		5177		0		2890		survived		6.74722		6.7372		283		280		216		216		216		216		
327		5177		0		2890		survived		6.74722		6.7372		284		280		216		216		216		216		
328		5177		0		2890		survived		6.74722		6.7372		285		280		216		216		216		216		
329		5177		0		2890		survived		6.74722		6.7372		286		280		216		216		216		216		
330		5177		0		2890		survived		6.74722		6.7372		287		280		216		216		216		216		
331		5177		0		2890		survived		6.74722		6.7372		288		280		216		216		216		216		
332		5177		0		2890		survived		6.74722		6.7372		289		280		216		216		216		216		
333		5177		0		2890		survived		6.74722		6.7372		290		280		216		216		216		216		
334		5177		0		2890		survived		6.74722		6.7372		291		280		216		216		216		216		
335		5177		0		2890		survived		6.74722		6.7372		292		280		216		216		216		216		
336		5177		0		2890		survived		6.74722		6.7372		293		280		216		216		216		216		
337		5177		0		2890		survived		6.74722		6.7372		294		280		216		216		216		216		
338		5177		0		2890		survived		6.74722		6.7372		295		280		216		216		216		216		
339		5177		0		2890		survived		6.74722		6.7372		296		280		216		216		216		216		
340		5177		0		2890		survived		6.74722		6.7372		297		280		216		216		216		216		
341		5177		0		2890		survived		6.74722		6.7372		298		280		216		216		216		216		
342		5177		0		2890		survived		6.74722		6.7372		299		280		216		216		216		216		
343		5177		0		2890		survived		6.74722		6.7372		300		280		216		216		216		216		
344		5177		0		2890		survived		6.74722		6.7372		301		280		216		216		216		216		
345		5177		0		2890		survived		6.74722		6.7372		302		280		216		216		216		216		
346		5177		0		2890		survived		6.74722		6.7372		303		280		216		216		216		216		
347		5177		0		2890		survived		6.74722		6.7372		304		280		216		216		216		216		
348		5177		0		2890		survived		6.74722		6.7372		305		280		216		216		216		216		
349		5177		0		2890		survived		6.74722		6.7372		306		280		216		216		216		216		
350		5177		0		2890		survived		6.74722		6.7372		307		280		216		216		216		216		
351		5177		0		2890		survived		6.74722		6.7372		308		280		216		216		216		216		
352		5177		0		2890		survived		6.74722		6.7372		309		280		216		216		216		216		
353		5177		0		2890		survived		6.74722		6.7372		310		280		216		216		216		216		
354		5177		0		2890		survived		6.74722		6.7372		311		280		216		216		216		216		
355		5177		0		2890		survived		6.74722		6.7372		312		280		216		216		216		216		
356		5177		0		2890		survived		6.74722		6.7372		313		280		216		216		216		216		
357		5177		0		2890		survived		6.74722		6.7372		314		280		216		216		216		216		
358		5177		0		2890		survived		6.74722		6.7372		315		280		216		216		216		216		
359		5177		0		2890		survived		6.74722		6.7372		316		280		216		216		216		216		
360		5177		0		2890		survived		6.74722		6.7372		317		280		216		216		216		216		
361		5177		0		2890		survived		6.74722		6.7372		318		280		216		216		216		216		
362		5177		0		2890		survived		6.74722		6.7372		319		280		216		216		216		216		
363		5177		0		2890		survived		6.74722		6.7372		320		280		216		216		216		216		
364		5177		0		2890		survived		6.74722		6.7372		321		280		216		216		216		216		
365		5177		0		2890		survived		6.74722		6.7372		322		280		216		216		216		216		
366		5177		0		2890		survived		6.74722		6.7372		323		280		216		216		216		216		
367		5177		0		2890		survived		6.74722		6.7372		324		280		216		216		216		216		
368		5177		0		2890		survived		6.74722		6.7372		325		280		216		216		216		216		
369		5177		0		2890		survived		6.74722		6.7372		326		280		216		216		216		216		
370		5177		0		2890		survived		6.74722		6.7372		327		280		216		216		216		216		
371		5177		0		2890		survived		6.74722		6.7372		328		280		216		216		216		216		
372		5177		0		2890		survived		6.74722		6.7372		329		280		216		216		216		216		
373		5177		0		2890		survived		6.74722		6.7372		330		280		216		216		216		216		
374		5177		0		2890		survived		6.74722		6.7372		331		280		216		216		216		216		
375		5177		0		2890		survived		6.74722		6.7372		332		280		216		216		216		216		
376		5177		0		2890		survived		6.74722		6.7372		333		280		216		216		216		216		
377		5177		0		2890		survived		6.74722		6.7372		334		280		216		216		216		216		
378		5177		0		2890		survived		6.74722		6.7372		335		280		216		216		216		216		
379		5177		0		2890		survived		6.74722		6.7372		336		280		216		216		216		216		
380		5177		0		2890		survived		6.74722		6.7372		337		280		216		216		216		216		
381		5177		0		2890		survived		6.74722		6.7372		338		280		216		216		216		216		
382		5177		0		2890		survived		6.74722		6.7372		339		280		216		216		216		216		
383		5177		0		2890		survived		6.74722		6.7372		340		280		216		216		216		216		
384		5177		0		2890		survived		6.74722		6.7372		341		280		216		216		216		216		
385		5177		0		2890		survived		6.74722		6.7372		342		280		216		216		216		216		
386		5177		0		2890		survived		6.74722		6.7372		343		280		216		216		216		216		
387		5177		0		2890		survived		6.74722		6.7372		344		280		216		216		216		216		
388		5177		0		2890		survived		6.74722		6.7372		345		280		216		216		216		216		
389		5177		0		2890		survived		6.74722		6.7372		346		280		216		216		216		216		
390		5177		0		2890		survived		6.74722		6.7372		347		280		216		216		216		216		
391		5177		0		2890		survived		6.74722		6.7372		348		280		216		216		216		216		
392		5177		0		2890		survived		6.74722		6.7372		349		280		216		216		216		216		
393		5177		0		2890		survived		6.74722		6.7372		350		280		216		216		216		216		
394		5177		0		2890		survived		6.74722		6.7372		351		280		216		216		216		216		
395		5177		0		2890		survived		6.74722		6.7372		352		280		216		216		216		216		
396		5177		0		2890		survived		6.74722		6.7372		353		280		216		216		216		216		
397		5177		0		2890		survived		6.74722		6.7372		354		280		216		216		216		216		
398		5177		0		2890		survived		6.74722		6.7372		355		280		216		216		216		216		
399		5177		0		2890		survived		6.74722		6.7372		356		280		216		216		216		216		
400		5177		0		2890		survived		6.74722		6.7372		357		280		216		216		216		216		
401		5177		0		2890		survived		6.74722		6.7372		358		280		216		216		216		216		
402		5177		0		2890		survived		6.74722		6.7372		359		280		216		216		216		216		
403		5177		0		2890		survived		6.74722		6.7372		360		280		216		216		216		216		
404		5177		0		2890		survived		6.74722		6.7372		361		280		216		216		216		216		
405		5177		0		2890		survived		6.74722		6.7372		362		280		216		216		216		216		
406		5177		0		2890		survived		6.74722		6.7372		363		280		216		216		216		216		
407		5177		0		2890		survived		6.74722		6.7372		364		280		216		216		216		216		
408		5177		0		2890		survived		6.74722		6.7372		365		280		216		216		216		216		
409		5177		0		2890		survived		6.74722		6.7372		366		280		216		216		216		216		
410		5177		0		2890		survived		6.74722		6.7372		367		280		216		216		216		216		
411		5177		0		2890		survived		6.74722		6.7372		368		280		216		216		216		216		
412		5177		0		2890		survived		6.74722		6.7372		369		280		216		216		216		216		
413		5177		0		2890		survived		6.74722		6.7372		370		280		216		216		216		216		
414		5177		0		2890		survived		6.74722		6.7372		371		280		216		216		216		216		
415		5177		0		2890		survived		6.74722		6.7372		372		280		216		216		216		216		
416		5177		0		2890		survived		6.74722		6.7372		373		280		216		216		216		216		
417		5177		0		2890		survived		6.74722		6.7372		374		280		216		216		216		216		
418		5177		0		2890		survived		6.74722		6.7372		375		280		216		216		216		216		
419		5177		0		2890		survived		6.74722		6.7372		376		280		216		216		216		216		
420		5177		0		2890		survived		6.74722		6.7372		377		280		216		216		216		216		
421		5177		0		2890		survived		6.74722		6.7372		378		280		216		216		216		216		
422		5177		0		2890		survived		6.74722		6.7372		379		280		216		216		216		216		
423		5177		0		2890		survived		6.74722		6.7372		380		280		216		216		216		216		
424		6793		0		5177		add_link		6.74916		6.74722		381		381		216		216		216		216		
425		6793		0		5177		survived		6.74916		6.74722		382		381		216		216		216		216		
426		6793		0		5177		survived		6.74916		6.74722		383		381		216		216		216		216		
427		6793		0		5177		survived		6.74916		6.74722		384		381		216		216		216		216		
428		6793		0		5177		survived		6.74916		6.74722		385		381		216		216		216		216		
429		6793		0		5177		survived		6.74916		6.74722		386		381		216		216		216		216		
430		6793		0		5177		survived		6.74916		6.74722		387		381		216		216		216		216		
431		6793		0		5177		survived		6.74916		6.74722		388		381		216		216		216		216		
432		6793		0		5177		survived		6.74916		6.74722		389		381		216		216		216		216		
433		6793		0		5177		survived		6.74916		6.74722		390		381		216		216		216		216		
434		6793		0		5177		survived		6.74916		6.74722		391		381		216		216		216		216		
435		6793		0		5177		survived		6.74916		6.74722		392		381		216		216		216		216		
436		6793		0		5177		survived		6.74916		6.74722		393		381		216		216		216		216		
437		6793		0		5177		survived		6.74916		6.74722		394		381		216		216		216		216		
438		6793		0		5177		survived		6.74916		6.74722		395		381		216		216		216		216		
439		6793		0		5177		survived		6.74916		6.74722		396		381		216		216		216		216		
440		6793		0		5177		survived		6.74916		6.74722		397		381		216		216		216		216		
441		6793		0		5177		survived		6.74916		6.74722		398		381		216		216		216		216		
442		6793		0		5177		survived		6.74916		6.74722		399		381		216		216		216		216		
443		6793		0		5177		survived		6.74916		6.74722		400		381		216		216		216		216		
444		6793		0		5177		survived		6.74916		6.74722		401		381		216		216		216		216		
445		6793		0		5177		survived		6.74916		6.74722		402		381		216		216		216		216		
446		6793		0		5177		survived		6.74916		6.74722		403		381		216		216		216		216		
447		6793		0		5177		survived		6.74916		6.74722		404		381		216		216		216		216		
448		6793		0		5177		survived		6.74916		6.74722		405		381		216		216		216		216		
449		6793		0		5177		survived		6.74916		6.74722		406		381		216		216		216		216		
450		6793		0		5177		survived		6.74916		6.74722		407		381		216		216		216		216		
451		6793		0		5177		survived		6.74916		6.74722		408		381		216		216		216		216		
452		6793		0		5177		survived		6.74916		6.74722		409		381		216		216		216		216		
453		6793		0		5177		survived		6.74916		6.74722		410		381		216		216		216		216		
454		6793		0		5177		survived		6.74916		6.74722		411		381		216		216		216		216		
455		6793		0		5177		survived		6.74916		6.74722		412		381		216		216		216		216		
456		6793		0		5177		survived		6.74916		6.74722		413		381		216		216		216		216		
457		6793		0		5177		survived		6.74916		6.74722		414		381		216		216		216		216		
458		6793		0		5177		survived		6.74916		6.74722		415		381		216		216		216		216		
459		6793		0		5177		survived		6.74916		6.74722		416		381		216		216		216		216		
460		6793		0		5177		survived		6.74916		6.74722		417		381		216		216		216		216		
461		6793		0		5177		survived		6.74916		6.74722		418		381		216		216		216		216		
462		6793		0		5177		survived		6.74916		6.74722		419		381		216		216		216		216		
463		6793		0		5177		survived		6.74916		6.74722		420		381		216		216		216		216		
464		6793		0		5177		survived		6.74916		6.74722		421		381		216		216		216		216		
465		6793		0		5177		survived		6.74916		6.74722		422		381		216		216		216		216		
466		6793		0		5177		survived		6.74916		6.74722		423		381		216		216		216		216		
467		6793		0		5177		survived		6.74916		6.74722		424		381		216		216		216		216		
468		6793		0		5177		survived		6.74916		6.74722		425		381		216		216		216		216		
469		6793		0		5177		survived		6.74916		6.74722		426		381		216		216		216		216		
470		6793		0		5177		survived		6.74916		6.74722		427		381		216		216		216		216		
471		6793		0		5177		survived		6.74916		6.74722		428		381		216		216		216		216		
472		6793		0		5177		survived		6.74916		6.74722		429		381		216		216		216		216		
473		6793		0		5177		survived		6.74916		6.74722		430		381		216		216		216		216		
474		6793		0		5177		survived		6.74916		6.74722		431		381		216		216		216		216		
475		6793		0		5177		survived		6.74916		6.74722		432		381		216		216		216		216		
476		6793		0		5177		survived		6.74916		6.74722		433		381		216		216		216		216		
477		6793		0		5177		survived		6.74916		6.74722		434		381		216		216		216		216		
478		6793		0		5177		survived		6.74916		6.74722		435		381		216		216		216		216		
479		6793		0		5177		survived		6.74916		6.74722		436		381		216		216		216		216		
480		6793		0		5177		survived		6.74916		6.74722		437		381		216		216		216		216		
481		6793		0		5177		survived		6.74916		6.74722		438		381		216		216		216		216		
482		6793		0		5177		survived		6.74916		6.74722		439		381		216		216		216		216		
483		6793		0		5177		survived		6.74916		6.74722		440		381		216		216		216		216		
484		6793		0		5177		survived		6.74916		6.74722		441		381		216		216		216		216		
485		6793		0		5177		survived		6.74916		6.74722		442		381		216		216		216		216		
486		6793		0		5177		survived		6.74916		6.74722		443		381		216		216		216		216		
487		6793		0		5177		survived		6.74916		6.74722		444		381		216		216		216		216		
488		6793		0		5177		survived		6.74916		6.74722		445		381		216		216		216		216		
489		6793		0		5177		survived		6.74916		6.74722		446		381		216		216		216		216		
490		6793		0		5177		survived		6.74916		6.74722		447		381		216		216		216		216		
491		6793		0		5177		survived		6.74916		6.74722		448		381		216		216		216		216		
492		6793		0		5177		survived		6.74916		6.74722		449		381		216		216		216		216		
493		6793		0		5177		survived		6.74916		6.74722		450		381		216		216		216		216		
494		6793		0		5177		survived		6.74916		6.74722		451		381		216		216		216		216		
495		6793		0		5177		survived		6.74916		6.74722		452		381		216		216		216		216		
496		6793		0		5177		survived		6.74916		6.74722		453		381		216		216		216		216		
497		6793		0		5177		survived		6.74916		6.74722		454		381		216		216		216		216		
498		6793		0		5177		survived		6.74916		6.74722		455		381		216		216		216		216		
499		6793		0		5177		survived		6.74916		6.74722		456		381		216		216		216		216		
500		6793		0		5177		survived		6.74916		6.74722		457		381		216		216		216		216		
501		6793		0		5177		survived		6.74916		6.74722		458		381		216		216		216		216		
502		6793		0		5177		survived		6.74916		6.74722		459		381		216		216		216		216		
503		6793		0		5177		survived		6.74916		6.74722		460		381		216		216		216		216		
504		6793		0		5177		survived		6.74916		6.74722		461		381		216		216		216		216		
505		6793		0		5177		survived		6.74916		6.74722		462		381		216		216		216		216		
506		6793		0		5177		survived		6.74916		6.74722		463		381		216		216		216		216		
507		6793		0		5177		survived		6.74916		6.74722		464		381		216		216		216		216		
508		6793		0		5177		survived		6.74916		6.74722		465		381		216		216		216		216		
509		6793		0		5177		survived		6.74916		6.74722		466		381		216		216		216		216		
510		6793		0		5177		survived		6.74916		6.74722		467		381		216		216		216		216		
511		6793		0		5177		survived		6.74916		6.74722		468		381		216		216		216		216		
512		6793		0		5177		survived		6.74916		6.74722		469		381		216		216		216		216		
513		6793		0		5177		survived		6.74916		6.74722		470		381		216		216		216		216		
514		6793		0		5177		survived		6.74916		6.74722		471		381		216		216		216		216		
515		6793		0		5177		survived		6.74916		6.74722		472		381		216		216		216		216		
516		6793		0		5177		survived		6.74916		6.74722		473		381		216		216		216		216		
517		6793		0		5177		survived		6.74916		6.74722		474		381		216		216		216		216		
518		6793		0		5177		survived		6.74916		6.74722		475		381		216		216		216		216		
519		6793		0		5177		survived		6.74916		6.74722		476		381		216		216		216		216		
520		6793		0		5177		survived		6.74916		6.74722		477		381		216		216		216		216		
521		6793		0		5177		survived		6.74916		6.74722		478		381		216		216		216		216		
522		6793		0		5177		survived		6.74916		6.74722		479		381		216		216		216		216		
523		6793		0		5177		survived		6.74916		6.74722		480		381		216		216		216		216		
524		6793		0		5177		survived		6.74916		6.74722		481		381		216		216		216		216		
525		6793		0		5177		survived		6.74916		6.74722		482		381		216		216		216		216		
526		6793		0		5177		survived		6.74916		6.74722		483		381		216		216		216		216		
527		6793		0		5177		survived		6.74916		6.74722		484		381		216		216		216		216		
528		6793		0		5177		survived		6.74916		6.74722		485		381		216		216		216		216		
529		6793		0		5177		survived		6.74916		6.74722		486		381		216		216		216		216		
530		6793		0		5177		survived		6.74916		6.74722		487		381		216		216		216		216		
531		8501		0		8364		mutate_weight(0.261119711684)		6.75703		6.73933		417		417		145		143		145		143		
532		8501		0		8364		survived		6.75703		6.73933		418		417		145		143		145		143		
533		8501		0		8364		survived		6.75703		6.73933		419		417		145		143		145		143		
534		8501		0		8364		survived		6.75703		6.73933		420		417		145		143		145		143		
535		8501		0		8364		survived		6.75703		6.73933		421		417		145		143		145		143		
536		8501		0		8364		survived		6.75703		6.73933		422		417		145		143		145		143		
537		8501		0		8364		survived		6.75703		6.73933		423		417		145		143		145		143		
538		8501		0		8364		survived		6.75703		6.73933		424		417		145		143		145		143		
539		8501		0		8364		survived		6.75703		6.73933		425		417		145		143		145		143		
540		8501		0		8364		survived		6.75703		6.73933		426		417		145		143		145		143		
541		8662		0		8566		mutate_function(neg_square-to-absolute)		6.90018		6.73933		427		427		143		143		143		143		
542		8662		0		8566		survived		6.90018		6.73933		428		427		143		143		143		143		
543		8662		0		8566		survived		6.90018		6.73933		429		427		143		143		143		143		
544		8662		0		8566		survived		6.90018		6.73933		430		427		143		143		143		143		
545		8662		0		8566		survived		6.90018		6.73933		431		427		143		143		143		143		
546		8662		0		8566		survived		6.90018		6.73933		432		427		143		143		143		143		
547		8662		0		8566		survived		6.90018		6.73933		433		427		143		143		143		143		
548		8662		0		8566		survived		6.90018		6.73933		434		427		143		143		143		143		
549		8662		0		8566		survived		6.90018		6.73933		435		427		143		143		143		143		
550		8662		0		8566		survived		6.90018		6.73933		436		427		143		143		143		143		
551		8662		0		8566		survived		6.90018		6.73933		437		427		143		143		143		143		
552		8662		0		8566		survived		6.90018		6.73933		438		427		143		143		143		143		
553		8662		0		8566		survived		6.90018		6.73933		439		427		143		143		143		143		
554		8662		0		8566		survived		6.90018		6.73933		440		427		143		143		143		143		
555		8881		0		8874		add_node		6.97105		6.7962		441		441		142		140		142		140		
556		8881		0		8874		survived		6.97105		6.7962		442		441		142		140		142		140		
557		8881		0		8874		survived		6.97105		6.7962		443		441		142		140		142		140		
558		8881		0		8874		survived		6.97105		6.7962		444		441		142		140		142		140		
559		8881		0		8874		survived		6.97105		6.7962		445		441		142		140		142		140		
560		8881		0		8874		survived		6.97105		6.7962		446		441		142		140		142		140		
561		8881		0		8874		survived		6.97105		6.7962		447		441		142		140		142		140		
562		8881		0		8874		survived		6.97105		6.7962		448		441		142		140		142		140		
563		8881		0		8874		survived		6.97105		6.7962		449		441		142		140		142		140		
564		8881		0		8874		survived		6.97105		6.7962		450		441		142		140		142		140		
565		8881		0		8874		survived		6.97105		6.7962		451		441		142		140		142		140		
566		9062		0		8991		add_link		6.97105		6.85627		452		452		141		141		141		141		
567		9062		0		8991		survived		6.97105		6.85627		453		452		141		141		141		141		
568		9062		0		8991		survived		6.97105		6.85627		454		452		141		141		141		141		
569		9062		0		8991		survived		6.97105		6.85627		455		452		141		141		141		141		
570		9062		0		8991		survived		6.97105		6.85627		456		452		141		141		141		141		
571		9062		0		8991		survived		6.97105		6.85627		457		452		141		141		141		141		
572		9062		0		8991		survived		6.97105		6.85627		458		452		141		141		141		141		
573		9062		0		8991		survived		6.97105		6.85627		459		452		141		141		141		141		
574		9062		0		8991		survived		6.97105		6.85627		460		452		141		141		141		141		
575		9062		0		8991		survived		6.97105		6.85627		461		452		141		141		141		141		
576		9062		0		8991		survived		6.97105		6.85627		462		452		141		141		141		141		
577		9062		0		8991		survived		6.97105		6.85627		463		452		141		141		141		141		
578		9062		0		8991		survived		6.97105		6.85627		464		452		141		141		141		141		
579		9062		0		8991		survived		6.97105		6.85627		465		452		141		141		141		141		
580		9288		0		9062		remove_link		6.97872		6.97105		466		466		142		141		142		141		
581		9288		0		9062		survived		6.97872		6.97105		467		466		142		141		142		141		
582		9288		0		9062		survived		6.97872		6.97105		468		466		142		141		142		141		
583		9288		0		9062		survived		6.97872		6.97105		469		466		142		141		142		141		
584		9288		0		9062		survived		6.97872		6.97105		470		466		142		141		142		141		
585		9288		0		9062		survived		6.97872		6.97105		471		466		142		141		142		141		
586		9288		0		9062		survived		6.97872		6.97105		472		466		142		141		142		141		
587		9288		0		9062		survived		6.97872		6.97105		473		466		142		141		142		141		
588		9288		0		9062		survived		6.97872		6.97105		474		466		142		141		142		141		
589		9431		0		9062		add_link		7.06054		6.97105		475		475		143		141		143		141		
590		9431		0		9062		survived		7.06054		6.97105		476		475		143		141		143		141		
591		9431		0		9062		survived		7.06054		6.97105		477		475		143		141		143		141		
592		9431		0		9062		survived		7.06054		6.97105		478		475		143		141		143		141		
593		9431		0		9062		survived		7.06054		6.97105		479		475		143		141		143		141		
594		9431		0		9062		survived		7.06054		6.97105		480		475		143		141		143		141		
595		9431		0		9062		survived		7.06054		6.97105		481		475		143		141		143		141		
596		9431		0		9062		survived		7.06054		6.97105		482		475		143		141		143		141		
597		9431		0		9062		survived		7.06054		6.97105		483		475		143		141		143		141		
598		9431		0		9062		survived		7.06054		6.97105		484		475		143		141		143		141		
599		9431		0		9062		survived		7.06054		6.97105		485		475		143		141		143		141		
600		9431		0		9062		survived		7.06054		6.97105		486		475		143		141		143		141		
601		9431		0		9062		survived		7.06054		6.97105		487		475		143		141		143		141		
602		9431		0		9062		survived		7.06054		6.97105		488		475		143		141		143		141		
603		9431		0		9062		survived		7.06054		6.97105		489		475		143		141		143		141		
604		9431		0		9062		survived		7.06054		6.97105		490		475		143		141		143		141		
605		9692		0		9431		add_link		7.0652		7.06054		491		491		143		143		143		143		
606		9692		0		9431		survived		7.0652		7.06054		492		491		143		143		143		143		
607		9692		0		9431		survived		7.0652		7.06054		493		491		143		143		143		143		
608		9692		0		9431		survived		7.0652		7.06054		494		491		143		143		143		143		
609		9692		0		9431		survived		7.0652		7.06054		495		491		143		143		143		143		
610		9692		0		9431		survived		7.0652		7.06054		496		491		143		143		143		143		
611		9692		0		9431		survived		7.0652		7.06054		497		491		143		143		143		143		
612		9692		0		9431		survived		7.0652		7.06054		498		491		143		143		143		143		
613		9692		0		9431		survived		7.0652		7.06054		499		491		143		143		143		143		
614		9692		0		9431		survived		7.0652		7.06054		500		491		143		143		143		143		
615		9692		0		9431		survived		7.0652		7.06054		501		491		143		143		143		143		
616		9692		0		9431		survived		7.0652		7.06054		502		491		143		143		143		143		
617		9692		0		9431		survived		7.0652		7.06054		503		491		143		143		143		143		
618		9692		0		9431		survived		7.0652		7.06054		504		491		143		143		143		143		
619		9692		0		9431		survived		7.0652		7.06054		505		491		143		143		143		143		
620		9925		0		9851		mutate_weight(0.177210267933)		7.1565		6.97182		506		506		142		141		142		141		
621		9925		0		9851		survived		7.1565		6.97182		507		506		142		141		142		141		
622		9925		0		9851		survived		7.1565		6.97182		508		506		142		141		142		141		
623		9925		0		9851		survived		7.1565		6.97182		509		506		142		141		142		141		
624		9925		0		9851		survived		7.1565		6.97182		510		506		142		141		142		141		
625		9925		0		9851		survived		7.1565		6.97182		511		506		142		141		142		141		
626		9925		0		9851		survived		7.1565		6.97182		512		506		142		141		142		141		
627		9925		0		9851		survived		7.1565		6.97182		513		506		142		141		142		141		
628		9925		0		9851		survived		7.1565		6.97182		514		506		142		141		142		141		
629		9925		0		9851		survived		7.1565		6.97182		515		506		142		141		142		141		
630		9925		0		9851		survived		7.1565		6.97182		516		506		142		141		142		141		
631		9925		0		9851		survived		7.1565		6.97182		517		506		142		141		142		141		
632		10118		0		9925		add_link		7.2301		7.1565		518		518		142		142		142		142		
633		10118		0		9925		survived		7.2301		7.1565		519		518		142		142		142		142		
634		10118		0		9925		survived		7.2301		7.1565		520		518		142		142		142		142		
635		10118		0		9925		survived		7.2301		7.1565		521		518		142		142		142		142		
636		10118		0		9925		survived		7.2301		7.1565		522		518		142		142		142		142		
637		10118		0		9925		survived		7.2301		7.1565		523		518		142		142		142		142		
638		10118		0		9925		survived		7.2301		7.1565		524		518		142		142		142		142		
639		10118		0		9925		survived		7.2301		7.1565		525		518		142		142		142		142		
640		10118		0		9925		survived		7.2301		7.1565		526		518		142		142		142		142		
641		10118		0		9925		survived		7.2301		7.1565		527		518		142		142		142		142		
642		10118		0		9925		survived		7.2301		7.1565		528		518		142		142		142		142		
643		10118		0		9925		survived		7.2301		7.1565		529		518		142		142		142		142		
644		10118		0		9925		survived		7.2301		7.1565		530		518		142		142		142		142		
645		10118		0		9925		survived		7.2301		7.1565		531		518		142		142		142		142		
646		10118		0		9925		survived		7.2301		7.1565		532		518		142		142		142		142		
647		10118		0		9925		survived		7.2301		7.1565		533		518		142		142		142		142		
648		10118		0		9925		survived		7.2301		7.1565		534		518		142		142		142		142		
649		10118		0		9925		survived		7.2301		7.1565		535		518		142		142		142		142		
650		10118		0		9925		survived		7.2301		7.1565		536		518		142		142		142		142		
651		10118		0		9925		survived		7.2301		7.1565		537		518		142		142		142		142		
652		10118		0		9925		survived		7.2301		7.1565		538		518		142		142		142		142		
653		10118		0		9925		survived		7.2301		7.1565		539		518		142		142		142		142		
654		10118		0		9925		survived		7.2301		7.1565		540		518		142		142		142		142		
655		10118		0		9925		survived		7.2301		7.1565		541		518		142		142		142		142		
656		10118		0		9925		survived		7.2301		7.1565		542		518		142		142		142		142		
657		10118		0		9925		survived		7.2301		7.1565		543		518		142		142		142		142		
658		10118		0		9925		survived		7.2301		7.1565		544		518		142		142		142		142		
659		10118		0		9925		survived		7.2301		7.1565		545		518		142		142		142		142		
660		10118		0		9925		survived		7.2301		7.1565		546		518		142		142		142		142		
661		10118		0		9925		survived		7.2301		7.1565		547		518		142		142		142		142		
662		10118		0		9925		survived		7.2301		7.1565		548		518		142		142		142		142		
663		10118		0		9925		survived		7.2301		7.1565		549		518		142		142		142		142		
664		10118		0		9925		survived		7.2301		7.1565		550		518		142		142		142		142		
665		10118		0		9925		survived		7.2301		7.1565		551		518		142		142		142		142		
666		10118		0		9925		survived		7.2301		7.1565		552		518		142		142		142		142		
667		10118		0		9925		survived		7.2301		7.1565		553		518		142		142		142		142		
668		10118		0		9925		survived		7.2301		7.1565		554		518		142		142		142		142		
669		10118		0		9925		survived		7.2301		7.1565		555		518		142		142		142		142		
670		10118		0		9925		survived		7.2301		7.1565		556		518		142		142		142		142		
671		10118		0		9925		survived		7.2301		7.1565		557		518		142		142		142		142		
672		10118		0		9925		survived		7.2301		7.1565		558		518		142		142		142		142		
673		10118		0		9925		survived		7.2301		7.1565		559		518		142		142		142		142		
674		10118		0		9925		survived		7.2301		7.1565		560		518		142		142		142		142		
675		10118		0		9925		survived		7.2301		7.1565		561		518		142		142		142		142		
676		10118		0		9925		survived		7.2301		7.1565		562		518		142		142		142		142		
677		10118		0		9925		survived		7.2301		7.1565		563		518		142		142		142		142		
678		10118		0		9925		survived		7.2301		7.1565		564		518		142		142		142		142		
679		10118		0		9925		survived		7.2301		7.1565		565		518		142		142		142		142		
680		10118		0		9925		survived		7.2301		7.1565		566		518		142		142		142		142		
681		10118		0		9925		survived		7.2301		7.1565		567		518		142		142		142		142		
682		10118		0		9925		survived		7.2301		7.1565		568		518		142		142		142		142		
683		10118		0		9925		survived		7.2301		7.1565		569		518		142		142		142		142		
684		10118		0		9925		survived		7.2301		7.1565		570		518		142		142		142		142		
685		10118		0		9925		survived		7.2301		7.1565		571		518		142		142		142		142		
686		10118		0		9925		survived		7.2301		7.1565		572		518		142		142		142		142		
687		11004		0		10970		add_link		7.29473		7.19124		573		573		141		140		141		140		
688		11004		0		10970		survived		7.29473		7.19124		574		573		141		140		141		140		
689		11004		0		10970		survived		7.29473		7.19124		575		573		141		140		141		140		
690		11004		0		10970		survived		7.29473		7.19124		576		573		141		140		141		140		
691		11004		0		10970		survived		7.29473		7.19124		577		573		141		140		141		140		
692		11004		0		10970		survived		7.29473		7.19124		578		573		141		140		141		140		
693		11004		0		10970		survived		7.29473		7.19124		579		573		141		140		141		140		
694		11004		0		10970		survived		7.29473		7.19124		580		573		141		140		141		140		
695		11004		0		10970		survived		7.29473		7.19124		581		573		141		140		141		140		
696		11004		0		10970		survived		7.29473		7.19124		582		573		141		140		141		140		
697		11004		0		10970		survived		7.29473		7.19124		583		573		141		140		141		140		
698		11176		0		10970		mutate_weight(-0.188912037394)		7.29473		7.19124		584		584		140		140		140		140		
699		11176		0		10970		survived		7.29473		7.19124		585		584		140		140		140		140		
700		11176		0		10970		survived		7.29473		7.19124		586		584		140		140		140		140		
701		11176		0		10970		survived		7.29473		7.19124		587		584		140		140		140		140		
702		11176		0		10970		survived		7.29473		7.19124		588		584		140		140		140		140		
703		11176		0		10970		survived		7.29473		7.19124		589		584		140		140		140		140		
704		11176		0		10970		survived		7.29473		7.19124		590		584		140		140		140		140		
705		11176		0		10970		survived		7.29473		7.19124		591		584		140		140		140		140		
706		11176		0		10970		survived		7.29473		7.19124		592		584		140		140		140		140		
707		11176		0		10970		survived		7.29473		7.19124		593		584		140		140		140		140		
708		11176		0		10970		survived		7.29473		7.19124		594		584		140		140		140		140		
709		11176		0		10970		survived		7.29473		7.19124		595		584		140		140		140		140		
710		11176		0		10970		survived		7.29473		7.19124		596		584		140		140		140		140		
711		11176		0		10970		survived		7.29473		7.19124		597		584		140		140		140		140		
712		11176		0		10970		survived		7.29473		7.19124		598		584		140		140		140		140		
713		11176		0		10970		survived		7.29473		7.19124		599		584		140		140		140		140		
714		11176		0		10970		survived		7.29473		7.19124		600		584		140		140		140		140		
715		11176		0		10970		survived		7.29473		7.19124		601		584		140		140		140		140		
716		11176		0		10970		survived		7.29473		7.19124		602		584		140		140		140		140		
717		11176		0		10970		survived		7.29473		7.19124		603		584		140		140		140		140		
718		11176		0		10970		survived		7.29473		7.19124		604		584		140		140		140		140		
719		11176		0		10970		survived		7.29473		7.19124		605		584		140		140		140		140		
720		11176		0		10970		survived		7.29473		7.19124		606		584		140		140		140		140		
721		11176		0		10970		survived		7.29473		7.19124		607		584		140		140		140		140		
722		11176		0		10970		survived		7.29473		7.19124		608		584		140		140		140		140		
723		11176		0		10970		survived		7.29473		7.19124		609		584		140		140		140		140		
724		11176		0		10970		survived		7.29473		7.19124		610		584		140		140		140		140		
725		11176		0		10970		survived		7.29473		7.19124		611		584		140		140		140		140		
726		11176		0		10970		survived		7.29473		7.19124		612		584		140		140		140		140		
727		11176		0		10970		survived		7.29473		7.19124		613		584		140		140		140		140		
728		11176		0		10970		survived		7.29473		7.19124		614		584		140		140		140		140		
729		11176		0		10970		survived		7.29473		7.19124		615		584		140		140		140		140		
730		11176		0		10970		survived		7.29473		7.19124		616		584		140		140		140		140		
731		11176		0		10970		survived		7.29473		7.19124		617		584		140		140		140		140		
732		11176		0		10970		survived		7.29473		7.19124		618		584		140		140		140		140		
733		11176		0		10970		survived		7.29473		7.19124		619		584		140		140		140		140		
734		11176		0		10970		survived		7.29473		7.19124		620		584		140		140		140		140		
735		11176		0		10970		survived		7.29473		7.19124		621		584		140		140		140		140		
736		11176		0		10970		survived		7.29473		7.19124		622		584		140		140		140		140		
737		11176		0		10970		survived		7.29473		7.19124		623		584		140		140		140		140		
738		11176		0		10970		survived		7.29473		7.19124		624		584		140		140		140		140		
739		11176		0		10970		survived		7.29473		7.19124		625		584		140		140		140		140		
740		11176		0		10970		survived		7.29473		7.19124		626		584		140		140		140		140		
741		11176		0		10970		survived		7.29473		7.19124		627		584		140		140		140		140		
742		11176		0		10970		survived		7.29473		7.19124		628		584		140		140		140		140		
743		11176		0		10970		survived		7.29473		7.19124		629		584		140		140		140		140		
744		11176		0		10970		survived		7.29473		7.19124		630		584		140		140		140		140		
745		11931		0		11176		add_link		7.35248		7.29473		631		631		142		140		142		140		
746		11931		0		11176		survived		7.35248		7.29473		632		631		142		140		142		140		
747		11931		0		11176		survived		7.35248		7.29473		633		631		142		140		142		140		
748		11931		0		11176		survived		7.35248		7.29473		634		631		142		140		142		140		
749		11931		0		11176		survived		7.35248		7.29473		635		631		142		140		142		140		
750		12011		0		11176		add_link		7.35248		7.29473		636		636		140		140		140		140		
751		12011		0		11176		survived		7.35248		7.29473		637		636		140		140		140		140		
752		12011		0		11176		survived		7.35248		7.29473		638		636		140		140		140		140		
753		12011		0		11176		survived		7.35248		7.29473		639		636		140		140		140		140		
754		12011		0		11176		survived		7.35248		7.29473		640		636		140		140		140		140		
755		12011		0		11176		survived		7.35248		7.29473		641		636		140		140		140		140		
756		12011		0		11176		survived		7.35248		7.29473		642		636		140		140		140		140		
757		12011		0		11176		survived		7.35248		7.29473		643		636		140		140		140		140		
758		12011		0		11176		survived		7.35248		7.29473		644		636		140		140		140		140		
759		12011		0		11176		survived		7.35248		7.29473		645		636		140		140		140		140		
760		12011		0		11176		survived		7.35248		7.29473		646		636		140		140		140		140		
761		12011		0		11176		survived		7.35248		7.29473		647		636		140		140		140		140		
762		12011		0		11176		survived		7.35248		7.29473		648		636		140		140		140		140		
763		12011		0		11176		survived		7.35248		7.29473		649		636		140		140		140		140		
764		12011		0		11176		survived		7.35248		7.29473		650		636		140		140		140		140		
765		12011		0		11176		survived		7.35248		7.29473		651		636		140		140		140		140		
766		12011		0		11176		survived		7.35248		7.29473		652		636		140		140		140		140		
767		12011		0		11176		survived		7.35248		7.29473		653		636		140		140		140		140		
768		12011		0		11176		survived		7.35248		7.29473		654		636		140		140		140		140		
769		12011		0		11176		survived		7.35248		7.29473		655		636		140		140		140		140		
770		12011		0		11176		survived		7.35248		7.29473		656		636		140		140		140		140		
771		12011		0		11176		survived		7.35248		7.29473		657		636		140		140		140		140		
772		12011		0		11176		survived		7.35248		7.29473		658		636		140		140		140		140		
773		12011		0		11176		survived		7.35248		7.29473		659		636		140		140		140		140		
774		12011		0		11176		survived		7.35248		7.29473		660		636		140		140		140		140		
775		12011		0		11176		survived		7.35248		7.29473		661		636		140		140		140		140		
776		12011		0		11176		survived		7.35248		7.29473		662		636		140		140		140		140		
777		12011		0		11176		survived		7.35248		7.29473		663		636		140		140		140		140		
778		12011		0		11176		survived		7.35248		7.29473		664		636		140		140		140		140		
779		12011		0		11176		survived		7.35248		7.29473		665		636		140		140		140		140		
780		12011		0		11176		survived		7.35248		7.29473		666		636		140		140		140		140		
781		12011		0		11176		survived		7.35248		7.29473		667		636		140		140		140		140		
782		12011		0		11176		survived		7.35248		7.29473		668		636		140		140		140		140		
783		12011		0		11176		survived		7.35248		7.29473		669		636		140		140		140		140		
784		12011		0		11176		survived		7.35248		7.29473		670		636		140		140		140		140		
785		12011		0		11176		survived		7.35248		7.29473		671		636		140		140		140		140		
786		12011		0		11176		survived		7.35248		7.29473		672		636		140		140		140		140		
787		12011		0		11176		survived		7.35248		7.29473		673		636		140		140		140		140		
788		12011		0		11176		survived		7.35248		7.29473		674		636		140		140		140		140		
789		12011		0		11176		survived		7.35248		7.29473		675		636		140		140		140		140		
790		12011		0		11176		survived		7.35248		7.29473		676		636		140		140		140		140		
791		12011		0		11176		survived		7.35248		7.29473		677		636		140		140		140		140		
792		12011		0		11176		survived		7.35248		7.29473		678		636		140		140		140		140		
793		12011		0		11176		survived		7.35248		7.29473		679		636		140		140		140		140		
794		12011		0		11176		survived		7.35248		7.29473		680		636		140		140		140		140		
795		12011		0		11176		survived		7.35248		7.29473		681		636		140		140		140		140		
796		12011		0		11176		survived		7.35248		7.29473		682		636		140		140		140		140		
797		12011		0		11176		survived		7.35248		7.29473		683		636		140		140		140		140		
798		12011		0		11176		survived		7.35248		7.29473		684		636		140		140		140		140		
799		12011		0		11176		survived		7.35248		7.29473		685		636		140		140		140		140		
800		12011		0		11176		survived		7.35248		7.29473		686		636		140		140		140		140		
801		12011		0		11176		survived		7.35248		7.29473		687		636		140		140		140		140		
802		12011		0		11176		survived		7.35248		7.29473		688		636		140		140		140		140		
803		12011		0		11176		survived		7.35248		7.29473		689		636		140		140		140		140		
804		12011		0		11176		survived		7.35248		7.29473		690		636		140		140		140		140		
805		12011		0		11176		survived		7.35248		7.29473		691		636		140		140		140		140		
806		12011		0		11176		survived		7.35248		7.29473		692		636		140		140		140		140		
807		12011		0		11176		survived		7.35248		7.29473		693		636		140		140		140		140		
808		12011		0		11176		survived		7.35248		7.29473		694		636		140		140		140		140		
809		12011		0		11176		survived		7.35248		7.29473		695		636		140		140		140		140		
810		12011		0		11176		survived		7.35248		7.29473		696		636		140		140		140		140		
811		12011		0		11176		survived		7.35248		7.29473		697		636		140		140		140		140		
812		12011		0		11176		survived		7.35248		7.29473		698		636		140		140		140		140		
813		12011		0		11176		survived		7.35248		7.29473		699		636		140		140		140		140		
814		12011		0		11176		survived		7.35248		7.29473		700		636		140		140		140		140		
815		12011		0		11176		survived		7.35248		7.29473		701		636		140		140		140		140		
816		12011		0		11176		survived		7.35248		7.29473		702		636		140		140		140		140		
817		12011		0		11176		survived		7.35248		7.29473		703		636		140		140		140		140		
818		12011		0		11176		survived		7.35248		7.29473		704		636		140		140		140		140		
819		12011		0		11176		survived		7.35248		7.29473		705		636		140		140		140		140		
820		12011		0		11176		survived		7.35248		7.29473		706		636		140		140		140		140		
821		12011		0		11176		survived		7.35248		7.29473		707		636		140		140		140		140		
822		12011		0		11176		survived		7.35248		7.29473		708		636		140		140		140		140		
823		12011		0		11176		survived		7.35248		7.29473		709		636		140		140		140		140		
824		12011		0		11176		survived		7.35248		7.29473		710		636		140		140		140		140		
825		12011		0		11176		survived		7.35248		7.29473		711		636		140		140		140		140		
826		12011		0		11176		survived		7.35248		7.29473		712		636		140		140		140		140		
827		12011		0		11176		survived		7.35248		7.29473		713		636		140		140		140		140		
828		12011		0		11176		survived		7.35248		7.29473		714		636		140		140		140		140		
829		12011		0		11176		survived		7.35248		7.29473		715		636		140		140		140		140		
830		12011		0		11176		survived		7.35248		7.29473		716		636		140		140		140		140		
831		12011		0		11176		survived		7.35248		7.29473		717		636		140		140		140		140		
832		12011		0		11176		survived		7.35248		7.29473		718		636		140		140		140		140		
833		12011		0		11176		survived		7.35248		7.29473		719		636		140		140		140		140		
834		12011		0		11176		survived		7.35248		7.29473		720		636		140		140		140		140		
835		12011		0		11176		survived		7.35248		7.29473		721		636		140		140		140		140		
836		12011		0		11176		survived		7.35248		7.29473		722		636		140		140		140		140		
837		12011		0		11176		survived		7.35248		7.29473		723		636		140		140		140		140		
838		12011		0		11176		survived		7.35248		7.29473		724		636		140		140		140		140		
839		12011		0		11176		survived		7.35248		7.29473		725		636		140		140		140		140		
840		12011		0		11176		survived		7.35248		7.29473		726		636		140		140		140		140		
841		12011		0		11176		survived		7.35248		7.29473		727		636		140		140		140		140		
842		12011		0		11176		survived		7.35248		7.29473		728		636		140		140		140		140		
843		12011		0		11176		survived		7.35248		7.29473		729		636		140		140		140		140		
844		12011		0		11176		survived		7.35248		7.29473		730		636		140		140		140		140		
845		12011		0		11176		survived		7.35248		7.29473		731		636		140		140		140		140		
846		12011		0		11176		survived		7.35248		7.29473		732		636		140		140		140		140		
847		12011		0		11176		survived		7.35248		7.29473		733		636		140		140		140		140		
848		12011		0		11176		survived		7.35248		7.29473		734		636		140		140		140		140		
849		12011		0		11176		survived		7.35248		7.29473		735		636		140		140		140		140		
850		12011		0		11176		survived		7.35248		7.29473		736		636		140		140		140		140		
851		12011		0		11176		survived		7.35248		7.29473		737		636		140		140		140		140		
852		12011		0		11176		survived		7.35248		7.29473		738		636		140		140		140		140		
853		12011		0		11176		survived		7.35248		7.29473		739		636		140		140		140		140		
854		12011		0		11176		survived		7.35248		7.29473		740		636		140		140		140		140		
855		12011		0		11176		survived		7.35248		7.29473		741		636		140		140		140		140		
856		12011		0		11176		survived		7.35248		7.29473		742		636		140		140		140		140		
857		12011		0		11176		survived		7.35248		7.29473		743		636		140		140		140		140		
858		12011		0		11176		survived		7.35248		7.29473		744		636		140		140		140		140		
859		12011		0		11176		survived		7.35248		7.29473		745		636		140		140		140		140		
860		12011		0		11176		survived		7.35248		7.29473		746		636		140		140		140		140		
861		12011		0		11176		survived		7.35248		7.29473		747		636		140		140		140		140		
862		12011		0		11176		survived		7.35248		7.29473		748		636		140		140		140		140		
863		12011		0		11176		survived		7.35248		7.29473		749		636		140		140		140		140		
864		12011		0		11176		survived		7.35248		7.29473		750		636		140		140		140		140		
865		12011		0		11176		survived		7.35248		7.29473		751		636		140		140		140		140		
866		12011		0		11176		survived		7.35248		7.29473		752		636		140		140		140		140		
867		12011		0		11176		survived		7.35248		7.29473		753		636		140		140		140		140		
868		12011		0		11176		survived		7.35248		7.29473		754		636		140		140		140		140		
869		12011		0		11176		survived		7.35248		7.29473		755		636		140		140		140		140		
870		12011		0		11176		survived		7.35248		7.29473		756		636		140		140		140		140		
871		12011		0		11176		survived		7.35248		7.29473		757		636		140		140		140		140		
872		12011		0		11176		survived		7.35248		7.29473		758		636		140		140		140		140		
873		12011		0		11176		survived		7.35248		7.29473		759		636		140		140		140		140		
874		12011		0		11176		survived		7.35248		7.29473		760		636		140		140		140		140		
875		12011		0		11176		survived		7.35248		7.29473		761		636		140		140		140		140		
876		12011		0		11176		survived		7.35248		7.29473		762		636		140		140		140		140		
877		12011		0		11176		survived		7.35248		7.29473		763		636		140		140		140		140		
878		12011		0		11176		survived		7.35248		7.29473		764		636		140		140		140		140		
879		12011		0		11176		survived		7.35248		7.29473		765		636		140		140		140		140		
880		12011		0		11176		survived		7.35248		7.29473		766		636		140		140		140		140		
881		12011		0		11176		survived		7.35248		7.29473		767		636		140		140		140		140		
882		12011		0		11176		survived		7.35248		7.29473		768		636		140		140		140		140		
883		12011		0		11176		survived		7.35248		7.29473		769		636		140		140		140		140		
884		12011		0		11176		survived		7.35248		7.29473		770		636		140		140		140		140		
885		12011		0		11176		survived		7.35248		7.29473		771		636		140		140		140		140		
886		12011		0		11176		survived		7.35248		7.29473		772		636		140		140		140		140		
887		12011		0		11176		survived		7.35248		7.29473		773		636		140		140		140		140		
888		12011		0		11176		survived		7.35248		7.29473		774		636		140		140		140		140		
889		12011		0		11176		survived		7.35248		7.29473		775		636		140		140		140		140		
890		12011		0		11176		survived		7.35248		7.29473		776		636		140		140		140		140		
891		12011		0		11176		survived		7.35248		7.29473		777		636		140		140		140		140		
892		12011		0		11176		survived		7.35248		7.29473		778		636		140		140		140		140		
893		12011		0		11176		survived		7.35248		7.29473		779		636		140		140		140		140		
894		12011		0		11176		survived		7.35248		7.29473		780		636		140		140		140		140		
895		12011		0		11176		survived		7.35248		7.29473		781		636		140		140		140		140		
896		12011		0		11176		survived		7.35248		7.29473		782		636		140		140		140		140		
897		12011		0		11176		survived		7.35248		7.29473		783		636		140		140		140		140		
898		12011		0		11176		survived		7.35248		7.29473		784		636		140		140		140		140		
899		12011		0		11176		survived		7.35248		7.29473		785		636		140		140		140		140		
900		12011		0		11176		survived		7.35248		7.29473		786		636		140		140		140		140		
901		12011		0		11176		survived		7.35248		7.29473		787		636		140		140		140		140		
902		12011		0		11176		survived		7.35248		7.29473		788		636		140		140		140		140		
903		12011		0		11176		survived		7.35248		7.29473		789		636		140		140		140		140		
904		12011		0		11176		survived		7.35248		7.29473		790		636		140		140		140		140		
905		12011		0		11176		survived		7.35248		7.29473		791		636		140		140		140		140		
906		12011		0		11176		survived		7.35248		7.29473		792		636		140		140		140		140		
907		12011		0		11176		survived		7.35248		7.29473		793		636		140		140		140		140		
908		12011		0		11176		survived		7.35248		7.29473		794		636		140		140		140		140		
909		12011		0		11176		survived		7.35248		7.29473		795		636		140		140		140		140		
910		12011		0		11176		survived		7.35248		7.29473		796		636		140		140		140		140		
911		12011		0		11176		survived		7.35248		7.29473		797		636		140		140		140		140		
912		12011		0		11176		survived		7.35248		7.29473		798		636		140		140		140		140		
913		12011		0		11176		survived		7.35248		7.29473		799		636		140		140		140		140		
914		12011		0		11176		survived		7.35248		7.29473		800		636		140		140		140		140		
915		12011		0		11176		survived		7.35248		7.29473		801		636		140		140		140		140		
916		12011		0		11176		survived		7.35248		7.29473		802		636		140		140		140		140		
917		12011		0		11176		survived		7.35248		7.29473		803		636		140		140		140		140		
918		12011		0		11176		survived		7.35248		7.29473		804		636		140		140		140		140		
919		12011		0		11176		survived		7.35248		7.29473		805		636		140		140		140		140		
920		12011		0		11176		survived		7.35248		7.29473		806		636		140		140		140		140		
921		12011		0		11176		survived		7.35248		7.29473		807		636		140		140		140		140		
922		12011		0		11176		survived		7.35248		7.29473		808		636		140		140		140		140		
923		12011		0		11176		survived		7.35248		7.29473		809		636		140		140		140		140		
924		12011		0		11176		survived		7.35248		7.29473		810		636		140		140		140		140		
925		12011		0		11176		survived		7.35248		7.29473		811		636		140		140		140		140		
926		12011		0		11176		survived		7.35248		7.29473		812		636		140		140		140		140		
927		12011		0		11176		survived		7.35248		7.29473		813		636		140		140		140		140		
928		12011		0		11176		survived		7.35248		7.29473		814		636		140		140		140		140		
929		12011		0		11176		survived		7.35248		7.29473		815		636		140		140		140		140		
930		12011		0		11176		survived		7.35248		7.29473		816		636		140		140		140		140		
931		12011		0		11176		survived		7.35248		7.29473		817		636		140		140		140		140		
932		12011		0		11176		survived		7.35248		7.29473		818		636		140		140		140		140		
933		12011		0		11176		survived		7.35248		7.29473		819		636		140		140		140		140		
934		12011		0		11176		survived		7.35248		7.29473		820		636		140		140		140		140		
935		12011		0		11176		survived		7.35248		7.29473		821		636		140		140		140		140		
936		12011		0		11176		survived		7.35248		7.29473		822		636		140		140		140		140		
937		12011		0		11176		survived		7.35248		7.29473		823		636		140		140		140		140		
938		12011		0		11176		survived		7.35248		7.29473		824		636		140		140		140		140		
939		12011		0		11176		survived		7.35248		7.29473		825		636		140		140		140		140		
940		12011		0		11176		survived		7.35248		7.29473		826		636		140		140		140		140		
941		12011		0		11176		survived		7.35248		7.29473		827		636		140		140		140		140		
942		12011		0		11176		survived		7.35248		7.29473		828		636		140		140		140		140		
943		12011		0		11176		survived		7.35248		7.29473		829		636		140		140		140		140		
944		12011		0		11176		survived		7.35248		7.29473		830		636		140		140		140		140		
945		12011		0		11176		survived		7.35248		7.29473		831		636		140		140		140		140		
946		12011		0		11176		survived		7.35248		7.29473		832		636		140		140		140		140		
947		12011		0		11176		survived		7.35248		7.29473		833		636		140		140		140		140		
948		12011		0		11176		survived		7.35248		7.29473		834		636		140		140		140		140		
949		12011		0		11176		survived		7.35248		7.29473		835		636		140		140		140		140		
950		12011		0		11176		survived		7.35248		7.29473		836		636		140		140		140		140		
951		12011		0		11176		survived		7.35248		7.29473		837		636		140		140		140		140		
952		12011		0		11176		survived		7.35248		7.29473		838		636		140		140		140		140		
953		12011		0		11176		survived		7.35248		7.29473		839		636		140		140		140		140		
954		12011		0		11176		survived		7.35248		7.29473		840		636		140		140		140		140		
955		12011		0		11176		survived		7.35248		7.29473		841		636		140		140		140		140		
956		12011		0		11176		survived		7.35248		7.29473		842		636		140		140		140		140		
957		12011		0		11176		survived		7.35248		7.29473		843		636		140		140		140		140		
958		12011		0		11176		survived		7.35248		7.29473		844		636		140		140		140		140		
959		12011		0		11176		survived		7.35248		7.29473		845		636		140		140		140		140		
960		12011		0		11176		survived		7.35248		7.29473		846		636		140		140		140		140		
961		12011		0		11176		survived		7.35248		7.29473		847		636		140		140		140		140		
962		12011		0		11176		survived		7.35248		7.29473		848		636		140		140		140		140		
963		12011		0		11176		survived		7.35248		7.29473		849		636		140		140		140		140		
964		12011		0		11176		survived		7.35248		7.29473		850		636		140		140		140		140		
965		12011		0		11176		survived		7.35248		7.29473		851		636		140		140		140		140		
966		12011		0		11176		survived		7.35248		7.29473		852		636		140		140		140		140		
967		12011		0		11176		survived		7.35248		7.29473		853		636		140		140		140		140		
968		12011		0		11176		survived		7.35248		7.29473		854		636		140		140		140		140		
969		12011		0		11176		survived		7.35248		7.29473		855		636		140		140		140		140		
970		12011		0		11176		survived		7.35248		7.29473		856		636		140		140		140		140		
971		12011		0		11176		survived		7.35248		7.29473		857		636		140		140		140		140		
972		12011		0		11176		survived		7.35248		7.29473		858		636		140		140		140		140		
973		12011		0		11176		survived		7.35248		7.29473		859		636		140		140		140		140		
974		12011		0		11176		survived		7.35248		7.29473		860		636		140		140		140		140		
975		12011		0		11176		survived		7.35248		7.29473		861		636		140		140		140		140		
976		12011		0		11176		survived		7.35248		7.29473		862		636		140		140		140		140		
977		12011		0		11176		survived		7.35248		7.29473		863		636		140		140		140		140		
978		12011		0		11176		survived		7.35248		7.29473		864		636		140		140		140		140		
979		12011		0		11176		survived		7.35248		7.29473		865		636		140		140		140		140		
980		12011		0		11176		survived		7.35248		7.29473		866		636		140		140		140		140		
981		12011		0		11176		survived		7.35248		7.29473		867		636		140		140		140		140		
982		12011		0		11176		survived		7.35248		7.29473		868		636		140		140		140		140		
983		12011		0		11176		survived		7.35248		7.29473		869		636		140		140		140		140		
984		12011		0		11176		survived		7.35248		7.29473		870		636		140		140		140		140		
985		12011		0		11176		survived		7.35248		7.29473		871		636		140		140		140		140		
986		12011		0		11176		survived		7.35248		7.29473		872		636		140		140		140		140		
987		12011		0		11176		survived		7.35248		7.29473		873		636		140		140		140		140		
988		12011		0		11176		survived		7.35248		7.29473		874		636		140		140		140		140		
989		12011		0		11176		survived		7.35248		7.29473		875		636		140		140		140		140		
990		12011		0		11176		survived		7.35248		7.29473		876		636		140		140		140		140		
991		12011		0		11176		survived		7.35248		7.29473		877		636		140		140		140		140		
992		12011		0		11176		survived		7.35248		7.29473		878		636		140		140		140		140		
993		12011		0		11176		survived		7.35248		7.29473		879		636		140		140		140		140		
994		12011		0		11176		survived		7.35248		7.29473		880		636		140		140		140		140		
995		12011		0		11176		survived		7.35248		7.29473		881		636		140		140		140		140		
996		12011		0		11176		survived		7.35248		7.29473		882		636		140		140		140		140		
997		12011		0		11176		survived		7.35248		7.29473		883		636		140		140		140		140		
998		12011		0		11176		survived		7.35248		7.29473		884		636		140		140		140		140		
999		12011		0		11176		survived		7.35248		7.29473		885		636		140		140		140		140		
1000		12011		0		11176		survived		7.35248		7.29473		886		636		140		140		140		140		
