gen		id		dom		parent_id		variation_type		fitness		parent_fitness		age		parent_age		num_voxels		parent_num_voxels		energy		parent_energy		material_different_from_parent		mean_material		mean_parent_material		mean_parent_diff_material
0		12		0		-1		newly_generated		2.96646		-10000000.0		0		10000000.0		216		10000000.0		216		10000000.0		
1		21		0		12		add_node		5.27772		2.96646		1		1		216		216		216		216		
2		21		0		12		survived		5.27772		2.96646		2		1		216		216		216		216		
3		21		0		12		survived		5.27772		2.96646		3		1		216		216		216		216		
4		21		0		12		survived		5.27772		2.96646		4		1		216		216		216		216		
5		21		0		12		survived		5.27772		2.96646		5		1		216		216		216		216		
6		21		0		12		survived		5.27772		2.96646		6		1		216		216		216		216		
7		21		0		12		survived		5.27772		2.96646		7		1		216		216		216		216		
8		21		0		12		survived		5.27772		2.96646		8		1		216		216		216		216		
9		21		0		12		survived		5.27772		2.96646		9		1		216		216		216		216		
10		21		0		12		survived		5.27772		2.96646		10		1		216		216		216		216		
11		247		0		21		mutate_weight(-0.230815757389)		5.28705		5.27772		11		11		216		216		216		216		
12		247		0		21		survived		5.28705		5.27772		12		11		216		216		216		216		
13		287		0		213		mutate_weight(-0.366598692736)		6.05744		4.92008		11		11		206		206		206		206		
14		287		0		213		survived		6.05744		4.92008		12		11		206		206		206		206		
15		329		0		287		mutate_weight(-0.389648611408)		6.22495		6.05744		13		13		206		206		206		206		
16		329		0		287		survived		6.22495		6.05744		14		13		206		206		206		206		
17		329		0		287		survived		6.22495		6.05744		15		13		206		206		206		206		
18		329		0		287		survived		6.22495		6.05744		16		13		206		206		206		206		
19		329		0		287		survived		6.22495		6.05744		17		13		206		206		206		206		
20		329		0		287		survived		6.22495		6.05744		18		13		206		206		206		206		
21		329		0		287		survived		6.22495		6.05744		19		13		206		206		206		206		
22		329		0		287		survived		6.22495		6.05744		20		13		206		206		206		206		
23		329		0		287		survived		6.22495		6.05744		21		13		206		206		206		206		
24		329		0		287		survived		6.22495		6.05744		22		13		206		206		206		206		
25		329		0		287		survived		6.22495		6.05744		23		13		206		206		206		206		
26		329		0		287		survived		6.22495		6.05744		24		13		206		206		206		206		
27		329		0		287		survived		6.22495		6.05744		25		13		206		206		206		206		
28		329		0		287		survived		6.22495		6.05744		26		13		206		206		206		206		
29		638		0		329		remove_node		6.23539		6.22495		27		27		206		206		206		206		
30		638		0		329		survived		6.23539		6.22495		28		27		206		206		206		206		
31		638		0		329		survived		6.23539		6.22495		29		27		206		206		206		206		
32		700		0		638		add_link		6.23768		6.23539		30		30		206		206		206		206		
33		700		0		638		survived		6.23768		6.23539		31		30		206		206		206		206		
34		700		0		638		survived		6.23768		6.23539		32		30		206		206		206		206		
35		769		0		700		add_node		6.3144		6.23768		33		33		206		206		206		206		
36		769		0		700		survived		6.3144		6.23768		34		33		206		206		206		206		
37		769		0		700		survived		6.3144		6.23768		35		33		206		206		206		206		
38		769		0		700		survived		6.3144		6.23768		36		33		206		206		206		206		
39		769		0		700		survived		6.3144		6.23768		37		33		206		206		206		206		
40		769		0		700		survived		6.3144		6.23768		38		33		206		206		206		206		
41		902		0		769		remove_node		6.42822		6.3144		39		39		206		206		206		206		
42		902		0		769		survived		6.42822		6.3144		40		39		206		206		206		206		
43		902		0		769		survived		6.42822		6.3144		41		39		206		206		206		206		
44		902		0		769		survived		6.42822		6.3144		42		39		206		206		206		206		
45		902		0		769		survived		6.42822		6.3144		43		39		206		206		206		206		
46		902		0		769		survived		6.42822		6.3144		44		39		206		206		206		206		
47		902		0		769		survived		6.42822		6.3144		45		39		206		206		206		206		
48		902		0		769		survived		6.42822		6.3144		46		39		206		206		206		206		
49		902		0		769		survived		6.42822		6.3144		47		39		206		206		206		206		
50		902		0		769		survived		6.42822		6.3144		48		39		206		206		206		206		
51		1125		0		952		add_link		6.63984		6.2848		38		38		216		216		174		190		
52		1125		0		952		survived		6.63984		6.2848		39		38		216		216		174		190		
53		1125		0		952		survived		6.63984		6.2848		40		38		216		216		174		190		
54		1125		0		952		survived		6.63984		6.2848		41		38		216		216		174		190		
55		1125		0		952		survived		6.63984		6.2848		42		38		216		216		174		190		
56		1125		0		952		survived		6.63984		6.2848		43		38		216		216		174		190		
57		1125		0		952		survived		6.63984		6.2848		44		38		216		216		174		190		
58		1125		0		952		survived		6.63984		6.2848		45		38		216		216		174		190		
59		1125		0		952		survived		6.63984		6.2848		46		38		216		216		174		190		
60		1313		0		1125		add_link		6.64356		6.63984		47		47		216		216		172		174		
61		1313		0		1125		survived		6.64356		6.63984		48		47		216		216		172		174		
62		1313		0		1125		survived		6.64356		6.63984		49		47		216		216		172		174		
63		1313		0		1125		survived		6.64356		6.63984		50		47		216		216		172		174		
64		1313		0		1125		survived		6.64356		6.63984		51		47		216		216		172		174		
65		1313		0		1125		survived		6.64356		6.63984		52		47		216		216		172		174		
66		1447		0		1313		remove_node		6.81835		6.64356		53		53		216		216		194		172		
67		1447		0		1313		survived		6.81835		6.64356		54		53		216		216		194		172		
68		1492		0		1450		remove_node		6.81835		6.64356		55		55		216		216		164		164		
69		1492		0		1450		survived		6.81835		6.64356		56		55		216		216		164		164		
70		1492		0		1450		survived		6.81835		6.64356		57		55		216		216		164		164		
71		1492		0		1450		survived		6.81835		6.64356		58		55		216		216		164		164		
72		1492		0		1450		survived		6.81835		6.64356		59		55		216		216		164		164		
73		1492		0		1450		survived		6.81835		6.64356		60		55		216		216		164		164		
74		1492		0		1450		survived		6.81835		6.64356		61		55		216		216		164		164		
75		1492		0		1450		survived		6.81835		6.64356		62		55		216		216		164		164		
76		1492		0		1450		survived		6.81835		6.64356		63		55		216		216		164		164		
77		1492		0		1450		survived		6.81835		6.64356		64		55		216		216		164		164		
78		1492		0		1450		survived		6.81835		6.64356		65		55		216		216		164		164		
79		1492		0		1450		survived		6.81835		6.64356		66		55		216		216		164		164		
80		1492		0		1450		survived		6.81835		6.64356		67		55		216		216		164		164		
81		1492		0		1450		survived		6.81835		6.64356		68		55		216		216		164		164		
82		1492		0		1450		survived		6.81835		6.64356		69		55		216		216		164		164		
83		1492		0		1450		survived		6.81835		6.64356		70		55		216		216		164		164		
84		1841		0		1647		add_link		6.84028		6.64383		82		82		198		198		198		198		
85		1841		0		1647		survived		6.84028		6.64383		83		82		198		198		198		198		
86		1841		0		1647		survived		6.84028		6.64383		84		82		198		198		198		198		
87		1841		0		1647		survived		6.84028		6.64383		85		82		198		198		198		198		
88		1841		0		1647		survived		6.84028		6.64383		86		82		198		198		198		198		
89		1957		0		1841		add_node		6.86326		6.84028		87		87		198		198		198		198		
90		1973		0		1852		remove_link		6.89442		6.64837		88		88		204		196		204		196		
91		1973		0		1852		survived		6.89442		6.64837		89		88		204		196		204		196		
92		2030		0		1973		mutate_weight(-0.434954181835)		6.98418		6.89442		90		90		204		204		204		204		
93		2052		0		2030		add_link		7.28631		6.98418		91		91		204		204		204		204		
94		2052		0		2030		survived		7.28631		6.98418		92		91		204		204		204		204		
95		2052		0		2030		survived		7.28631		6.98418		93		91		204		204		204		204		
96		2119		0		2052		remove_node		7.34378		7.28631		94		94		204		204		204		204		
97		2119		0		2052		survived		7.34378		7.28631		95		94		204		204		204		204		
98		2119		0		2052		survived		7.34378		7.28631		96		94		204		204		204		204		
99		2119		0		2052		survived		7.34378		7.28631		97		94		204		204		204		204		
100		2119		0		2052		survived		7.34378		7.28631		98		94		204		204		204		204		
101		2119		0		2052		survived		7.34378		7.28631		99		94		204		204		204		204		
102		2119		0		2052		survived		7.34378		7.28631		100		94		204		204		204		204		
103		2119		0		2052		survived		7.34378		7.28631		101		94		204		204		204		204		
104		2119		0		2052		survived		7.34378		7.28631		102		94		204		204		204		204		
105		2119		0		2052		survived		7.34378		7.28631		103		94		204		204		204		204		
106		2119		0		2052		survived		7.34378		7.28631		104		94		204		204		204		204		
107		2119		0		2052		survived		7.34378		7.28631		105		94		204		204		204		204		
108		2119		0		2052		survived		7.34378		7.28631		106		94		204		204		204		204		
109		2119		0		2052		survived		7.34378		7.28631		107		94		204		204		204		204		
110		2119		0		2052		survived		7.34378		7.28631		108		94		204		204		204		204		
111		2119		0		2052		survived		7.34378		7.28631		109		94		204		204		204		204		
112		2119		0		2052		survived		7.34378		7.28631		110		94		204		204		204		204		
113		2119		0		2052		survived		7.34378		7.28631		111		94		204		204		204		204		
114		2119		0		2052		survived		7.34378		7.28631		112		94		204		204		204		204		
115		2119		0		2052		survived		7.34378		7.28631		113		94		204		204		204		204		
116		2119		0		2052		survived		7.34378		7.28631		114		94		204		204		204		204		
117		2119		0		2052		survived		7.34378		7.28631		115		94		204		204		204		204		
118		2119		0		2052		survived		7.34378		7.28631		116		94		204		204		204		204		
119		2119		0		2052		survived		7.34378		7.28631		117		94		204		204		204		204		
120		2119		0		2052		survived		7.34378		7.28631		118		94		204		204		204		204		
121		2119		0		2052		survived		7.34378		7.28631		119		94		204		204		204		204		
122		2678		0		2119		add_link		7.40473		7.34378		120		120		202		204		202		204		
123		2678		0		2119		survived		7.40473		7.34378		121		120		202		204		202		204		
124		2678		0		2119		survived		7.40473		7.34378		122		120		202		204		202		204		
125		2678		0		2119		survived		7.40473		7.34378		123		120		202		204		202		204		
126		2678		0		2119		survived		7.40473		7.34378		124		120		202		204		202		204		
127		2678		0		2119		survived		7.40473		7.34378		125		120		202		204		202		204		
128		2678		0		2119		survived		7.40473		7.34378		126		120		202		204		202		204		
129		2678		0		2119		survived		7.40473		7.34378		127		120		202		204		202		204		
130		2678		0		2119		survived		7.40473		7.34378		128		120		202		204		202		204		
131		2678		0		2119		survived		7.40473		7.34378		129		120		202		204		202		204		
132		2678		0		2119		survived		7.40473		7.34378		130		120		202		204		202		204		
133		2678		0		2119		survived		7.40473		7.34378		131		120		202		204		202		204		
134		2678		0		2119		survived		7.40473		7.34378		132		120		202		204		202		204		
135		2678		0		2119		survived		7.40473		7.34378		133		120		202		204		202		204		
136		2678		0		2119		survived		7.40473		7.34378		134		120		202		204		202		204		
137		2678		0		2119		survived		7.40473		7.34378		135		120		202		204		202		204		
138		2678		0		2119		survived		7.40473		7.34378		136		120		202		204		202		204		
139		2678		0		2119		survived		7.40473		7.34378		137		120		202		204		202		204		
140		2678		0		2119		survived		7.40473		7.34378		138		120		202		204		202		204		
141		2678		0		2119		survived		7.40473		7.34378		139		120		202		204		202		204		
142		2678		0		2119		survived		7.40473		7.34378		140		120		202		204		202		204		
143		2678		0		2119		survived		7.40473		7.34378		141		120		202		204		202		204		
144		2678		0		2119		survived		7.40473		7.34378		142		120		202		204		202		204		
145		2678		0		2119		survived		7.40473		7.34378		143		120		202		204		202		204		
146		2678		0		2119		survived		7.40473		7.34378		144		120		202		204		202		204		
147		2678		0		2119		survived		7.40473		7.34378		145		120		202		204		202		204		
148		2678		0		2119		survived		7.40473		7.34378		146		120		202		204		202		204		
149		2678		0		2119		survived		7.40473		7.34378		147		120		202		204		202		204		
150		2678		0		2119		survived		7.40473		7.34378		148		120		202		204		202		204		
151		2678		0		2119		survived		7.40473		7.34378		149		120		202		204		202		204		
152		2678		0		2119		survived		7.40473		7.34378		150		120		202		204		202		204		
153		2678		0		2119		survived		7.40473		7.34378		151		120		202		204		202		204		
154		2678		0		2119		survived		7.40473		7.34378		152		120		202		204		202		204		
155		2678		0		2119		survived		7.40473		7.34378		153		120		202		204		202		204		
156		2678		0		2119		survived		7.40473		7.34378		154		120		202		204		202		204		
157		2678		0		2119		survived		7.40473		7.34378		155		120		202		204		202		204		
158		2678		0		2119		survived		7.40473		7.34378		156		120		202		204		202		204		
159		2678		0		2119		survived		7.40473		7.34378		157		120		202		204		202		204		
160		2678		0		2119		survived		7.40473		7.34378		158		120		202		204		202		204		
161		2678		0		2119		survived		7.40473		7.34378		159		120		202		204		202		204		
162		2678		0		2119		survived		7.40473		7.34378		160		120		202		204		202		204		
163		2678		0		2119		survived		7.40473		7.34378		161		120		202		204		202		204		
164		2678		0		2119		survived		7.40473		7.34378		162		120		202		204		202		204		
165		2678		0		2119		survived		7.40473		7.34378		163		120		202		204		202		204		
166		2678		0		2119		survived		7.40473		7.34378		164		120		202		204		202		204		
167		2678		0		2119		survived		7.40473		7.34378		165		120		202		204		202		204		
168		2678		0		2119		survived		7.40473		7.34378		166		120		202		204		202		204		
169		2678		0		2119		survived		7.40473		7.34378		167		120		202		204		202		204		
170		2678		0		2119		survived		7.40473		7.34378		168		120		202		204		202		204		
171		2678		0		2119		survived		7.40473		7.34378		169		120		202		204		202		204		
172		2678		0		2119		survived		7.40473		7.34378		170		120		202		204		202		204		
173		2678		0		2119		survived		7.40473		7.34378		171		120		202		204		202		204		
174		2678		0		2119		survived		7.40473		7.34378		172		120		202		204		202		204		
175		2678		0		2119		survived		7.40473		7.34378		173		120		202		204		202		204		
176		2678		0		2119		survived		7.40473		7.34378		174		120		202		204		202		204		
177		2678		0		2119		survived		7.40473		7.34378		175		120		202		204		202		204		
178		2678		0		2119		survived		7.40473		7.34378		176		120		202		204		202		204		
179		2678		0		2119		survived		7.40473		7.34378		177		120		202		204		202		204		
180		2678		0		2119		survived		7.40473		7.34378		178		120		202		204		202		204		
181		2678		0		2119		survived		7.40473		7.34378		179		120		202		204		202		204		
182		2678		0		2119		survived		7.40473		7.34378		180		120		202		204		202		204		
183		2678		0		2119		survived		7.40473		7.34378		181		120		202		204		202		204		
184		2678		0		2119		survived		7.40473		7.34378		182		120		202		204		202		204		
185		2678		0		2119		survived		7.40473		7.34378		183		120		202		204		202		204		
186		2678		0		2119		survived		7.40473		7.34378		184		120		202		204		202		204		
187		2678		0		2119		survived		7.40473		7.34378		185		120		202		204		202		204		
188		2678		0		2119		survived		7.40473		7.34378		186		120		202		204		202		204		
189		4152		0		2678		add_link		7.46777		7.40473		187		187		202		202		202		202		
190		4152		0		2678		survived		7.46777		7.40473		188		187		202		202		202		202		
191		4152		0		2678		survived		7.46777		7.40473		189		187		202		202		202		202		
192		4152		0		2678		survived		7.46777		7.40473		190		187		202		202		202		202		
193		4246		0		4185		remove_node		7.46777		6.36522		191		191		192		192		192		192		
194		4246		0		4185		survived		7.46777		6.36522		192		191		192		192		192		192		
195		4246		0		4185		survived		7.46777		6.36522		193		191		192		192		192		192		
196		4246		0		4185		survived		7.46777		6.36522		194		191		192		192		192		192		
197		4246		0		4185		survived		7.46777		6.36522		195		191		192		192		192		192		
198		4246		0		4185		survived		7.46777		6.36522		196		191		192		192		192		192		
199		4246		0		4185		survived		7.46777		6.36522		197		191		192		192		192		192		
200		4246		0		4185		survived		7.46777		6.36522		198		191		192		192		192		192		
201		4246		0		4185		survived		7.46777		6.36522		199		191		192		192		192		192		
202		4246		0		4185		survived		7.46777		6.36522		200		191		192		192		192		192		
203		4246		0		4185		survived		7.46777		6.36522		201		191		192		192		192		192		
204		4246		0		4185		survived		7.46777		6.36522		202		191		192		192		192		192		
205		4246		0		4185		survived		7.46777		6.36522		203		191		192		192		192		192		
206		4530		0		4246		mutate_function(square-to-absolute)		7.52622		7.46777		204		204		202		192		202		192		
207		4530		0		4246		survived		7.52622		7.46777		205		204		202		192		202		192		
208		4530		0		4246		survived		7.52622		7.46777		206		204		202		192		202		192		
209		4600		0		4246		add_link		7.52622		7.46777		207		207		192		192		192		192		
210		4600		0		4246		survived		7.52622		7.46777		208		207		192		192		192		192		
211		4600		0		4246		survived		7.52622		7.46777		209		207		192		192		192		192		
212		4669		0		4600		add_node		7.5525		7.52622		210		210		202		192		202		192		
213		4688		0		4669		add_link		7.60119		7.5525		211		211		198		202		198		202		
214		4688		0		4669		survived		7.60119		7.5525		212		211		198		202		198		202		
215		4688		0		4669		survived		7.60119		7.5525		213		211		198		202		198		202		
216		4688		0		4669		survived		7.60119		7.5525		214		211		198		202		198		202		
217		4688		0		4669		survived		7.60119		7.5525		215		211		198		202		198		202		
218		4688		0		4669		survived		7.60119		7.5525		216		211		198		202		198		202		
219		4688		0		4669		survived		7.60119		7.5525		217		211		198		202		198		202		
220		4834		0		4688		remove_link		7.62273		7.60119		218		218		199		198		199		198		
221		4834		0		4688		survived		7.62273		7.60119		219		218		199		198		199		198		
222		4834		0		4688		survived		7.62273		7.60119		220		218		199		198		199		198		
223		4834		0		4688		survived		7.62273		7.60119		221		218		199		198		199		198		
224		4834		0		4688		survived		7.62273		7.60119		222		218		199		198		199		198		
225		4834		0		4688		survived		7.62273		7.60119		223		218		199		198		199		198		
226		4834		0		4688		survived		7.62273		7.60119		224		218		199		198		199		198		
227		4834		0		4688		survived		7.62273		7.60119		225		218		199		198		199		198		
228		4834		0		4688		survived		7.62273		7.60119		226		218		199		198		199		198		
229		4834		0		4688		survived		7.62273		7.60119		227		218		199		198		199		198		
230		4834		0		4688		survived		7.62273		7.60119		228		218		199		198		199		198		
231		4834		0		4688		survived		7.62273		7.60119		229		218		199		198		199		198		
232		4834		0		4688		survived		7.62273		7.60119		230		218		199		198		199		198		
233		5119		0		4688		add_link		7.64364		7.60119		231		231		199		198		199		198		
234		5152		0		4688		add_node		7.73716		7.60119		232		232		198		198		198		198		
235		5164		0		5152		remove_link		7.75033		7.73716		233		233		198		198		198		198		
236		5164		0		5152		survived		7.75033		7.73716		234		233		198		198		198		198		
237		5164		0		5152		survived		7.75033		7.73716		235		233		198		198		198		198		
238		5164		0		5152		survived		7.75033		7.73716		236		233		198		198		198		198		
239		5164		0		5152		survived		7.75033		7.73716		237		233		198		198		198		198		
240		5164		0		5152		survived		7.75033		7.73716		238		233		198		198		198		198		
241		5164		0		5152		survived		7.75033		7.73716		239		233		198		198		198		198		
242		5164		0		5152		survived		7.75033		7.73716		240		233		198		198		198		198		
243		5164		0		5152		survived		7.75033		7.73716		241		233		198		198		198		198		
244		5164		0		5152		survived		7.75033		7.73716		242		233		198		198		198		198		
245		5164		0		5152		survived		7.75033		7.73716		243		233		198		198		198		198		
246		5164		0		5152		survived		7.75033		7.73716		244		233		198		198		198		198		
247		5164		0		5152		survived		7.75033		7.73716		245		233		198		198		198		198		
248		5164		0		5152		survived		7.75033		7.73716		246		233		198		198		198		198		
249		5164		0		5152		survived		7.75033		7.73716		247		233		198		198		198		198		
250		5164		0		5152		survived		7.75033		7.73716		248		233		198		198		198		198		
251		5164		0		5152		survived		7.75033		7.73716		249		233		198		198		198		198		
252		5164		0		5152		survived		7.75033		7.73716		250		233		198		198		198		198		
253		5164		0		5152		survived		7.75033		7.73716		251		233		198		198		198		198		
254		5164		0		5152		survived		7.75033		7.73716		252		233		198		198		198		198		
255		5164		0		5152		survived		7.75033		7.73716		253		233		198		198		198		198		
256		5164		0		5152		survived		7.75033		7.73716		254		233		198		198		198		198		
257		5164		0		5152		survived		7.75033		7.73716		255		233		198		198		198		198		
258		5164		0		5152		survived		7.75033		7.73716		256		233		198		198		198		198		
259		5164		0		5152		survived		7.75033		7.73716		257		233		198		198		198		198		
260		5164		0		5152		survived		7.75033		7.73716		258		233		198		198		198		198		
261		5749		0		5164		mutate_weight(0.0520591759601)		7.79681		7.75033		259		259		200		198		200		198		
262		5749		0		5164		survived		7.79681		7.75033		260		259		200		198		200		198		
263		5749		0		5164		survived		7.79681		7.75033		261		259		200		198		200		198		
264		5749		0		5164		survived		7.79681		7.75033		262		259		200		198		200		198		
265		5749		0		5164		survived		7.79681		7.75033		263		259		200		198		200		198		
266		5749		0		5164		survived		7.79681		7.75033		264		259		200		198		200		198		
267		5749		0		5164		survived		7.79681		7.75033		265		259		200		198		200		198		
268		5749		0		5164		survived		7.79681		7.75033		266		259		200		198		200		198		
269		5749		0		5164		survived		7.79681		7.75033		267		259		200		198		200		198		
270		5749		0		5164		survived		7.79681		7.75033		268		259		200		198		200		198		
271		5749		0		5164		survived		7.79681		7.75033		269		259		200		198		200		198		
272		5749		0		5164		survived		7.79681		7.75033		270		259		200		198		200		198		
273		5749		0		5164		survived		7.79681		7.75033		271		259		200		198		200		198		
274		5749		0		5164		survived		7.79681		7.75033		272		259		200		198		200		198		
275		5749		0		5164		survived		7.79681		7.75033		273		259		200		198		200		198		
276		5749		0		5164		survived		7.79681		7.75033		274		259		200		198		200		198		
277		5749		0		5164		survived		7.79681		7.75033		275		259		200		198		200		198		
278		5749		0		5164		survived		7.79681		7.75033		276		259		200		198		200		198		
279		5749		0		5164		survived		7.79681		7.75033		277		259		200		198		200		198		
280		5749		0		5164		survived		7.79681		7.75033		278		259		200		198		200		198		
281		5749		0		5164		survived		7.79681		7.75033		279		259		200		198		200		198		
282		6208		0		6122		add_node		7.9432		7.50034		61		61		184		181		184		181		
283		6208		0		6122		survived		7.9432		7.50034		62		61		184		181		184		181		
284		6208		0		6122		survived		7.9432		7.50034		63		61		184		181		184		181		
285		6208		0		6122		survived		7.9432		7.50034		64		61		184		181		184		181		
286		6208		0		6122		survived		7.9432		7.50034		65		61		184		181		184		181		
287		6313		0		6208		remove_node		7.99451		7.9432		66		66		183		184		183		184		
288		6313		0		6208		survived		7.99451		7.9432		67		66		183		184		183		184		
289		6313		0		6208		survived		7.99451		7.9432		68		66		183		184		183		184		
290		6313		0		6208		survived		7.99451		7.9432		69		66		183		184		183		184		
291		6313		0		6208		survived		7.99451		7.9432		70		66		183		184		183		184		
292		6313		0		6208		survived		7.99451		7.9432		71		66		183		184		183		184		
293		6313		0		6208		survived		7.99451		7.9432		72		66		183		184		183		184		
294		6313		0		6208		survived		7.99451		7.9432		73		66		183		184		183		184		
295		6313		0		6208		survived		7.99451		7.9432		74		66		183		184		183		184		
296		6313		0		6208		survived		7.99451		7.9432		75		66		183		184		183		184		
297		6313		0		6208		survived		7.99451		7.9432		76		66		183		184		183		184		
298		6313		0		6208		survived		7.99451		7.9432		77		66		183		184		183		184		
299		6313		0		6208		survived		7.99451		7.9432		78		66		183		184		183		184		
300		6313		0		6208		survived		7.99451		7.9432		79		66		183		184		183		184		
301		6313		0		6208		survived		7.99451		7.9432		80		66		183		184		183		184		
302		6313		0		6208		survived		7.99451		7.9432		81		66		183		184		183		184		
303		6313		0		6208		survived		7.99451		7.9432		82		66		183		184		183		184		
304		6686		0		6617		remove_node		7.99451		7.9432		83		83		181		181		181		181		
305		6686		0		6617		survived		7.99451		7.9432		84		83		181		181		181		181		
306		6686		0		6617		survived		7.99451		7.9432		85		83		181		181		181		181		
307		6686		0		6617		survived		7.99451		7.9432		86		83		181		181		181		181		
308		6686		0		6617		survived		7.99451		7.9432		87		83		181		181		181		181		
309		6686		0		6617		survived		7.99451		7.9432		88		83		181		181		181		181		
310		6686		0		6617		survived		7.99451		7.9432		89		83		181		181		181		181		
311		6686		0		6617		survived		7.99451		7.9432		90		83		181		181		181		181		
312		6686		0		6617		survived		7.99451		7.9432		91		83		181		181		181		181		
313		6686		0		6617		survived		7.99451		7.9432		92		83		181		181		181		181		
314		6686		0		6617		survived		7.99451		7.9432		93		83		181		181		181		181		
315		6686		0		6617		survived		7.99451		7.9432		94		83		181		181		181		181		
316		6686		0		6617		survived		7.99451		7.9432		95		83		181		181		181		181		
317		6686		0		6617		survived		7.99451		7.9432		96		83		181		181		181		181		
318		6686		0		6617		survived		7.99451		7.9432		97		83		181		181		181		181		
319		6686		0		6617		survived		7.99451		7.9432		98		83		181		181		181		181		
320		6686		0		6617		survived		7.99451		7.9432		99		83		181		181		181		181		
321		6686		0		6617		survived		7.99451		7.9432		100		83		181		181		181		181		
322		6686		0		6617		survived		7.99451		7.9432		101		83		181		181		181		181		
323		6686		0		6617		survived		7.99451		7.9432		102		83		181		181		181		181		
324		6686		0		6617		survived		7.99451		7.9432		103		83		181		181		181		181		
325		6686		0		6617		survived		7.99451		7.9432		104		83		181		181		181		181		
326		6686		0		6617		survived		7.99451		7.9432		105		83		181		181		181		181		
327		6686		0		6617		survived		7.99451		7.9432		106		83		181		181		181		181		
328		7219		0		6686		add_link		8.16946		7.99451		107		107		183		181		183		181		
329		7219		0		6686		survived		8.16946		7.99451		108		107		183		181		183		181		
330		7219		0		6686		survived		8.16946		7.99451		109		107		183		181		183		181		
331		7219		0		6686		survived		8.16946		7.99451		110		107		183		181		183		181		
332		7219		0		6686		survived		8.16946		7.99451		111		107		183		181		183		181		
333		7219		0		6686		survived		8.16946		7.99451		112		107		183		181		183		181		
334		7219		0		6686		survived		8.16946		7.99451		113		107		183		181		183		181		
335		7219		0		6686		survived		8.16946		7.99451		114		107		183		181		183		181		
336		7219		0		6686		survived		8.16946		7.99451		115		107		183		181		183		181		
337		7219		0		6686		survived		8.16946		7.99451		116		107		183		181		183		181		
338		7219		0		6686		survived		8.16946		7.99451		117		107		183		181		183		181		
339		7219		0		6686		survived		8.16946		7.99451		118		107		183		181		183		181		
340		7219		0		6686		survived		8.16946		7.99451		119		107		183		181		183		181		
341		7219		0		6686		survived		8.16946		7.99451		120		107		183		181		183		181		
342		7219		0		6686		survived		8.16946		7.99451		121		107		183		181		183		181		
343		7219		0		6686		survived		8.16946		7.99451		122		107		183		181		183		181		
344		7219		0		6686		survived		8.16946		7.99451		123		107		183		181		183		181		
345		7219		0		6686		survived		8.16946		7.99451		124		107		183		181		183		181		
346		7219		0		6686		survived		8.16946		7.99451		125		107		183		181		183		181		
347		7219		0		6686		survived		8.16946		7.99451		126		107		183		181		183		181		
348		7219		0		6686		survived		8.16946		7.99451		127		107		183		181		183		181		
349		7219		0		6686		survived		8.16946		7.99451		128		107		183		181		183		181		
350		7219		0		6686		survived		8.16946		7.99451		129		107		183		181		183		181		
351		7219		0		6686		survived		8.16946		7.99451		130		107		183		181		183		181		
352		7219		0		6686		survived		8.16946		7.99451		131		107		183		181		183		181		
353		7219		0		6686		survived		8.16946		7.99451		132		107		183		181		183		181		
354		7219		0		6686		survived		8.16946		7.99451		133		107		183		181		183		181		
355		7219		0		6686		survived		8.16946		7.99451		134		107		183		181		183		181		
356		7219		0		6686		survived		8.16946		7.99451		135		107		183		181		183		181		
357		7860		0		7219		add_link		8.25816		8.16946		136		136		183		183		183		183		
358		7860		0		7219		survived		8.25816		8.16946		137		136		183		183		183		183		
359		7860		0		7219		survived		8.25816		8.16946		138		136		183		183		183		183		
360		7860		0		7219		survived		8.25816		8.16946		139		136		183		183		183		183		
361		7860		0		7219		survived		8.25816		8.16946		140		136		183		183		183		183		
362		7860		0		7219		survived		8.25816		8.16946		141		136		183		183		183		183		
363		7860		0		7219		survived		8.25816		8.16946		142		136		183		183		183		183		
364		7860		0		7219		survived		8.25816		8.16946		143		136		183		183		183		183		
365		7860		0		7219		survived		8.25816		8.16946		144		136		183		183		183		183		
366		7860		0		7219		survived		8.25816		8.16946		145		136		183		183		183		183		
367		7860		0		7219		survived		8.25816		8.16946		146		136		183		183		183		183		
368		7860		0		7219		survived		8.25816		8.16946		147		136		183		183		183		183		
369		7860		0		7219		survived		8.25816		8.16946		148		136		183		183		183		183		
370		7860		0		7219		survived		8.25816		8.16946		149		136		183		183		183		183		
371		7860		0		7219		survived		8.25816		8.16946		150		136		183		183		183		183		
372		7860		0		7219		survived		8.25816		8.16946		151		136		183		183		183		183		
373		7860		0		7219		survived		8.25816		8.16946		152		136		183		183		183		183		
374		7860		0		7219		survived		8.25816		8.16946		153		136		183		183		183		183		
375		7860		0		7219		survived		8.25816		8.16946		154		136		183		183		183		183		
376		7860		0		7219		survived		8.25816		8.16946		155		136		183		183		183		183		
377		7860		0		7219		survived		8.25816		8.16946		156		136		183		183		183		183		
378		7860		0		7219		survived		8.25816		8.16946		157		136		183		183		183		183		
379		7860		0		7219		survived		8.25816		8.16946		158		136		183		183		183		183		
380		7860		0		7219		survived		8.25816		8.16946		159		136		183		183		183		183		
381		7860		0		7219		survived		8.25816		8.16946		160		136		183		183		183		183		
382		7860		0		7219		survived		8.25816		8.16946		161		136		183		183		183		183		
383		7860		0		7219		survived		8.25816		8.16946		162		136		183		183		183		183		
384		7860		0		7219		survived		8.25816		8.16946		163		136		183		183		183		183		
385		7860		0		7219		survived		8.25816		8.16946		164		136		183		183		183		183		
386		7860		0		7219		survived		8.25816		8.16946		165		136		183		183		183		183		
387		7860		0		7219		survived		8.25816		8.16946		166		136		183		183		183		183		
388		7860		0		7219		survived		8.25816		8.16946		167		136		183		183		183		183		
389		7860		0		7219		survived		8.25816		8.16946		168		136		183		183		183		183		
390		7860		0		7219		survived		8.25816		8.16946		169		136		183		183		183		183		
391		7860		0		7219		survived		8.25816		8.16946		170		136		183		183		183		183		
392		8627		0		8477		mutate_weight(0.434001483456)		8.77515		8.03905		171		171		185		177		185		177		
393		8642		0		8627		add_node		9.00923		8.77515		172		172		185		185		185		185		
394		8661		0		8642		add_link		9.01353		9.00923		173		173		185		185		185		185		
395		8661		0		8642		survived		9.01353		9.00923		174		173		185		185		185		185		
396		8661		0		8642		survived		9.01353		9.00923		175		173		185		185		185		185		
397		8661		0		8642		survived		9.01353		9.00923		176		173		185		185		185		185		
398		8661		0		8642		survived		9.01353		9.00923		177		173		185		185		185		185		
399		8661		0		8642		survived		9.01353		9.00923		178		173		185		185		185		185		
400		8661		0		8642		survived		9.01353		9.00923		179		173		185		185		185		185		
401		8661		0		8642		survived		9.01353		9.00923		180		173		185		185		185		185		
402		8847		0		8661		add_link		9.41818		9.01353		181		181		185		185		185		185		
403		8847		0		8661		survived		9.41818		9.01353		182		181		185		185		185		185		
404		8847		0		8661		survived		9.41818		9.01353		183		181		185		185		185		185		
405		8847		0		8661		survived		9.41818		9.01353		184		181		185		185		185		185		
406		8847		0		8661		survived		9.41818		9.01353		185		181		185		185		185		185		
407		8954		0		8847		remove_node		9.57939		9.41818		186		186		184		185		184		185		
408		8954		0		8847		survived		9.57939		9.41818		187		186		184		185		184		185		
409		8996		0		8949		remove_link		10.5606		8.82888		188		188		174		166		174		166		
410		9016		0		8996		remove_node		10.7404		10.5606		189		189		173		174		173		174		
411		9016		0		8996		survived		10.7404		10.5606		190		189		173		174		173		174		
412		9016		0		8996		survived		10.7404		10.5606		191		189		173		174		173		174		
413		9016		0		8996		survived		10.7404		10.5606		192		189		173		174		173		174		
414		9016		0		8996		survived		10.7404		10.5606		193		189		173		174		173		174		
415		9016		0		8996		survived		10.7404		10.5606		194		189		173		174		173		174		
416		9016		0		8996		survived		10.7404		10.5606		195		189		173		174		173		174		
417		9016		0		8996		survived		10.7404		10.5606		196		189		173		174		173		174		
418		9016		0		8996		survived		10.7404		10.5606		197		189		173		174		173		174		
419		9211		0		9016		remove_node		10.7415		10.7404		198		198		173		173		173		173		
420		9235		0		9211		add_node		10.8153		10.7415		199		199		168		173		168		173		
421		9235		0		9211		survived		10.8153		10.7415		200		199		168		173		168		173		
422		9289		0		9235		mutate_function(absolute-to-neg_abs)		10.8714		10.8153		201		201		168		168		168		168		
423		9289		0		9235		survived		10.8714		10.8153		202		201		168		168		168		168		
424		9289		0		9235		survived		10.8714		10.8153		203		201		168		168		168		168		
425		9289		0		9235		survived		10.8714		10.8153		204		201		168		168		168		168		
426		9289		0		9235		survived		10.8714		10.8153		205		201		168		168		168		168		
427		9289		0		9235		survived		10.8714		10.8153		206		201		168		168		168		168		
428		9289		0		9235		survived		10.8714		10.8153		207		201		168		168		168		168		
429		9432		0		9289		remove_link		11.0682		10.8714		208		208		168		168		168		168		
430		9432		0		9289		survived		11.0682		10.8714		209		208		168		168		168		168		
431		9432		0		9289		survived		11.0682		10.8714		210		208		168		168		168		168		
432		9432		0		9289		survived		11.0682		10.8714		211		208		168		168		168		168		
433		9432		0		9289		survived		11.0682		10.8714		212		208		168		168		168		168		
434		9432		0		9289		survived		11.0682		10.8714		213		208		168		168		168		168		
435		9432		0		9289		survived		11.0682		10.8714		214		208		168		168		168		168		
436		9432		0		9289		survived		11.0682		10.8714		215		208		168		168		168		168		
437		9432		0		9289		survived		11.0682		10.8714		216		208		168		168		168		168		
438		9432		0		9289		survived		11.0682		10.8714		217		208		168		168		168		168		
439		9432		0		9289		survived		11.0682		10.8714		218		208		168		168		168		168		
440		9432		0		9289		survived		11.0682		10.8714		219		208		168		168		168		168		
441		9432		0		9289		survived		11.0682		10.8714		220		208		168		168		168		168		
442		9432		0		9289		survived		11.0682		10.8714		221		208		168		168		168		168		
443		9432		0		9289		survived		11.0682		10.8714		222		208		168		168		168		168		
444		9432		0		9289		survived		11.0682		10.8714		223		208		168		168		168		168		
445		9432		0		9289		survived		11.0682		10.8714		224		208		168		168		168		168		
446		9432		0		9289		survived		11.0682		10.8714		225		208		168		168		168		168		
447		9432		0		9289		survived		11.0682		10.8714		226		208		168		168		168		168		
448		9432		0		9289		survived		11.0682		10.8714		227		208		168		168		168		168		
449		9432		0		9289		survived		11.0682		10.8714		228		208		168		168		168		168		
