gen		id		dom		parent_id		variation_type		fitness		parent_fitness		age		parent_age		num_voxels		parent_num_voxels		energy		parent_energy		material_different_from_parent		mean_material		mean_parent_material		mean_parent_diff_material
0		7		0		-1		newly_generated		0.455294		-10000000.0		0		10000000.0		216		10000000.0		163		10000000.0		
1		20		0		3		mutate_function(square-to-sin)		5.12294		0.020924		1		1		216		216		216		216		
2		20		0		3		survived		5.12294		0.020924		2		1		216		216		216		216		
3		20		0		3		survived		5.12294		0.020924		3		1		216		216		216		216		
4		76		0		20		add_link		5.76968		5.12294		4		4		216		216		216		216		
5		89		0		76		add_node		5.84322		5.76968		5		5		216		216		216		216		
6		89		0		76		survived		5.84322		5.76968		6		5		216		216		216		216		
7		89		0		76		survived		5.84322		5.76968		7		5		216		216		216		216		
8		131		0		89		mutate_weight(0.0646014811304)		6.1163		5.84322		8		8		216		216		216		216		
9		131		0		89		survived		6.1163		5.84322		9		8		216		216		216		216		
10		162		0		151		add_node		6.1163		5.84249		10		10		216		216		216		216		
11		178		0		162		add_node		6.14948		6.1163		11		11		216		216		216		216		
12		178		0		162		survived		6.14948		6.1163		12		11		216		216		216		216		
13		178		0		162		survived		6.14948		6.1163		13		11		216		216		216		216		
14		178		0		162		survived		6.14948		6.1163		14		11		216		216		216		216		
15		178		0		162		survived		6.14948		6.1163		15		11		216		216		216		216		
16		178		0		162		survived		6.14948		6.1163		16		11		216		216		216		216		
17		178		0		162		survived		6.14948		6.1163		17		11		216		216		216		216		
18		178		0		162		survived		6.14948		6.1163		18		11		216		216		216		216		
19		303		0		249		mutate_function(sin-to-neg_sqrt_abs)		6.21371		6.02552		12		12		216		216		216		216		
20		303		0		249		survived		6.21371		6.02552		13		12		216		216		216		216		
21		303		0		249		survived		6.21371		6.02552		14		12		216		216		216		216		
22		303		0		249		survived		6.21371		6.02552		15		12		216		216		216		216		
23		303		0		249		survived		6.21371		6.02552		16		12		216		216		216		216		
24		303		0		249		survived		6.21371		6.02552		17		12		216		216		216		216		
25		303		0		249		survived		6.21371		6.02552		18		12		216		216		216		216		
26		303		0		249		survived		6.21371		6.02552		19		12		216		216		216		216		
27		303		0		249		survived		6.21371		6.02552		20		12		216		216		216		216		
28		303		0		249		survived		6.21371		6.02552		21		12		216		216		216		216		
29		303		0		249		survived		6.21371		6.02552		22		12		216		216		216		216		
30		303		0		249		survived		6.21371		6.02552		23		12		216		216		216		216		
31		303		0		249		survived		6.21371		6.02552		24		12		216		216		216		216		
32		303		0		249		survived		6.21371		6.02552		25		12		216		216		216		216		
33		303		0		249		survived		6.21371		6.02552		26		12		216		216		216		216		
34		303		0		249		survived		6.21371		6.02552		27		12		216		216		216		216		
35		303		0		249		survived		6.21371		6.02552		28		12		216		216		216		216		
36		303		0		249		survived		6.21371		6.02552		29		12		216		216		216		216		
37		303		0		249		survived		6.21371		6.02552		30		12		216		216		216		216		
38		303		0		249		survived		6.21371		6.02552		31		12		216		216		216		216		
39		303		0		249		survived		6.21371		6.02552		32		12		216		216		216		216		
40		647		0		303		mutate_weight(-0.0648908747905)		6.22859		6.21371		33		33		216		216		216		216		
41		647		0		303		survived		6.22859		6.21371		34		33		216		216		216		216		
42		647		0		303		survived		6.22859		6.21371		35		33		216		216		216		216		
43		647		0		303		survived		6.22859		6.21371		36		33		216		216		216		216		
44		647		0		303		survived		6.22859		6.21371		37		33		216		216		216		216		
45		647		0		303		survived		6.22859		6.21371		38		33		216		216		216		216		
46		647		0		303		survived		6.22859		6.21371		39		33		216		216		216		216		
47		759		0		647		add_node		6.38733		6.22859		40		40		216		216		216		216		
48		759		0		647		survived		6.38733		6.22859		41		40		216		216		216		216		
49		759		0		647		survived		6.38733		6.22859		42		40		216		216		216		216		
50		759		0		647		survived		6.38733		6.22859		43		40		216		216		216		216		
51		759		0		647		survived		6.38733		6.22859		44		40		216		216		216		216		
52		759		0		647		survived		6.38733		6.22859		45		40		216		216		216		216		
53		759		0		647		survived		6.38733		6.22859		46		40		216		216		216		216		
54		759		0		647		survived		6.38733		6.22859		47		40		216		216		216		216		
55		759		0		647		survived		6.38733		6.22859		48		40		216		216		216		216		
56		759		0		647		survived		6.38733		6.22859		49		40		216		216		216		216		
57		759		0		647		survived		6.38733		6.22859		50		40		216		216		216		216		
58		759		0		647		survived		6.38733		6.22859		51		40		216		216		216		216		
59		759		0		647		survived		6.38733		6.22859		52		40		216		216		216		216		
60		759		0		647		survived		6.38733		6.22859		53		40		216		216		216		216		
61		759		0		647		survived		6.38733		6.22859		54		40		216		216		216		216		
62		759		0		647		survived		6.38733		6.22859		55		40		216		216		216		216		
63		759		0		647		survived		6.38733		6.22859		56		40		216		216		216		216		
64		759		0		647		survived		6.38733		6.22859		57		40		216		216		216		216		
65		759		0		647		survived		6.38733		6.22859		58		40		216		216		216		216		
66		759		0		647		survived		6.38733		6.22859		59		40		216		216		216		216		
67		759		0		647		survived		6.38733		6.22859		60		40		216		216		216		216		
68		759		0		647		survived		6.38733		6.22859		61		40		216		216		216		216		
69		759		0		647		survived		6.38733		6.22859		62		40		216		216		216		216		
70		759		0		647		survived		6.38733		6.22859		63		40		216		216		216		216		
71		759		0		647		survived		6.38733		6.22859		64		40		216		216		216		216		
72		759		0		647		survived		6.38733		6.22859		65		40		216		216		216		216		
73		759		0		647		survived		6.38733		6.22859		66		40		216		216		216		216		
74		759		0		647		survived		6.38733		6.22859		67		40		216		216		216		216		
75		759		0		647		survived		6.38733		6.22859		68		40		216		216		216		216		
76		1228		0		759		remove_link		6.48671		6.38733		69		69		216		216		216		216		
77		1228		0		759		survived		6.48671		6.38733		70		69		216		216		216		216		
78		1228		0		759		survived		6.48671		6.38733		71		69		216		216		216		216		
79		1228		0		759		survived		6.48671		6.38733		72		69		216		216		216		216		
80		1228		0		759		survived		6.48671		6.38733		73		69		216		216		216		216		
81		1228		0		759		survived		6.48671		6.38733		74		69		216		216		216		216		
82		1228		0		759		survived		6.48671		6.38733		75		69		216		216		216		216		
83		1228		0		759		survived		6.48671		6.38733		76		69		216		216		216		216		
84		1228		0		759		survived		6.48671		6.38733		77		69		216		216		216		216		
85		1359		0		1228		add_link		6.70015		6.48671		78		78		216		216		216		216		
86		1359		0		1228		survived		6.70015		6.48671		79		78		216		216		216		216		
87		1359		0		1228		survived		6.70015		6.48671		80		78		216		216		216		216		
88		1359		0		1228		survived		6.70015		6.48671		81		78		216		216		216		216		
89		1359		0		1228		survived		6.70015		6.48671		82		78		216		216		216		216		
90		1359		0		1228		survived		6.70015		6.48671		83		78		216		216		216		216		
91		1359		0		1228		survived		6.70015		6.48671		84		78		216		216		216		216		
92		1359		0		1228		survived		6.70015		6.48671		85		78		216		216		216		216		
93		1359		0		1228		survived		6.70015		6.48671		86		78		216		216		216		216		
94		1359		0		1228		survived		6.70015		6.48671		87		78		216		216		216		216		
95		1359		0		1228		survived		6.70015		6.48671		88		78		216		216		216		216		
96		1359		0		1228		survived		6.70015		6.48671		89		78		216		216		216		216		
97		1359		0		1228		survived		6.70015		6.48671		90		78		216		216		216		216		
98		1359		0		1228		survived		6.70015		6.48671		91		78		216		216		216		216		
99		1359		0		1228		survived		6.70015		6.48671		92		78		216		216		216		216		
100		1359		0		1228		survived		6.70015		6.48671		93		78		216		216		216		216		
101		1359		0		1228		survived		6.70015		6.48671		94		78		216		216		216		216		
102		1359		0		1228		survived		6.70015		6.48671		95		78		216		216		216		216		
103		1359		0		1228		survived		6.70015		6.48671		96		78		216		216		216		216		
104		1359		0		1228		survived		6.70015		6.48671		97		78		216		216		216		216		
105		1359		0		1228		survived		6.70015		6.48671		98		78		216		216		216		216		
106		1359		0		1228		survived		6.70015		6.48671		99		78		216		216		216		216		
107		1359		0		1228		survived		6.70015		6.48671		100		78		216		216		216		216		
108		1359		0		1228		survived		6.70015		6.48671		101		78		216		216		216		216		
109		1359		0		1228		survived		6.70015		6.48671		102		78		216		216		216		216		
110		1359		0		1228		survived		6.70015		6.48671		103		78		216		216		216		216		
111		1359		0		1228		survived		6.70015		6.48671		104		78		216		216		216		216		
112		1359		0		1228		survived		6.70015		6.48671		105		78		216		216		216		216		
113		1359		0		1228		survived		6.70015		6.48671		106		78		216		216		216		216		
114		1359		0		1228		survived		6.70015		6.48671		107		78		216		216		216		216		
115		1851		0		1359		mutate_function(square-to-sin)		7.05694		6.70015		108		108		216		216		212		216		
116		1851		0		1359		survived		7.05694		6.70015		109		108		216		216		212		216		
117		1851		0		1359		survived		7.05694		6.70015		110		108		216		216		212		216		
118		1851		0		1359		survived		7.05694		6.70015		111		108		216		216		212		216		
119		1851		0		1359		survived		7.05694		6.70015		112		108		216		216		212		216		
120		1851		0		1359		survived		7.05694		6.70015		113		108		216		216		212		216		
121		1851		0		1359		survived		7.05694		6.70015		114		108		216		216		212		216		
122		1851		0		1359		survived		7.05694		6.70015		115		108		216		216		212		216		
123		1851		0		1359		survived		7.05694		6.70015		116		108		216		216		212		216		
124		1851		0		1359		survived		7.05694		6.70015		117		108		216		216		212		216		
125		1851		0		1359		survived		7.05694		6.70015		118		108		216		216		212		216		
126		1851		0		1359		survived		7.05694		6.70015		119		108		216		216		212		216		
127		1851		0		1359		survived		7.05694		6.70015		120		108		216		216		212		216		
128		1851		0		1359		survived		7.05694		6.70015		121		108		216		216		212		216		
129		1851		0		1359		survived		7.05694		6.70015		122		108		216		216		212		216		
130		1851		0		1359		survived		7.05694		6.70015		123		108		216		216		212		216		
131		1851		0		1359		survived		7.05694		6.70015		124		108		216		216		212		216		
132		1851		0		1359		survived		7.05694		6.70015		125		108		216		216		212		216		
133		1851		0		1359		survived		7.05694		6.70015		126		108		216		216		212		216		
134		1851		0		1359		survived		7.05694		6.70015		127		108		216		216		212		216		
135		1851		0		1359		survived		7.05694		6.70015		128		108		216		216		212		216		
136		1851		0		1359		survived		7.05694		6.70015		129		108		216		216		212		216		
137		1851		0		1359		survived		7.05694		6.70015		130		108		216		216		212		216		
138		1851		0		1359		survived		7.05694		6.70015		131		108		216		216		212		216		
139		1851		0		1359		survived		7.05694		6.70015		132		108		216		216		212		216		
140		1851		0		1359		survived		7.05694		6.70015		133		108		216		216		212		216		
141		1851		0		1359		survived		7.05694		6.70015		134		108		216		216		212		216		
142		2283		0		1851		mutate_function(neg_abs-to-sin)		7.46234		7.05694		135		135		216		216		212		212		
143		2283		0		1851		survived		7.46234		7.05694		136		135		216		216		212		212		
144		2283		0		1851		survived		7.46234		7.05694		137		135		216		216		212		212		
145		2283		0		1851		survived		7.46234		7.05694		138		135		216		216		212		212		
146		2283		0		1851		survived		7.46234		7.05694		139		135		216		216		212		212		
147		2283		0		1851		survived		7.46234		7.05694		140		135		216		216		212		212		
148		2283		0		1851		survived		7.46234		7.05694		141		135		216		216		212		212		
149		2283		0		1851		survived		7.46234		7.05694		142		135		216		216		212		212		
150		2283		0		1851		survived		7.46234		7.05694		143		135		216		216		212		212		
151		2283		0		1851		survived		7.46234		7.05694		144		135		216		216		212		212		
152		2283		0		1851		survived		7.46234		7.05694		145		135		216		216		212		212		
153		2283		0		1851		survived		7.46234		7.05694		146		135		216		216		212		212		
154		2283		0		1851		survived		7.46234		7.05694		147		135		216		216		212		212		
155		2283		0		1851		survived		7.46234		7.05694		148		135		216		216		212		212		
156		2283		0		1851		survived		7.46234		7.05694		149		135		216		216		212		212		
157		2283		0		1851		survived		7.46234		7.05694		150		135		216		216		212		212		
158		2283		0		1851		survived		7.46234		7.05694		151		135		216		216		212		212		
159		2283		0		1851		survived		7.46234		7.05694		152		135		216		216		212		212		
160		2283		0		1851		survived		7.46234		7.05694		153		135		216		216		212		212		
161		2283		0		1851		survived		7.46234		7.05694		154		135		216		216		212		212		
162		2283		0		1851		survived		7.46234		7.05694		155		135		216		216		212		212		
163		2283		0		1851		survived		7.46234		7.05694		156		135		216		216		212		212		
164		2283		0		1851		survived		7.46234		7.05694		157		135		216		216		212		212		
165		2283		0		1851		survived		7.46234		7.05694		158		135		216		216		212		212		
166		2283		0		1851		survived		7.46234		7.05694		159		135		216		216		212		212		
167		2283		0		1851		survived		7.46234		7.05694		160		135		216		216		212		212		
168		2283		0		1851		survived		7.46234		7.05694		161		135		216		216		212		212		
169		2706		0		2651		mutate_weight(-0.109696390517)		7.50742		6.98475		162		162		216		216		214		208		
170		2706		0		2651		survived		7.50742		6.98475		163		162		216		216		214		208		
171		2706		0		2651		survived		7.50742		6.98475		164		162		216		216		214		208		
172		2706		0		2651		survived		7.50742		6.98475		165		162		216		216		214		208		
173		2706		0		2651		survived		7.50742		6.98475		166		162		216		216		214		208		
174		2796		0		2651		add_link		7.55016		6.98475		167		167		216		216		214		208		
175		2803		0		2651		add_link		7.57037		6.98475		168		168		216		216		212		208		
176		2803		0		2651		survived		7.57037		6.98475		169		168		216		216		212		208		
177		2833		0		2803		mutate_weight(-0.0203315807116)		7.61685		7.57037		170		170		216		216		212		212		
178		2833		0		2803		survived		7.61685		7.57037		171		170		216		216		212		212		
179		2833		0		2803		survived		7.61685		7.57037		172		170		216		216		212		212		
180		2833		0		2803		survived		7.61685		7.57037		173		170		216		216		212		212		
181		2833		0		2803		survived		7.61685		7.57037		174		170		216		216		212		212		
182		2833		0		2803		survived		7.61685		7.57037		175		170		216		216		212		212		
183		2833		0		2803		survived		7.61685		7.57037		176		170		216		216		212		212		
184		2833		0		2803		survived		7.61685		7.57037		177		170		216		216		212		212		
185		2833		0		2803		survived		7.61685		7.57037		178		170		216		216		212		212		
186		2833		0		2803		survived		7.61685		7.57037		179		170		216		216		212		212		
187		2833		0		2803		survived		7.61685		7.57037		180		170		216		216		212		212		
188		2833		0		2803		survived		7.61685		7.57037		181		170		216		216		212		212		
189		2833		0		2803		survived		7.61685		7.57037		182		170		216		216		212		212		
190		2833		0		2803		survived		7.61685		7.57037		183		170		216		216		212		212		
191		2833		0		2803		survived		7.61685		7.57037		184		170		216		216		212		212		
192		2833		0		2803		survived		7.61685		7.57037		185		170		216		216		212		212		
193		2833		0		2803		survived		7.61685		7.57037		186		170		216		216		212		212		
194		2833		0		2803		survived		7.61685		7.57037		187		170		216		216		212		212		
195		2833		0		2803		survived		7.61685		7.57037		188		170		216		216		212		212		
196		2833		0		2803		survived		7.61685		7.57037		189		170		216		216		212		212		
197		2833		0		2803		survived		7.61685		7.57037		190		170		216		216		212		212		
198		2833		0		2803		survived		7.61685		7.57037		191		170		216		216		212		212		
199		2833		0		2803		survived		7.61685		7.57037		192		170		216		216		212		212		
200		2833		0		2803		survived		7.61685		7.57037		193		170		216		216		212		212		
201		2833		0		2803		survived		7.61685		7.57037		194		170		216		216		212		212		
202		2833		0		2803		survived		7.61685		7.57037		195		170		216		216		212		212		
203		3254		0		2833		add_node		7.6366		7.61685		196		196		216		216		214		212		
204		3254		0		2833		survived		7.6366		7.61685		197		196		216		216		214		212		
205		3254		0		2833		survived		7.6366		7.61685		198		196		216		216		214		212		
206		3254		0		2833		survived		7.6366		7.61685		199		196		216		216		214		212		
207		3254		0		2833		survived		7.6366		7.61685		200		196		216		216		214		212		
208		3254		0		2833		survived		7.6366		7.61685		201		196		216		216		214		212		
209		3254		0		2833		survived		7.6366		7.61685		202		196		216		216		214		212		
210		3254		0		2833		survived		7.6366		7.61685		203		196		216		216		214		212		
211		3254		0		2833		survived		7.6366		7.61685		204		196		216		216		214		212		
212		3254		0		2833		survived		7.6366		7.61685		205		196		216		216		214		212		
213		3254		0		2833		survived		7.6366		7.61685		206		196		216		216		214		212		
214		3254		0		2833		survived		7.6366		7.61685		207		196		216		216		214		212		
215		3254		0		2833		survived		7.6366		7.61685		208		196		216		216		214		212		
216		3254		0		2833		survived		7.6366		7.61685		209		196		216		216		214		212		
217		3254		0		2833		survived		7.6366		7.61685		210		196		216		216		214		212		
218		3254		0		2833		survived		7.6366		7.61685		211		196		216		216		214		212		
219		3254		0		2833		survived		7.6366		7.61685		212		196		216		216		214		212		
220		3254		0		2833		survived		7.6366		7.61685		213		196		216		216		214		212		
221		3254		0		2833		survived		7.6366		7.61685		214		196		216		216		214		212		
222		3254		0		2833		survived		7.6366		7.61685		215		196		216		216		214		212		
223		3254		0		2833		survived		7.6366		7.61685		216		196		216		216		214		212		
224		3596		0		3490		add_link		7.68017		7.59706		40		40		208		204		208		204		
225		3596		0		3490		survived		7.68017		7.59706		41		40		208		204		208		204		
226		3596		0		3490		survived		7.68017		7.59706		42		40		208		204		208		204		
227		3596		0		3490		survived		7.68017		7.59706		43		40		208		204		208		204		
228		3596		0		3490		survived		7.68017		7.59706		44		40		208		204		208		204		
229		3663		0		3596		add_link		8.2875		7.68017		45		45		204		208		204		208		
230		3663		0		3596		survived		8.2875		7.68017		46		45		204		208		204		208		
231		3663		0		3596		survived		8.2875		7.68017		47		45		204		208		204		208		
232		3663		0		3596		survived		8.2875		7.68017		48		45		204		208		204		208		
233		3663		0		3596		survived		8.2875		7.68017		49		45		204		208		204		208		
234		3663		0		3596		survived		8.2875		7.68017		50		45		204		208		204		208		
235		3663		0		3596		survived		8.2875		7.68017		51		45		204		208		204		208		
236		3663		0		3596		survived		8.2875		7.68017		52		45		204		208		204		208		
237		3663		0		3596		survived		8.2875		7.68017		53		45		204		208		204		208		
238		3663		0		3596		survived		8.2875		7.68017		54		45		204		208		204		208		
239		3663		0		3596		survived		8.2875		7.68017		55		45		204		208		204		208		
240		3663		0		3596		survived		8.2875		7.68017		56		45		204		208		204		208		
241		3663		0		3596		survived		8.2875		7.68017		57		45		204		208		204		208		
242		3663		0		3596		survived		8.2875		7.68017		58		45		204		208		204		208		
243		3663		0		3596		survived		8.2875		7.68017		59		45		204		208		204		208		
244		3663		0		3596		survived		8.2875		7.68017		60		45		204		208		204		208		
245		3663		0		3596		survived		8.2875		7.68017		61		45		204		208		204		208		
246		3663		0		3596		survived		8.2875		7.68017		62		45		204		208		204		208		
247		3663		0		3596		survived		8.2875		7.68017		63		45		204		208		204		208		
248		3663		0		3596		survived		8.2875		7.68017		64		45		204		208		204		208		
249		3663		0		3596		survived		8.2875		7.68017		65		45		204		208		204		208		
250		3663		0		3596		survived		8.2875		7.68017		66		45		204		208		204		208		
251		3663		0		3596		survived		8.2875		7.68017		67		45		204		208		204		208		
252		3663		0		3596		survived		8.2875		7.68017		68		45		204		208		204		208		
253		3663		0		3596		survived		8.2875		7.68017		69		45		204		208		204		208		
254		4073		0		4053		mutate_weight(0.56258175616)		8.49765		8.14704		70		70		199		196		199		196		
255		4073		0		4053		survived		8.49765		8.14704		71		70		199		196		199		196		
256		4073		0		4053		survived		8.49765		8.14704		72		70		199		196		199		196		
257		4073		0		4053		survived		8.49765		8.14704		73		70		199		196		199		196		
258		4073		0		4053		survived		8.49765		8.14704		74		70		199		196		199		196		
259		4073		0		4053		survived		8.49765		8.14704		75		70		199		196		199		196		
260		4073		0		4053		survived		8.49765		8.14704		76		70		199		196		199		196		
261		4073		0		4053		survived		8.49765		8.14704		77		70		199		196		199		196		
262		4073		0		4053		survived		8.49765		8.14704		78		70		199		196		199		196		
263		4073		0		4053		survived		8.49765		8.14704		79		70		199		196		199		196		
264		4073		0		4053		survived		8.49765		8.14704		80		70		199		196		199		196		
265		4073		0		4053		survived		8.49765		8.14704		81		70		199		196		199		196		
266		4073		0		4053		survived		8.49765		8.14704		82		70		199		196		199		196		
267		4073		0		4053		survived		8.49765		8.14704		83		70		199		196		199		196		
268		4073		0		4053		survived		8.49765		8.14704		84		70		199		196		199		196		
269		4073		0		4053		survived		8.49765		8.14704		85		70		199		196		199		196		
270		4073		0		4053		survived		8.49765		8.14704		86		70		199		196		199		196		
271		4073		0		4053		survived		8.49765		8.14704		87		70		199		196		199		196		
272		4073		0		4053		survived		8.49765		8.14704		88		70		199		196		199		196		
273		4073		0		4053		survived		8.49765		8.14704		89		70		199		196		199		196		
274		4387		0		4073		mutate_weight(0.203578578479)		8.68331		8.49765		90		90		196		199		196		199		
275		4387		0		4073		survived		8.68331		8.49765		91		90		196		199		196		199		
276		4387		0		4073		survived		8.68331		8.49765		92		90		196		199		196		199		
277		4387		0		4073		survived		8.68331		8.49765		93		90		196		199		196		199		
278		4387		0		4073		survived		8.68331		8.49765		94		90		196		199		196		199		
279		4387		0		4073		survived		8.68331		8.49765		95		90		196		199		196		199		
280		4387		0		4073		survived		8.68331		8.49765		96		90		196		199		196		199		
281		4387		0		4073		survived		8.68331		8.49765		97		90		196		199		196		199		
282		4387		0		4073		survived		8.68331		8.49765		98		90		196		199		196		199		
283		4387		0		4073		survived		8.68331		8.49765		99		90		196		199		196		199		
284		4387		0		4073		survived		8.68331		8.49765		100		90		196		199		196		199		
285		4387		0		4073		survived		8.68331		8.49765		101		90		196		199		196		199		
286		4387		0		4073		survived		8.68331		8.49765		102		90		196		199		196		199		
287		4387		0		4073		survived		8.68331		8.49765		103		90		196		199		196		199		
288		4387		0		4073		survived		8.68331		8.49765		104		90		196		199		196		199		
289		4387		0		4073		survived		8.68331		8.49765		105		90		196		199		196		199		
290		4647		0		4637		add_link		9.18124		8.38346		106		106		181		180		181		180		
291		4647		0		4637		survived		9.18124		8.38346		107		106		181		180		181		180		
292		4647		0		4637		survived		9.18124		8.38346		108		106		181		180		181		180		
293		4647		0		4637		survived		9.18124		8.38346		109		106		181		180		181		180		
294		4647		0		4637		survived		9.18124		8.38346		110		106		181		180		181		180		
295		4647		0		4637		survived		9.18124		8.38346		111		106		181		180		181		180		
296		4647		0		4637		survived		9.18124		8.38346		112		106		181		180		181		180		
297		4647		0		4637		survived		9.18124		8.38346		113		106		181		180		181		180		
298		4769		0		4637		mutate_weight(-0.154269392217)		9.24288		8.38346		114		114		184		180		184		180		
299		4769		0		4637		survived		9.24288		8.38346		115		114		184		180		184		180		
300		4769		0		4637		survived		9.24288		8.38346		116		114		184		180		184		180		
301		4769		0		4637		survived		9.24288		8.38346		117		114		184		180		184		180		
302		4769		0		4637		survived		9.24288		8.38346		118		114		184		180		184		180		
303		4769		0		4637		survived		9.24288		8.38346		119		114		184		180		184		180		
304		4769		0		4637		survived		9.24288		8.38346		120		114		184		180		184		180		
305		4769		0		4637		survived		9.24288		8.38346		121		114		184		180		184		180		
306		4769		0		4637		survived		9.24288		8.38346		122		114		184		180		184		180		
307		4769		0		4637		survived		9.24288		8.38346		123		114		184		180		184		180		
308		4933		0		4647		add_link		9.36041		9.18124		124		124		186		181		186		181		
309		4933		0		4647		survived		9.36041		9.18124		125		124		186		181		186		181		
310		4933		0		4647		survived		9.36041		9.18124		126		124		186		181		186		181		
311		4978		0		4933		remove_link		9.53126		9.36041		127		127		186		186		186		186		
312		4978		0		4933		survived		9.53126		9.36041		128		127		186		186		186		186		
313		4978		0		4933		survived		9.53126		9.36041		129		127		186		186		186		186		
314		4978		0		4933		survived		9.53126		9.36041		130		127		186		186		186		186		
315		4978		0		4933		survived		9.53126		9.36041		131		127		186		186		186		186		
316		4978		0		4933		survived		9.53126		9.36041		132		127		186		186		186		186		
317		4978		0		4933		survived		9.53126		9.36041		133		127		186		186		186		186		
318		4978		0		4933		survived		9.53126		9.36041		134		127		186		186		186		186		
319		4978		0		4933		survived		9.53126		9.36041		135		127		186		186		186		186		
320		4978		0		4933		survived		9.53126		9.36041		136		127		186		186		186		186		
321		4978		0		4933		survived		9.53126		9.36041		137		127		186		186		186		186		
322		4978		0		4933		survived		9.53126		9.36041		138		127		186		186		186		186		
323		4978		0		4933		survived		9.53126		9.36041		139		127		186		186		186		186		
324		4978		0		4933		survived		9.53126		9.36041		140		127		186		186		186		186		
325		5203		0		4978		add_node		9.54658		9.53126		141		141		186		186		186		186		
326		5203		0		4978		survived		9.54658		9.53126		142		141		186		186		186		186		
327		5203		0		4978		survived		9.54658		9.53126		143		141		186		186		186		186		
328		5203		0		4978		survived		9.54658		9.53126		144		141		186		186		186		186		
329		5203		0		4978		survived		9.54658		9.53126		145		141		186		186		186		186		
330		5203		0		4978		survived		9.54658		9.53126		146		141		186		186		186		186		
331		5203		0		4978		survived		9.54658		9.53126		147		141		186		186		186		186		
332		5203		0		4978		survived		9.54658		9.53126		148		141		186		186		186		186		
333		5203		0		4978		survived		9.54658		9.53126		149		141		186		186		186		186		
334		5203		0		4978		survived		9.54658		9.53126		150		141		186		186		186		186		
335		5203		0		4978		survived		9.54658		9.53126		151		141		186		186		186		186		
336		5203		0		4978		survived		9.54658		9.53126		152		141		186		186		186		186		
337		5203		0		4978		survived		9.54658		9.53126		153		141		186		186		186		186		
338		5203		0		4978		survived		9.54658		9.53126		154		141		186		186		186		186		
339		5203		0		4978		survived		9.54658		9.53126		155		141		186		186		186		186		
340		5203		0		4978		survived		9.54658		9.53126		156		141		186		186		186		186		
341		5203		0		4978		survived		9.54658		9.53126		157		141		186		186		186		186		
342		5203		0		4978		survived		9.54658		9.53126		158		141		186		186		186		186		
343		5203		0		4978		survived		9.54658		9.53126		159		141		186		186		186		186		
344		5503		0		5251		add_link		9.66576		9.11524		160		160		178		175		178		175		
345		5503		0		5251		survived		9.66576		9.11524		161		160		178		175		178		175		
346		5503		0		5251		survived		9.66576		9.11524		162		160		178		175		178		175		
347		5503		0		5251		survived		9.66576		9.11524		163		160		178		175		178		175		
348		5503		0		5251		survived		9.66576		9.11524		164		160		178		175		178		175		
349		5503		0		5251		survived		9.66576		9.11524		165		160		178		175		178		175		
350		5503		0		5251		survived		9.66576		9.11524		166		160		178		175		178		175		
351		5503		0		5251		survived		9.66576		9.11524		167		160		178		175		178		175		
352		5503		0		5251		survived		9.66576		9.11524		168		160		178		175		178		175		
353		5503		0		5251		survived		9.66576		9.11524		169		160		178		175		178		175		
354		5503		0		5251		survived		9.66576		9.11524		170		160		178		175		178		175		
355		5503		0		5251		survived		9.66576		9.11524		171		160		178		175		178		175		
356		5503		0		5251		survived		9.66576		9.11524		172		160		178		175		178		175		
357		5503		0		5251		survived		9.66576		9.11524		173		160		178		175		178		175		
358		5503		0		5251		survived		9.66576		9.11524		174		160		178		175		178		175		
359		5503		0		5251		survived		9.66576		9.11524		175		160		178		175		178		175		
360		5503		0		5251		survived		9.66576		9.11524		176		160		178		175		178		175		
361		5503		0		5251		survived		9.66576		9.11524		177		160		178		175		178		175		
362		5503		0		5251		survived		9.66576		9.11524		178		160		178		175		178		175		
363		5815		0		5503		mutate_weight(0.104095240079)		9.72533		9.66576		179		179		177		178		177		178		
364		5832		0		5815		add_node		9.72685		9.72533		180		180		179		177		179		177		
365		5832		0		5815		survived		9.72685		9.72533		181		180		179		177		179		177		
366		5832		0		5815		survived		9.72685		9.72533		182		180		179		177		179		177		
367		5832		0		5815		survived		9.72685		9.72533		183		180		179		177		179		177		
368		5832		0		5815		survived		9.72685		9.72533		184		180		179		177		179		177		
369		5832		0		5815		survived		9.72685		9.72533		185		180		179		177		179		177		
370		5832		0		5815		survived		9.72685		9.72533		186		180		179		177		179		177		
371		5832		0		5815		survived		9.72685		9.72533		187		180		179		177		179		177		
372		5832		0		5815		survived		9.72685		9.72533		188		180		179		177		179		177		
373		5832		0		5815		survived		9.72685		9.72533		189		180		179		177		179		177		
374		5832		0		5815		survived		9.72685		9.72533		190		180		179		177		179		177		
375		5832		0		5815		survived		9.72685		9.72533		191		180		179		177		179		177		
376		5832		0		5815		survived		9.72685		9.72533		192		180		179		177		179		177		
377		5832		0		5815		survived		9.72685		9.72533		193		180		179		177		179		177		
378		5832		0		5815		survived		9.72685		9.72533		194		180		179		177		179		177		
379		5832		0		5815		survived		9.72685		9.72533		195		180		179		177		179		177		
380		5832		0		5815		survived		9.72685		9.72533		196		180		179		177		179		177		
381		5832		0		5815		survived		9.72685		9.72533		197		180		179		177		179		177		
382		5832		0		5815		survived		9.72685		9.72533		198		180		179		177		179		177		
383		5832		0		5815		survived		9.72685		9.72533		199		180		179		177		179		177		
384		5832		0		5815		survived		9.72685		9.72533		200		180		179		177		179		177		
385		5832		0		5815		survived		9.72685		9.72533		201		180		179		177		179		177		
386		5832		0		5815		survived		9.72685		9.72533		202		180		179		177		179		177		
387		5832		0		5815		survived		9.72685		9.72533		203		180		179		177		179		177		
388		5832		0		5815		survived		9.72685		9.72533		204		180		179		177		179		177		
389		5832		0		5815		survived		9.72685		9.72533		205		180		179		177		179		177		
390		5832		0		5815		survived		9.72685		9.72533		206		180		179		177		179		177		
391		5832		0		5815		survived		9.72685		9.72533		207		180		179		177		179		177		
392		5832		0		5815		survived		9.72685		9.72533		208		180		179		177		179		177		
393		5832		0		5815		survived		9.72685		9.72533		209		180		179		177		179		177		
394		5832		0		5815		survived		9.72685		9.72533		210		180		179		177		179		177		
395		5832		0		5815		survived		9.72685		9.72533		211		180		179		177		179		177		
396		5832		0		5815		survived		9.72685		9.72533		212		180		179		177		179		177		
397		5832		0		5815		survived		9.72685		9.72533		213		180		179		177		179		177		
398		5832		0		5815		survived		9.72685		9.72533		214		180		179		177		179		177		
399		5832		0		5815		survived		9.72685		9.72533		215		180		179		177		179		177		
400		5832		0		5815		survived		9.72685		9.72533		216		180		179		177		179		177		
401		5832		0		5815		survived		9.72685		9.72533		217		180		179		177		179		177		
402		5832		0		5815		survived		9.72685		9.72533		218		180		179		177		179		177		
403		5832		0		5815		survived		9.72685		9.72533		219		180		179		177		179		177		
404		6466		0		6223		remove_link		9.7308		9.60769		220		220		176		176		176		176		
405		6466		0		6223		survived		9.7308		9.60769		221		220		176		176		176		176		
406		6502		0		6486		add_link		9.7308		6.91062		222		222		157		157		157		157		
407		6502		0		6486		survived		9.7308		6.91062		223		222		157		157		157		157		
408		6502		0		6486		survived		9.7308		6.91062		224		222		157		157		157		157		
409		6502		0		6486		survived		9.7308		6.91062		225		222		157		157		157		157		
410		6502		0		6486		survived		9.7308		6.91062		226		222		157		157		157		157		
411		6502		0		6486		survived		9.7308		6.91062		227		222		157		157		157		157		
412		6502		0		6486		survived		9.7308		6.91062		228		222		157		157		157		157		
413		6502		0		6486		survived		9.7308		6.91062		229		222		157		157		157		157		
414		6502		0		6486		survived		9.7308		6.91062		230		222		157		157		157		157		
415		6644		0		6502		mutate_weight(-0.0569913939115)		9.73749		9.7308		231		231		180		157		180		157		
416		6644		0		6502		survived		9.73749		9.7308		232		231		180		157		180		157		
417		6644		0		6502		survived		9.73749		9.7308		233		231		180		157		180		157		
418		6644		0		6502		survived		9.73749		9.7308		234		231		180		157		180		157		
419		6644		0		6502		survived		9.73749		9.7308		235		231		180		157		180		157		
420		6644		0		6502		survived		9.73749		9.7308		236		231		180		157		180		157		
421		6644		0		6502		survived		9.73749		9.7308		237		231		180		157		180		157		
422		6644		0		6502		survived		9.73749		9.7308		238		231		180		157		180		157		
423		6644		0		6502		survived		9.73749		9.7308		239		231		180		157		180		157		
424		6644		0		6502		survived		9.73749		9.7308		240		231		180		157		180		157		
425		6644		0		6502		survived		9.73749		9.7308		241		231		180		157		180		157		
426		6644		0		6502		survived		9.73749		9.7308		242		231		180		157		180		157		
427		6644		0		6502		survived		9.73749		9.7308		243		231		180		157		180		157		
428		6644		0		6502		survived		9.73749		9.7308		244		231		180		157		180		157		
429		6644		0		6502		survived		9.73749		9.7308		245		231		180		157		180		157		
430		6644		0		6502		survived		9.73749		9.7308		246		231		180		157		180		157		
431		6644		0		6502		survived		9.73749		9.7308		247		231		180		157		180		157		
432		6644		0		6502		survived		9.73749		9.7308		248		231		180		157		180		157		
433		6644		0		6502		survived		9.73749		9.7308		249		231		180		157		180		157		
434		6644		0		6502		survived		9.73749		9.7308		250		231		180		157		180		157		
435		6644		0		6502		survived		9.73749		9.7308		251		231		180		157		180		157		
436		6644		0		6502		survived		9.73749		9.7308		252		231		180		157		180		157		
437		6644		0		6502		survived		9.73749		9.7308		253		231		180		157		180		157		
438		6644		0		6502		survived		9.73749		9.7308		254		231		180		157		180		157		
439		6644		0		6502		survived		9.73749		9.7308		255		231		180		157		180		157		
440		6644		0		6502		survived		9.73749		9.7308		256		231		180		157		180		157		
441		6644		0		6502		survived		9.73749		9.7308		257		231		180		157		180		157		
442		6644		0		6502		survived		9.73749		9.7308		258		231		180		157		180		157		
443		6644		0		6502		survived		9.73749		9.7308		259		231		180		157		180		157		
444		6644		0		6502		survived		9.73749		9.7308		260		231		180		157		180		157		
445		6644		0		6502		survived		9.73749		9.7308		261		231		180		157		180		157		
446		6644		0		6502		survived		9.73749		9.7308		262		231		180		157		180		157		
447		6644		0		6502		survived		9.73749		9.7308		263		231		180		157		180		157		
448		6644		0		6502		survived		9.73749		9.7308		264		231		180		157		180		157		
449		6644		0		6502		survived		9.73749		9.7308		265		231		180		157		180		157		
450		6644		0		6502		survived		9.73749		9.7308		266		231		180		157		180		157		
451		6644		0		6502		survived		9.73749		9.7308		267		231		180		157		180		157		
452		6644		0		6502		survived		9.73749		9.7308		268		231		180		157		180		157		
453		6644		0		6502		survived		9.73749		9.7308		269		231		180		157		180		157		
454		6644		0		6502		survived		9.73749		9.7308		270		231		180		157		180		157		
455		6644		0		6502		survived		9.73749		9.7308		271		231		180		157		180		157		
456		6644		0		6502		survived		9.73749		9.7308		272		231		180		157		180		157		
457		6644		0		6502		survived		9.73749		9.7308		273		231		180		157		180		157		
458		6644		0		6502		survived		9.73749		9.7308		274		231		180		157		180		157		
459		6644		0		6502		survived		9.73749		9.7308		275		231		180		157		180		157		
460		6644		0		6502		survived		9.73749		9.7308		276		231		180		157		180		157		
461		6644		0		6502		survived		9.73749		9.7308		277		231		180		157		180		157		
462		6644		0		6502		survived		9.73749		9.7308		278		231		180		157		180		157		
463		6644		0		6502		survived		9.73749		9.7308		279		231		180		157		180		157		
464		6644		0		6502		survived		9.73749		9.7308		280		231		180		157		180		157		
465		6644		0		6502		survived		9.73749		9.7308		281		231		180		157		180		157		
466		6644		0		6502		survived		9.73749		9.7308		282		231		180		157		180		157		
467		6644		0		6502		survived		9.73749		9.7308		283		231		180		157		180		157		
468		6644		0		6502		survived		9.73749		9.7308		284		231		180		157		180		157		
469		7505		0		6644		add_link		9.76206		9.73749		285		285		179		180		179		180		
470		7505		0		6644		survived		9.76206		9.73749		286		285		179		180		179		180		
471		7505		0		6644		survived		9.76206		9.73749		287		285		179		180		179		180		
472		7505		0		6644		survived		9.76206		9.73749		288		285		179		180		179		180		
473		7505		0		6644		survived		9.76206		9.73749		289		285		179		180		179		180		
474		7505		0		6644		survived		9.76206		9.73749		290		285		179		180		179		180		
475		7505		0		6644		survived		9.76206		9.73749		291		285		179		180		179		180		
476		7505		0		6644		survived		9.76206		9.73749		292		285		179		180		179		180		
477		7505		0		6644		survived		9.76206		9.73749		293		285		179		180		179		180		
478		7505		0		6644		survived		9.76206		9.73749		294		285		179		180		179		180		
479		7505		0		6644		survived		9.76206		9.73749		295		285		179		180		179		180		
480		7505		0		6644		survived		9.76206		9.73749		296		285		179		180		179		180		
481		7505		0		6644		survived		9.76206		9.73749		297		285		179		180		179		180		
482		7505		0		6644		survived		9.76206		9.73749		298		285		179		180		179		180		
483		7505		0		6644		survived		9.76206		9.73749		299		285		179		180		179		180		
484		7505		0		6644		survived		9.76206		9.73749		300		285		179		180		179		180		
485		7505		0		6644		survived		9.76206		9.73749		301		285		179		180		179		180		
486		7778		0		7505		add_node		9.79756		9.76206		302		302		179		179		179		179		
487		7778		0		7505		survived		9.79756		9.76206		303		302		179		179		179		179		
488		7778		0		7505		survived		9.79756		9.76206		304		302		179		179		179		179		
489		7778		0		7505		survived		9.79756		9.76206		305		302		179		179		179		179		
490		7778		0		7505		survived		9.79756		9.76206		306		302		179		179		179		179		
491		7778		0		7505		survived		9.79756		9.76206		307		302		179		179		179		179		
492		7778		0		7505		survived		9.79756		9.76206		308		302		179		179		179		179		
493		7778		0		7505		survived		9.79756		9.76206		309		302		179		179		179		179		
494		7778		0		7505		survived		9.79756		9.76206		310		302		179		179		179		179		
495		7778		0		7505		survived		9.79756		9.76206		311		302		179		179		179		179		
496		7778		0		7505		survived		9.79756		9.76206		312		302		179		179		179		179		
497		7778		0		7505		survived		9.79756		9.76206		313		302		179		179		179		179		
498		7778		0		7505		survived		9.79756		9.76206		314		302		179		179		179		179		
499		7778		0		7505		survived		9.79756		9.76206		315		302		179		179		179		179		
500		7778		0		7505		survived		9.79756		9.76206		316		302		179		179		179		179		
501		7778		0		7505		survived		9.79756		9.76206		317		302		179		179		179		179		
502		7778		0		7505		survived		9.79756		9.76206		318		302		179		179		179		179		
503		7778		0		7505		survived		9.79756		9.76206		319		302		179		179		179		179		
504		7778		0		7505		survived		9.79756		9.76206		320		302		179		179		179		179		
505		7778		0		7505		survived		9.79756		9.76206		321		302		179		179		179		179		
506		7778		0		7505		survived		9.79756		9.76206		322		302		179		179		179		179		
507		7778		0		7505		survived		9.79756		9.76206		323		302		179		179		179		179		
508		7778		0		7505		survived		9.79756		9.76206		324		302		179		179		179		179		
509		7778		0		7505		survived		9.79756		9.76206		325		302		179		179		179		179		
510		7778		0		7505		survived		9.79756		9.76206		326		302		179		179		179		179		
511		7778		0		7505		survived		9.79756		9.76206		327		302		179		179		179		179		
512		7778		0		7505		survived		9.79756		9.76206		328		302		179		179		179		179		
513		7778		0		7505		survived		9.79756		9.76206		329		302		179		179		179		179		
514		7778		0		7505		survived		9.79756		9.76206		330		302		179		179		179		179		
515		7778		0		7505		survived		9.79756		9.76206		331		302		179		179		179		179		
516		7778		0		7505		survived		9.79756		9.76206		332		302		179		179		179		179		
517		7778		0		7505		survived		9.79756		9.76206		333		302		179		179		179		179		
518		7778		0		7505		survived		9.79756		9.76206		334		302		179		179		179		179		
519		7778		0		7505		survived		9.79756		9.76206		335		302		179		179		179		179		
520		7778		0		7505		survived		9.79756		9.76206		336		302		179		179		179		179		
521		7778		0		7505		survived		9.79756		9.76206		337		302		179		179		179		179		
522		7778		0		7505		survived		9.79756		9.76206		338		302		179		179		179		179		
523		7778		0		7505		survived		9.79756		9.76206		339		302		179		179		179		179		
524		7778		0		7505		survived		9.79756		9.76206		340		302		179		179		179		179		
525		7778		0		7505		survived		9.79756		9.76206		341		302		179		179		179		179		
526		7778		0		7505		survived		9.79756		9.76206		342		302		179		179		179		179		
527		7778		0		7505		survived		9.79756		9.76206		343		302		179		179		179		179		
528		7778		0		7505		survived		9.79756		9.76206		344		302		179		179		179		179		
529		7778		0		7505		survived		9.79756		9.76206		345		302		179		179		179		179		
530		7778		0		7505		survived		9.79756		9.76206		346		302		179		179		179		179		
531		7778		0		7505		survived		9.79756		9.76206		347		302		179		179		179		179		
532		7778		0		7505		survived		9.79756		9.76206		348		302		179		179		179		179		
533		7778		0		7505		survived		9.79756		9.76206		349		302		179		179		179		179		
534		7778		0		7505		survived		9.79756		9.76206		350		302		179		179		179		179		
535		7778		0		7505		survived		9.79756		9.76206		351		302		179		179		179		179		
536		7778		0		7505		survived		9.79756		9.76206		352		302		179		179		179		179		
537		7778		0		7505		survived		9.79756		9.76206		353		302		179		179		179		179		
538		7778		0		7505		survived		9.79756		9.76206		354		302		179		179		179		179		
539		7778		0		7505		survived		9.79756		9.76206		355		302		179		179		179		179		
540		7778		0		7505		survived		9.79756		9.76206		356		302		179		179		179		179		
541		7778		0		7505		survived		9.79756		9.76206		357		302		179		179		179		179		
542		7778		0		7505		survived		9.79756		9.76206		358		302		179		179		179		179		
543		7778		0		7505		survived		9.79756		9.76206		359		302		179		179		179		179		
544		7778		0		7505		survived		9.79756		9.76206		360		302		179		179		179		179		
545		7778		0		7505		survived		9.79756		9.76206		361		302		179		179		179		179		
546		7778		0		7505		survived		9.79756		9.76206		362		302		179		179		179		179		
547		7778		0		7505		survived		9.79756		9.76206		363		302		179		179		179		179		
548		7778		0		7505		survived		9.79756		9.76206		364		302		179		179		179		179		
549		7778		0		7505		survived		9.79756		9.76206		365		302		179		179		179		179		
550		7778		0		7505		survived		9.79756		9.76206		366		302		179		179		179		179		
551		7778		0		7505		survived		9.79756		9.76206		367		302		179		179		179		179		
552		7778		0		7505		survived		9.79756		9.76206		368		302		179		179		179		179		
553		7778		0		7505		survived		9.79756		9.76206		369		302		179		179		179		179		
554		7778		0		7505		survived		9.79756		9.76206		370		302		179		179		179		179		
555		7778		0		7505		survived		9.79756		9.76206		371		302		179		179		179		179		
556		7778		0		7505		survived		9.79756		9.76206		372		302		179		179		179		179		
557		7778		0		7505		survived		9.79756		9.76206		373		302		179		179		179		179		
558		7778		0		7505		survived		9.79756		9.76206		374		302		179		179		179		179		
559		7778		0		7505		survived		9.79756		9.76206		375		302		179		179		179		179		
560		7778		0		7505		survived		9.79756		9.76206		376		302		179		179		179		179		
561		7778		0		7505		survived		9.79756		9.76206		377		302		179		179		179		179		
562		7778		0		7505		survived		9.79756		9.76206		378		302		179		179		179		179		
563		7778		0		7505		survived		9.79756		9.76206		379		302		179		179		179		179		
564		7778		0		7505		survived		9.79756		9.76206		380		302		179		179		179		179		
565		7778		0		7505		survived		9.79756		9.76206		381		302		179		179		179		179		
566		7778		0		7505		survived		9.79756		9.76206		382		302		179		179		179		179		
567		7778		0		7505		survived		9.79756		9.76206		383		302		179		179		179		179		
568		7778		0		7505		survived		9.79756		9.76206		384		302		179		179		179		179		
569		7778		0		7505		survived		9.79756		9.76206		385		302		179		179		179		179		
570		7778		0		7505		survived		9.79756		9.76206		386		302		179		179		179		179		
571		7778		0		7505		survived		9.79756		9.76206		387		302		179		179		179		179		
572		7778		0		7505		survived		9.79756		9.76206		388		302		179		179		179		179		
573		7778		0		7505		survived		9.79756		9.76206		389		302		179		179		179		179		
574		7778		0		7505		survived		9.79756		9.76206		390		302		179		179		179		179		
575		7778		0		7505		survived		9.79756		9.76206		391		302		179		179		179		179		
576		7778		0		7505		survived		9.79756		9.76206		392		302		179		179		179		179		
577		7778		0		7505		survived		9.79756		9.76206		393		302		179		179		179		179		
578		7778		0		7505		survived		9.79756		9.76206		394		302		179		179		179		179		
579		7778		0		7505		survived		9.79756		9.76206		395		302		179		179		179		179		
580		7778		0		7505		survived		9.79756		9.76206		396		302		179		179		179		179		
581		7778		0		7505		survived		9.79756		9.76206		397		302		179		179		179		179		
582		7778		0		7505		survived		9.79756		9.76206		398		302		179		179		179		179		
583		7778		0		7505		survived		9.79756		9.76206		399		302		179		179		179		179		
584		7778		0		7505		survived		9.79756		9.76206		400		302		179		179		179		179		
585		7778		0		7505		survived		9.79756		9.76206		401		302		179		179		179		179		
586		7778		0		7505		survived		9.79756		9.76206		402		302		179		179		179		179		
587		7778		0		7505		survived		9.79756		9.76206		403		302		179		179		179		179		
588		7778		0		7505		survived		9.79756		9.76206		404		302		179		179		179		179		
589		7778		0		7505		survived		9.79756		9.76206		405		302		179		179		179		179		
590		7778		0		7505		survived		9.79756		9.76206		406		302		179		179		179		179		
591		7778		0		7505		survived		9.79756		9.76206		407		302		179		179		179		179		
592		7778		0		7505		survived		9.79756		9.76206		408		302		179		179		179		179		
593		7778		0		7505		survived		9.79756		9.76206		409		302		179		179		179		179		
594		7778		0		7505		survived		9.79756		9.76206		410		302		179		179		179		179		
595		7778		0		7505		survived		9.79756		9.76206		411		302		179		179		179		179		
596		7778		0		7505		survived		9.79756		9.76206		412		302		179		179		179		179		
597		7778		0		7505		survived		9.79756		9.76206		413		302		179		179		179		179		
598		7778		0		7505		survived		9.79756		9.76206		414		302		179		179		179		179		
599		7778		0		7505		survived		9.79756		9.76206		415		302		179		179		179		179		
600		7778		0		7505		survived		9.79756		9.76206		416		302		179		179		179		179		
601		7778		0		7505		survived		9.79756		9.76206		417		302		179		179		179		179		
602		7778		0		7505		survived		9.79756		9.76206		418		302		179		179		179		179		
603		7778		0		7505		survived		9.79756		9.76206		419		302		179		179		179		179		
604		7778		0		7505		survived		9.79756		9.76206		420		302		179		179		179		179		
605		7778		0		7505		survived		9.79756		9.76206		421		302		179		179		179		179		
606		7778		0		7505		survived		9.79756		9.76206		422		302		179		179		179		179		
607		7778		0		7505		survived		9.79756		9.76206		423		302		179		179		179		179		
608		7778		0		7505		survived		9.79756		9.76206		424		302		179		179		179		179		
609		7778		0		7505		survived		9.79756		9.76206		425		302		179		179		179		179		
610		7778		0		7505		survived		9.79756		9.76206		426		302		179		179		179		179		
611		7778		0		7505		survived		9.79756		9.76206		427		302		179		179		179		179		
612		7778		0		7505		survived		9.79756		9.76206		428		302		179		179		179		179		
613		7778		0		7505		survived		9.79756		9.76206		429		302		179		179		179		179		
614		7778		0		7505		survived		9.79756		9.76206		430		302		179		179		179		179		
615		7778		0		7505		survived		9.79756		9.76206		431		302		179		179		179		179		
616		7778		0		7505		survived		9.79756		9.76206		432		302		179		179		179		179		
617		7778		0		7505		survived		9.79756		9.76206		433		302		179		179		179		179		
618		7778		0		7505		survived		9.79756		9.76206		434		302		179		179		179		179		
619		7778		0		7505		survived		9.79756		9.76206		435		302		179		179		179		179		
620		7778		0		7505		survived		9.79756		9.76206		436		302		179		179		179		179		
621		7778		0		7505		survived		9.79756		9.76206		437		302		179		179		179		179		
622		7778		0		7505		survived		9.79756		9.76206		438		302		179		179		179		179		
623		7778		0		7505		survived		9.79756		9.76206		439		302		179		179		179		179		
624		7778		0		7505		survived		9.79756		9.76206		440		302		179		179		179		179		
625		7778		0		7505		survived		9.79756		9.76206		441		302		179		179		179		179		
626		7778		0		7505		survived		9.79756		9.76206		442		302		179		179		179		179		
627		7778		0		7505		survived		9.79756		9.76206		443		302		179		179		179		179		
628		7778		0		7505		survived		9.79756		9.76206		444		302		179		179		179		179		
629		7778		0		7505		survived		9.79756		9.76206		445		302		179		179		179		179		
630		7778		0		7505		survived		9.79756		9.76206		446		302		179		179		179		179		
631		7778		0		7505		survived		9.79756		9.76206		447		302		179		179		179		179		
632		7778		0		7505		survived		9.79756		9.76206		448		302		179		179		179		179		
633		7778		0		7505		survived		9.79756		9.76206		449		302		179		179		179		179		
634		7778		0		7505		survived		9.79756		9.76206		450		302		179		179		179		179		
635		7778		0		7505		survived		9.79756		9.76206		451		302		179		179		179		179		
636		7778		0		7505		survived		9.79756		9.76206		452		302		179		179		179		179		
637		7778		0		7505		survived		9.79756		9.76206		453		302		179		179		179		179		
638		7778		0		7505		survived		9.79756		9.76206		454		302		179		179		179		179		
639		7778		0		7505		survived		9.79756		9.76206		455		302		179		179		179		179		
640		7778		0		7505		survived		9.79756		9.76206		456		302		179		179		179		179		
641		7778		0		7505		survived		9.79756		9.76206		457		302		179		179		179		179		
642		7778		0		7505		survived		9.79756		9.76206		458		302		179		179		179		179		
643		7778		0		7505		survived		9.79756		9.76206		459		302		179		179		179		179		
644		7778		0		7505		survived		9.79756		9.76206		460		302		179		179		179		179		
645		7778		0		7505		survived		9.79756		9.76206		461		302		179		179		179		179		
646		7778		0		7505		survived		9.79756		9.76206		462		302		179		179		179		179		
647		7778		0		7505		survived		9.79756		9.76206		463		302		179		179		179		179		
648		7778		0		7505		survived		9.79756		9.76206		464		302		179		179		179		179		
649		7778		0		7505		survived		9.79756		9.76206		465		302		179		179		179		179		
650		7778		0		7505		survived		9.79756		9.76206		466		302		179		179		179		179		
651		7778		0		7505		survived		9.79756		9.76206		467		302		179		179		179		179		
652		7778		0		7505		survived		9.79756		9.76206		468		302		179		179		179		179		
653		7778		0		7505		survived		9.79756		9.76206		469		302		179		179		179		179		
654		7778		0		7505		survived		9.79756		9.76206		470		302		179		179		179		179		
655		7778		0		7505		survived		9.79756		9.76206		471		302		179		179		179		179		
656		7778		0		7505		survived		9.79756		9.76206		472		302		179		179		179		179		
657		7778		0		7505		survived		9.79756		9.76206		473		302		179		179		179		179		
658		7778		0		7505		survived		9.79756		9.76206		474		302		179		179		179		179		
659		7778		0		7505		survived		9.79756		9.76206		475		302		179		179		179		179		
660		7778		0		7505		survived		9.79756		9.76206		476		302		179		179		179		179		
661		7778		0		7505		survived		9.79756		9.76206		477		302		179		179		179		179		
662		7778		0		7505		survived		9.79756		9.76206		478		302		179		179		179		179		
663		7778		0		7505		survived		9.79756		9.76206		479		302		179		179		179		179		
664		7778		0		7505		survived		9.79756		9.76206		480		302		179		179		179		179		
665		7778		0		7505		survived		9.79756		9.76206		481		302		179		179		179		179		
666		7778		0		7505		survived		9.79756		9.76206		482		302		179		179		179		179		
667		7778		0		7505		survived		9.79756		9.76206		483		302		179		179		179		179		
668		7778		0		7505		survived		9.79756		9.76206		484		302		179		179		179		179		
669		7778		0		7505		survived		9.79756		9.76206		485		302		179		179		179		179		
670		7778		0		7505		survived		9.79756		9.76206		486		302		179		179		179		179		
671		7778		0		7505		survived		9.79756		9.76206		487		302		179		179		179		179		
672		7778		0		7505		survived		9.79756		9.76206		488		302		179		179		179		179		
673		7778		0		7505		survived		9.79756		9.76206		489		302		179		179		179		179		
674		7778		0		7505		survived		9.79756		9.76206		490		302		179		179		179		179		
675		7778		0		7505		survived		9.79756		9.76206		491		302		179		179		179		179		
676		7778		0		7505		survived		9.79756		9.76206		492		302		179		179		179		179		
677		7778		0		7505		survived		9.79756		9.76206		493		302		179		179		179		179		
678		7778		0		7505		survived		9.79756		9.76206		494		302		179		179		179		179		
679		7778		0		7505		survived		9.79756		9.76206		495		302		179		179		179		179		
680		7778		0		7505		survived		9.79756		9.76206		496		302		179		179		179		179		
681		7778		0		7505		survived		9.79756		9.76206		497		302		179		179		179		179		
682		7778		0		7505		survived		9.79756		9.76206		498		302		179		179		179		179		
683		7778		0		7505		survived		9.79756		9.76206		499		302		179		179		179		179		
684		7778		0		7505		survived		9.79756		9.76206		500		302		179		179		179		179		
685		7778		0		7505		survived		9.79756		9.76206		501		302		179		179		179		179		
686		7778		0		7505		survived		9.79756		9.76206		502		302		179		179		179		179		
687		7778		0		7505		survived		9.79756		9.76206		503		302		179		179		179		179		
688		7778		0		7505		survived		9.79756		9.76206		504		302		179		179		179		179		
689		7778		0		7505		survived		9.79756		9.76206		505		302		179		179		179		179		
690		7778		0		7505		survived		9.79756		9.76206		506		302		179		179		179		179		
691		7778		0		7505		survived		9.79756		9.76206		507		302		179		179		179		179		
692		7778		0		7505		survived		9.79756		9.76206		508		302		179		179		179		179		
693		7778		0		7505		survived		9.79756		9.76206		509		302		179		179		179		179		
694		7778		0		7505		survived		9.79756		9.76206		510		302		179		179		179		179		
695		7778		0		7505		survived		9.79756		9.76206		511		302		179		179		179		179		
696		7778		0		7505		survived		9.79756		9.76206		512		302		179		179		179		179		
697		7778		0		7505		survived		9.79756		9.76206		513		302		179		179		179		179		
698		7778		0		7505		survived		9.79756		9.76206		514		302		179		179		179		179		
699		7778		0		7505		survived		9.79756		9.76206		515		302		179		179		179		179		
700		7778		0		7505		survived		9.79756		9.76206		516		302		179		179		179		179		
701		7778		0		7505		survived		9.79756		9.76206		517		302		179		179		179		179		
702		7778		0		7505		survived		9.79756		9.76206		518		302		179		179		179		179		
703		7778		0		7505		survived		9.79756		9.76206		519		302		179		179		179		179		
704		7778		0		7505		survived		9.79756		9.76206		520		302		179		179		179		179		
705		7778		0		7505		survived		9.79756		9.76206		521		302		179		179		179		179		
706		7778		0		7505		survived		9.79756		9.76206		522		302		179		179		179		179		
707		7778		0		7505		survived		9.79756		9.76206		523		302		179		179		179		179		
708		7778		0		7505		survived		9.79756		9.76206		524		302		179		179		179		179		
709		7778		0		7505		survived		9.79756		9.76206		525		302		179		179		179		179		
710		7778		0		7505		survived		9.79756		9.76206		526		302		179		179		179		179		
711		7778		0		7505		survived		9.79756		9.76206		527		302		179		179		179		179		
712		7778		0		7505		survived		9.79756		9.76206		528		302		179		179		179		179		
713		7778		0		7505		survived		9.79756		9.76206		529		302		179		179		179		179		
714		7778		0		7505		survived		9.79756		9.76206		530		302		179		179		179		179		
715		7778		0		7505		survived		9.79756		9.76206		531		302		179		179		179		179		
716		7778		0		7505		survived		9.79756		9.76206		532		302		179		179		179		179		
717		7778		0		7505		survived		9.79756		9.76206		533		302		179		179		179		179		
718		7778		0		7505		survived		9.79756		9.76206		534		302		179		179		179		179		
719		7778		0		7505		survived		9.79756		9.76206		535		302		179		179		179		179		
720		7778		0		7505		survived		9.79756		9.76206		536		302		179		179		179		179		
721		7778		0		7505		survived		9.79756		9.76206		537		302		179		179		179		179		
722		7778		0		7505		survived		9.79756		9.76206		538		302		179		179		179		179		
723		7778		0		7505		survived		9.79756		9.76206		539		302		179		179		179		179		
724		7778		0		7505		survived		9.79756		9.76206		540		302		179		179		179		179		
725		7778		0		7505		survived		9.79756		9.76206		541		302		179		179		179		179		
726		7778		0		7505		survived		9.79756		9.76206		542		302		179		179		179		179		
727		7778		0		7505		survived		9.79756		9.76206		543		302		179		179		179		179		
728		7778		0		7505		survived		9.79756		9.76206		544		302		179		179		179		179		
729		7778		0		7505		survived		9.79756		9.76206		545		302		179		179		179		179		
730		7778		0		7505		survived		9.79756		9.76206		546		302		179		179		179		179		
731		7778		0		7505		survived		9.79756		9.76206		547		302		179		179		179		179		
732		7778		0		7505		survived		9.79756		9.76206		548		302		179		179		179		179		
733		7778		0		7505		survived		9.79756		9.76206		549		302		179		179		179		179		
734		7778		0		7505		survived		9.79756		9.76206		550		302		179		179		179		179		
735		7778		0		7505		survived		9.79756		9.76206		551		302		179		179		179		179		
736		7778		0		7505		survived		9.79756		9.76206		552		302		179		179		179		179		
737		7778		0		7505		survived		9.79756		9.76206		553		302		179		179		179		179		
738		7778		0		7505		survived		9.79756		9.76206		554		302		179		179		179		179		
739		7778		0		7505		survived		9.79756		9.76206		555		302		179		179		179		179		
740		7778		0		7505		survived		9.79756		9.76206		556		302		179		179		179		179		
741		7778		0		7505		survived		9.79756		9.76206		557		302		179		179		179		179		
742		7778		0		7505		survived		9.79756		9.76206		558		302		179		179		179		179		
743		7778		0		7505		survived		9.79756		9.76206		559		302		179		179		179		179		
744		7778		0		7505		survived		9.79756		9.76206		560		302		179		179		179		179		
745		7778		0		7505		survived		9.79756		9.76206		561		302		179		179		179		179		
746		7778		0		7505		survived		9.79756		9.76206		562		302		179		179		179		179		
747		7778		0		7505		survived		9.79756		9.76206		563		302		179		179		179		179		
748		7778		0		7505		survived		9.79756		9.76206		564		302		179		179		179		179		
749		7778		0		7505		survived		9.79756		9.76206		565		302		179		179		179		179		
750		7778		0		7505		survived		9.79756		9.76206		566		302		179		179		179		179		
751		7778		0		7505		survived		9.79756		9.76206		567		302		179		179		179		179		
752		7778		0		7505		survived		9.79756		9.76206		568		302		179		179		179		179		
753		7778		0		7505		survived		9.79756		9.76206		569		302		179		179		179		179		
754		7778		0		7505		survived		9.79756		9.76206		570		302		179		179		179		179		
755		7778		0		7505		survived		9.79756		9.76206		571		302		179		179		179		179		
756		7778		0		7505		survived		9.79756		9.76206		572		302		179		179		179		179		
757		7778		0		7505		survived		9.79756		9.76206		573		302		179		179		179		179		
758		7778		0		7505		survived		9.79756		9.76206		574		302		179		179		179		179		
759		7778		0		7505		survived		9.79756		9.76206		575		302		179		179		179		179		
760		7778		0		7505		survived		9.79756		9.76206		576		302		179		179		179		179		
761		7778		0		7505		survived		9.79756		9.76206		577		302		179		179		179		179		
762		7778		0		7505		survived		9.79756		9.76206		578		302		179		179		179		179		
763		7778		0		7505		survived		9.79756		9.76206		579		302		179		179		179		179		
764		7778		0		7505		survived		9.79756		9.76206		580		302		179		179		179		179		
765		7778		0		7505		survived		9.79756		9.76206		581		302		179		179		179		179		
766		7778		0		7505		survived		9.79756		9.76206		582		302		179		179		179		179		
767		7778		0		7505		survived		9.79756		9.76206		583		302		179		179		179		179		
768		7778		0		7505		survived		9.79756		9.76206		584		302		179		179		179		179		
769		7778		0		7505		survived		9.79756		9.76206		585		302		179		179		179		179		
770		7778		0		7505		survived		9.79756		9.76206		586		302		179		179		179		179		
771		7778		0		7505		survived		9.79756		9.76206		587		302		179		179		179		179		
772		7778		0		7505		survived		9.79756		9.76206		588		302		179		179		179		179		
773		7778		0		7505		survived		9.79756		9.76206		589		302		179		179		179		179		
774		7778		0		7505		survived		9.79756		9.76206		590		302		179		179		179		179		
