gen		id		dom		parent_id		variation_type		fitness		parent_fitness		age		parent_age		num_voxels		parent_num_voxels		energy		parent_energy		material_different_from_parent		mean_material		mean_parent_material		mean_parent_diff_material
0		8		0		-1		newly_generated		1.26186		-10000000.0		0		10000000.0		216		10000000.0		214		10000000.0		
1		23		0		11		mutate_function(absolute-to-sin)		3.55923		0.020924		1		1		216		216		216		216		
2		43		0		23		remove_link		3.67298		3.55923		2		2		216		216		216		216		
3		43		0		23		survived		3.67298		3.55923		3		2		216		216		216		216		
4		76		0		23		mutate_weight(-0.224019124761)		4.43325		3.55923		4		4		216		216		216		216		
5		76		0		23		survived		4.43325		3.55923		5		4		216		216		216		216		
6		76		0		23		survived		4.43325		3.55923		6		4		216		216		216		216		
7		135		0		76		add_link		4.51175		4.43325		7		7		216		216		216		216		
8		135		0		76		survived		4.51175		4.43325		8		7		216		216		216		216		
9		135		0		76		survived		4.51175		4.43325		9		7		216		216		216		216		
10		135		0		76		survived		4.51175		4.43325		10		7		216		216		216		216		
11		135		0		76		survived		4.51175		4.43325		11		7		216		216		216		216		
12		135		0		76		survived		4.51175		4.43325		12		7		216		216		216		216		
13		231		0		135		add_link		4.53405		4.51175		13		13		216		216		216		216		
14		231		0		135		survived		4.53405		4.51175		14		13		216		216		216		216		
15		231		0		135		survived		4.53405		4.51175		15		13		216		216		216		216		
16		231		0		135		survived		4.53405		4.51175		16		13		216		216		216		216		
17		231		0		135		survived		4.53405		4.51175		17		13		216		216		216		216		
18		333		0		231		add_link		4.62036		4.53405		18		18		216		216		216		216		
19		333		0		231		survived		4.62036		4.53405		19		18		216		216		216		216		
20		333		0		231		survived		4.62036		4.53405		20		18		216		216		216		216		
21		383		0		374		mutate_function(square-to-neg_sqrt_abs)		4.8324		4.04792		1		1		216		216		216		216		
22		383		0		374		survived		4.8324		4.04792		2		1		216		216		216		216		
23		383		0		374		survived		4.8324		4.04792		3		1		216		216		216		216		
24		383		0		374		survived		4.8324		4.04792		4		1		216		216		216		216		
25		456		0		383		add_node		4.88315		4.8324		5		5		216		216		216		216		
26		456		0		383		survived		4.88315		4.8324		6		5		216		216		216		216		
27		456		0		383		survived		4.88315		4.8324		7		5		216		216		216		216		
28		505		0		456		remove_link		5.47447		4.88315		8		8		216		216		216		216		
29		532		0		505		mutate_weight(-0.194369297007)		5.50177		5.47447		9		9		216		216		216		216		
30		532		0		505		survived		5.50177		5.47447		10		9		216		216		216		216		
31		556		0		532		mutate_weight(-0.209958125364)		5.64606		5.50177		11		11		216		216		216		216		
32		578		0		553		remove_node		6.40283		4.59265		2		2		216		216		216		216		
33		578		0		553		survived		6.40283		4.59265		3		2		216		216		216		216		
34		578		0		553		survived		6.40283		4.59265		4		2		216		216		216		216		
35		578		0		553		survived		6.40283		4.59265		5		2		216		216		216		216		
36		578		0		553		survived		6.40283		4.59265		6		2		216		216		216		216		
37		578		0		553		survived		6.40283		4.59265		7		2		216		216		216		216		
38		578		0		553		survived		6.40283		4.59265		8		2		216		216		216		216		
39		578		0		553		survived		6.40283		4.59265		9		2		216		216		216		216		
40		578		0		553		survived		6.40283		4.59265		10		2		216		216		216		216		
41		738		0		578		mutate_weight(0.108725145658)		6.42529		6.40283		11		11		216		216		216		216		
42		738		0		578		survived		6.42529		6.40283		12		11		216		216		216		216		
43		738		0		578		survived		6.42529		6.40283		13		11		216		216		216		216		
44		738		0		578		survived		6.42529		6.40283		14		11		216		216		216		216		
45		738		0		578		survived		6.42529		6.40283		15		11		216		216		216		216		
46		738		0		578		survived		6.42529		6.40283		16		11		216		216		216		216		
47		738		0		578		survived		6.42529		6.40283		17		11		216		216		216		216		
48		738		0		578		survived		6.42529		6.40283		18		11		216		216		216		216		
49		738		0		578		survived		6.42529		6.40283		19		11		216		216		216		216		
50		738		0		578		survived		6.42529		6.40283		20		11		216		216		216		216		
51		738		0		578		survived		6.42529		6.40283		21		11		216		216		216		216		
52		738		0		578		survived		6.42529		6.40283		22		11		216		216		216		216		
53		738		0		578		survived		6.42529		6.40283		23		11		216		216		216		216		
54		738		0		578		survived		6.42529		6.40283		24		11		216		216		216		216		
55		738		0		578		survived		6.42529		6.40283		25		11		216		216		216		216		
56		738		0		578		survived		6.42529		6.40283		26		11		216		216		216		216		
57		738		0		578		survived		6.42529		6.40283		27		11		216		216		216		216		
58		738		0		578		survived		6.42529		6.40283		28		11		216		216		216		216		
59		738		0		578		survived		6.42529		6.40283		29		11		216		216		216		216		
60		738		0		578		survived		6.42529		6.40283		30		11		216		216		216		216		
61		738		0		578		survived		6.42529		6.40283		31		11		216		216		216		216		
62		738		0		578		survived		6.42529		6.40283		32		11		216		216		216		216		
63		738		0		578		survived		6.42529		6.40283		33		11		216		216		216		216		
64		738		0		578		survived		6.42529		6.40283		34		11		216		216		216		216		
65		738		0		578		survived		6.42529		6.40283		35		11		216		216		216		216		
66		738		0		578		survived		6.42529		6.40283		36		11		216		216		216		216		
67		738		0		578		survived		6.42529		6.40283		37		11		216		216		216		216		
68		738		0		578		survived		6.42529		6.40283		38		11		216		216		216		216		
69		738		0		578		survived		6.42529		6.40283		39		11		216		216		216		216		
70		738		0		578		survived		6.42529		6.40283		40		11		216		216		216		216		
71		738		0		578		survived		6.42529		6.40283		41		11		216		216		216		216		
72		738		0		578		survived		6.42529		6.40283		42		11		216		216		216		216		
73		738		0		578		survived		6.42529		6.40283		43		11		216		216		216		216		
74		738		0		578		survived		6.42529		6.40283		44		11		216		216		216		216		
75		738		0		578		survived		6.42529		6.40283		45		11		216		216		216		216		
76		738		0		578		survived		6.42529		6.40283		46		11		216		216		216		216		
77		738		0		578		survived		6.42529		6.40283		47		11		216		216		216		216		
78		738		0		578		survived		6.42529		6.40283		48		11		216		216		216		216		
79		738		0		578		survived		6.42529		6.40283		49		11		216		216		216		216		
80		738		0		578		survived		6.42529		6.40283		50		11		216		216		216		216		
81		738		0		578		survived		6.42529		6.40283		51		11		216		216		216		216		
82		738		0		578		survived		6.42529		6.40283		52		11		216		216		216		216		
83		738		0		578		survived		6.42529		6.40283		53		11		216		216		216		216		
84		738		0		578		survived		6.42529		6.40283		54		11		216		216		216		216		
85		738		0		578		survived		6.42529		6.40283		55		11		216		216		216		216		
86		738		0		578		survived		6.42529		6.40283		56		11		216		216		216		216		
87		1564		0		1517		add_link		6.53199		6.2033		51		51		180		180		180		180		
88		1564		0		1517		survived		6.53199		6.2033		52		51		180		180		180		180		
89		1564		0		1517		survived		6.53199		6.2033		53		51		180		180		180		180		
90		1564		0		1517		survived		6.53199		6.2033		54		51		180		180		180		180		
91		1564		0		1517		survived		6.53199		6.2033		55		51		180		180		180		180		
92		1564		0		1517		survived		6.53199		6.2033		56		51		180		180		180		180		
93		1564		0		1517		survived		6.53199		6.2033		57		51		180		180		180		180		
94		1564		0		1517		survived		6.53199		6.2033		58		51		180		180		180		180		
95		1564		0		1517		survived		6.53199		6.2033		59		51		180		180		180		180		
96		1564		0		1517		survived		6.53199		6.2033		60		51		180		180		180		180		
97		1564		0		1517		survived		6.53199		6.2033		61		51		180		180		180		180		
98		1564		0		1517		survived		6.53199		6.2033		62		51		180		180		180		180		
99		1564		0		1517		survived		6.53199		6.2033		63		51		180		180		180		180		
100		1564		0		1517		survived		6.53199		6.2033		64		51		180		180		180		180		
101		1564		0		1517		survived		6.53199		6.2033		65		51		180		180		180		180		
102		1564		0		1517		survived		6.53199		6.2033		66		51		180		180		180		180		
103		1564		0		1517		survived		6.53199		6.2033		67		51		180		180		180		180		
104		1564		0		1517		survived		6.53199		6.2033		68		51		180		180		180		180		
105		1564		0		1517		survived		6.53199		6.2033		69		51		180		180		180		180		
106		1564		0		1517		survived		6.53199		6.2033		70		51		180		180		180		180		
107		1564		0		1517		survived		6.53199		6.2033		71		51		180		180		180		180		
108		1564		0		1517		survived		6.53199		6.2033		72		51		180		180		180		180		
109		1564		0		1517		survived		6.53199		6.2033		73		51		180		180		180		180		
110		1564		0		1517		survived		6.53199		6.2033		74		51		180		180		180		180		
111		1564		0		1517		survived		6.53199		6.2033		75		51		180		180		180		180		
112		1564		0		1517		survived		6.53199		6.2033		76		51		180		180		180		180		
113		1564		0		1517		survived		6.53199		6.2033		77		51		180		180		180		180		
114		1564		0		1517		survived		6.53199		6.2033		78		51		180		180		180		180		
115		1564		0		1517		survived		6.53199		6.2033		79		51		180		180		180		180		
116		1564		0		1517		survived		6.53199		6.2033		80		51		180		180		180		180		
117		1564		0		1517		survived		6.53199		6.2033		81		51		180		180		180		180		
118		1564		0		1517		survived		6.53199		6.2033		82		51		180		180		180		180		
119		1564		0		1517		survived		6.53199		6.2033		83		51		180		180		180		180		
120		1564		0		1517		survived		6.53199		6.2033		84		51		180		180		180		180		
121		1564		0		1517		survived		6.53199		6.2033		85		51		180		180		180		180		
122		1564		0		1517		survived		6.53199		6.2033		86		51		180		180		180		180		
123		1564		0		1517		survived		6.53199		6.2033		87		51		180		180		180		180		
124		1564		0		1517		survived		6.53199		6.2033		88		51		180		180		180		180		
125		1564		0		1517		survived		6.53199		6.2033		89		51		180		180		180		180		
126		1564		0		1517		survived		6.53199		6.2033		90		51		180		180		180		180		
127		1564		0		1517		survived		6.53199		6.2033		91		51		180		180		180		180		
128		1564		0		1517		survived		6.53199		6.2033		92		51		180		180		180		180		
129		1564		0		1517		survived		6.53199		6.2033		93		51		180		180		180		180		
130		1564		0		1517		survived		6.53199		6.2033		94		51		180		180		180		180		
131		1564		0		1517		survived		6.53199		6.2033		95		51		180		180		180		180		
132		1564		0		1517		survived		6.53199		6.2033		96		51		180		180		180		180		
133		1564		0		1517		survived		6.53199		6.2033		97		51		180		180		180		180		
134		1564		0		1517		survived		6.53199		6.2033		98		51		180		180		180		180		
135		2443		0		-1		newly_generated		6.69493		-10000000.0		0		10000000.0		216		10000000.0		216		10000000.0		
136		2443		0		-1		survived		6.69493		-10000000.0		1		10000000.0		216		10000000.0		216		10000000.0		
137		2443		0		-1		survived		6.69493		-10000000.0		2		10000000.0		216		10000000.0		216		10000000.0		
138		2443		0		-1		survived		6.69493		-10000000.0		3		10000000.0		216		10000000.0		216		10000000.0		
139		2443		0		-1		survived		6.69493		-10000000.0		4		10000000.0		216		10000000.0		216		10000000.0		
140		2443		0		-1		survived		6.69493		-10000000.0		5		10000000.0		216		10000000.0		216		10000000.0		
141		2443		0		-1		survived		6.69493		-10000000.0		6		10000000.0		216		10000000.0		216		10000000.0		
142		2443		0		-1		survived		6.69493		-10000000.0		7		10000000.0		216		10000000.0		216		10000000.0		
143		2443		0		-1		survived		6.69493		-10000000.0		8		10000000.0		216		10000000.0		216		10000000.0		
144		2443		0		-1		survived		6.69493		-10000000.0		9		10000000.0		216		10000000.0		216		10000000.0		
145		2443		0		-1		survived		6.69493		-10000000.0		10		10000000.0		216		10000000.0		216		10000000.0		
146		2443		0		-1		survived		6.69493		-10000000.0		11		10000000.0		216		10000000.0		216		10000000.0		
147		2443		0		-1		survived		6.69493		-10000000.0		12		10000000.0		216		10000000.0		216		10000000.0		
148		2443		0		-1		survived		6.69493		-10000000.0		13		10000000.0		216		10000000.0		216		10000000.0		
149		2443		0		-1		survived		6.69493		-10000000.0		14		10000000.0		216		10000000.0		216		10000000.0		
150		2443		0		-1		survived		6.69493		-10000000.0		15		10000000.0		216		10000000.0		216		10000000.0		
151		2443		0		-1		survived		6.69493		-10000000.0		16		10000000.0		216		10000000.0		216		10000000.0		
152		2443		0		-1		survived		6.69493		-10000000.0		17		10000000.0		216		10000000.0		216		10000000.0		
153		2443		0		-1		survived		6.69493		-10000000.0		18		10000000.0		216		10000000.0		216		10000000.0		
154		2443		0		-1		survived		6.69493		-10000000.0		19		10000000.0		216		10000000.0		216		10000000.0		
155		2443		0		-1		survived		6.69493		-10000000.0		20		10000000.0		216		10000000.0		216		10000000.0		
156		2443		0		-1		survived		6.69493		-10000000.0		21		10000000.0		216		10000000.0		216		10000000.0		
157		2835		0		2443		mutate_function(absolute-to-sin)		8.48192		6.69493		22		22		198		216		198		216		
158		2835		0		2443		survived		8.48192		6.69493		23		22		198		216		198		216		
159		2835		0		2443		survived		8.48192		6.69493		24		22		198		216		198		216		
160		2888		0		2835		add_node		8.55662		8.48192		25		25		198		198		198		198		
161		2888		0		2835		survived		8.55662		8.48192		26		25		198		198		198		198		
162		2888		0		2835		survived		8.55662		8.48192		27		25		198		198		198		198		
163		2939		0		2888		add_node		8.69757		8.55662		28		28		198		198		198		198		
164		2955		0		2939		remove_link		8.88837		8.69757		29		29		198		198		198		198		
165		2955		0		2939		survived		8.88837		8.69757		30		29		198		198		198		198		
166		2955		0		2939		survived		8.88837		8.69757		31		29		198		198		198		198		
167		2955		0		2939		survived		8.88837		8.69757		32		29		198		198		198		198		
168		2955		0		2939		survived		8.88837		8.69757		33		29		198		198		198		198		
169		3050		0		2955		mutate_function(sqrt_abs-to-absolute)		8.96122		8.88837		34		34		198		198		198		198		
170		3050		0		2955		survived		8.96122		8.88837		35		34		198		198		198		198		
171		3050		0		2955		survived		8.96122		8.88837		36		34		198		198		198		198		
172		3050		0		2955		survived		8.96122		8.88837		37		34		198		198		198		198		
173		3050		0		2955		survived		8.96122		8.88837		38		34		198		198		198		198		
174		3050		0		2955		survived		8.96122		8.88837		39		34		198		198		198		198		
175		3050		0		2955		survived		8.96122		8.88837		40		34		198		198		198		198		
176		3050		0		2955		survived		8.96122		8.88837		41		34		198		198		198		198		
177		3050		0		2955		survived		8.96122		8.88837		42		34		198		198		198		198		
178		3214		0		3050		remove_link		9.1315		8.96122		43		43		198		198		198		198		
179		3214		0		3050		survived		9.1315		8.96122		44		43		198		198		198		198		
180		3214		0		3050		survived		9.1315		8.96122		45		43		198		198		198		198		
181		3214		0		3050		survived		9.1315		8.96122		46		43		198		198		198		198		
182		3214		0		3050		survived		9.1315		8.96122		47		43		198		198		198		198		
183		3214		0		3050		survived		9.1315		8.96122		48		43		198		198		198		198		
184		3214		0		3050		survived		9.1315		8.96122		49		43		198		198		198		198		
185		3214		0		3050		survived		9.1315		8.96122		50		43		198		198		198		198		
186		3214		0		3050		survived		9.1315		8.96122		51		43		198		198		198		198		
187		3214		0		3050		survived		9.1315		8.96122		52		43		198		198		198		198		
188		3214		0		3050		survived		9.1315		8.96122		53		43		198		198		198		198		
189		3214		0		3050		survived		9.1315		8.96122		54		43		198		198		198		198		
190		3430		0		3214		add_link		9.26516		9.1315		55		55		192		198		192		198		
191		3430		0		3214		survived		9.26516		9.1315		56		55		192		198		192		198		
192		3430		0		3214		survived		9.26516		9.1315		57		55		192		198		192		198		
193		3430		0		3214		survived		9.26516		9.1315		58		55		192		198		192		198		
194		3430		0		3214		survived		9.26516		9.1315		59		55		192		198		192		198		
195		3430		0		3214		survived		9.26516		9.1315		60		55		192		198		192		198		
196		3430		0		3214		survived		9.26516		9.1315		61		55		192		198		192		198		
197		3430		0		3214		survived		9.26516		9.1315		62		55		192		198		192		198		
198		3430		0		3214		survived		9.26516		9.1315		63		55		192		198		192		198		
199		3430		0		3214		survived		9.26516		9.1315		64		55		192		198		192		198		
200		3430		0		3214		survived		9.26516		9.1315		65		55		192		198		192		198		
201		3430		0		3214		survived		9.26516		9.1315		66		55		192		198		192		198		
202		3430		0		3214		survived		9.26516		9.1315		67		55		192		198		192		198		
203		3430		0		3214		survived		9.26516		9.1315		68		55		192		198		192		198		
204		3430		0		3214		survived		9.26516		9.1315		69		55		192		198		192		198		
205		3698		0		3663		mutate_weight(0.342747931159)		9.7286		8.89232		70		70		186		180		186		180		
206		3698		0		3663		survived		9.7286		8.89232		71		70		186		180		186		180		
207		3698		0		3663		survived		9.7286		8.89232		72		70		186		180		186		180		
208		3698		0		3663		survived		9.7286		8.89232		73		70		186		180		186		180		
209		3698		0		3663		survived		9.7286		8.89232		74		70		186		180		186		180		
210		3698		0		3663		survived		9.7286		8.89232		75		70		186		180		186		180		
211		3698		0		3663		survived		9.7286		8.89232		76		70		186		180		186		180		
212		3698		0		3663		survived		9.7286		8.89232		77		70		186		180		186		180		
213		3698		0		3663		survived		9.7286		8.89232		78		70		186		180		186		180		
214		3698		0		3663		survived		9.7286		8.89232		79		70		186		180		186		180		
215		3698		0		3663		survived		9.7286		8.89232		80		70		186		180		186		180		
216		3698		0		3663		survived		9.7286		8.89232		81		70		186		180		186		180		
217		3698		0		3663		survived		9.7286		8.89232		82		70		186		180		186		180		
218		3698		0		3663		survived		9.7286		8.89232		83		70		186		180		186		180		
219		3698		0		3663		survived		9.7286		8.89232		84		70		186		180		186		180		
220		3698		0		3663		survived		9.7286		8.89232		85		70		186		180		186		180		
221		3698		0		3663		survived		9.7286		8.89232		86		70		186		180		186		180		
222		3698		0		3663		survived		9.7286		8.89232		87		70		186		180		186		180		
223		3698		0		3663		survived		9.7286		8.89232		88		70		186		180		186		180		
224		3698		0		3663		survived		9.7286		8.89232		89		70		186		180		186		180		
225		3698		0		3663		survived		9.7286		8.89232		90		70		186		180		186		180		
226		3698		0		3663		survived		9.7286		8.89232		91		70		186		180		186		180		
227		3698		0		3663		survived		9.7286		8.89232		92		70		186		180		186		180		
228		3698		0		3663		survived		9.7286		8.89232		93		70		186		180		186		180		
229		3698		0		3663		survived		9.7286		8.89232		94		70		186		180		186		180		
230		3698		0		3663		survived		9.7286		8.89232		95		70		186		180		186		180		
231		3698		0		3663		survived		9.7286		8.89232		96		70		186		180		186		180		
232		3698		0		3663		survived		9.7286		8.89232		97		70		186		180		186		180		
233		4193		0		3663		add_node		9.7286		8.89232		98		98		180		180		180		180		
234		4193		0		3663		survived		9.7286		8.89232		99		98		180		180		180		180		
235		4193		0		3663		survived		9.7286		8.89232		100		98		180		180		180		180		
236		4193		0		3663		survived		9.7286		8.89232		101		98		180		180		180		180		
237		4193		0		3663		survived		9.7286		8.89232		102		98		180		180		180		180		
238		4193		0		3663		survived		9.7286		8.89232		103		98		180		180		180		180		
239		4193		0		3663		survived		9.7286		8.89232		104		98		180		180		180		180		
240		4193		0		3663		survived		9.7286		8.89232		105		98		180		180		180		180		
241		4193		0		3663		survived		9.7286		8.89232		106		98		180		180		180		180		
242		4193		0		3663		survived		9.7286		8.89232		107		98		180		180		180		180		
243		4193		0		3663		survived		9.7286		8.89232		108		98		180		180		180		180		
244		4193		0		3663		survived		9.7286		8.89232		109		98		180		180		180		180		
245		4193		0		3663		survived		9.7286		8.89232		110		98		180		180		180		180		
246		4193		0		3663		survived		9.7286		8.89232		111		98		180		180		180		180		
247		4193		0		3663		survived		9.7286		8.89232		112		98		180		180		180		180		
248		4193		0		3663		survived		9.7286		8.89232		113		98		180		180		180		180		
249		4193		0		3663		survived		9.7286		8.89232		114		98		180		180		180		180		
250		4503		0		4016		mutate_function(sin-to-sqrt_abs)		9.7286		8.47075		115		115		168		168		168		168		
251		4503		0		4016		survived		9.7286		8.47075		116		115		168		168		168		168		
252		4503		0		4016		survived		9.7286		8.47075		117		115		168		168		168		168		
253		4503		0		4016		survived		9.7286		8.47075		118		115		168		168		168		168		
254		4503		0		4016		survived		9.7286		8.47075		119		115		168		168		168		168		
255		4503		0		4016		survived		9.7286		8.47075		120		115		168		168		168		168		
256		4503		0		4016		survived		9.7286		8.47075		121		115		168		168		168		168		
257		4503		0		4016		survived		9.7286		8.47075		122		115		168		168		168		168		
258		4503		0		4016		survived		9.7286		8.47075		123		115		168		168		168		168		
259		4503		0		4016		survived		9.7286		8.47075		124		115		168		168		168		168		
260		4503		0		4016		survived		9.7286		8.47075		125		115		168		168		168		168		
261		4503		0		4016		survived		9.7286		8.47075		126		115		168		168		168		168		
262		4503		0		4016		survived		9.7286		8.47075		127		115		168		168		168		168		
263		4503		0		4016		survived		9.7286		8.47075		128		115		168		168		168		168		
264		4503		0		4016		survived		9.7286		8.47075		129		115		168		168		168		168		
265		4503		0		4016		survived		9.7286		8.47075		130		115		168		168		168		168		
266		4503		0		4016		survived		9.7286		8.47075		131		115		168		168		168		168		
267		4503		0		4016		survived		9.7286		8.47075		132		115		168		168		168		168		
268		4503		0		4016		survived		9.7286		8.47075		133		115		168		168		168		168		
269		4503		0		4016		survived		9.7286		8.47075		134		115		168		168		168		168		
270		4503		0		4016		survived		9.7286		8.47075		135		115		168		168		168		168		
271		4503		0		4016		survived		9.7286		8.47075		136		115		168		168		168		168		
272		4503		0		4016		survived		9.7286		8.47075		137		115		168		168		168		168		
273		4503		0		4016		survived		9.7286		8.47075		138		115		168		168		168		168		
274		4503		0		4016		survived		9.7286		8.47075		139		115		168		168		168		168		
275		4503		0		4016		survived		9.7286		8.47075		140		115		168		168		168		168		
276		4503		0		4016		survived		9.7286		8.47075		141		115		168		168		168		168		
277		4503		0		4016		survived		9.7286		8.47075		142		115		168		168		168		168		
278		4503		0		4016		survived		9.7286		8.47075		143		115		168		168		168		168		
279		4503		0		4016		survived		9.7286		8.47075		144		115		168		168		168		168		
280		4503		0		4016		survived		9.7286		8.47075		145		115		168		168		168		168		
281		4503		0		4016		survived		9.7286		8.47075		146		115		168		168		168		168		
282		4503		0		4016		survived		9.7286		8.47075		147		115		168		168		168		168		
283		4503		0		4016		survived		9.7286		8.47075		148		115		168		168		168		168		
284		4503		0		4016		survived		9.7286		8.47075		149		115		168		168		168		168		
285		4503		0		4016		survived		9.7286		8.47075		150		115		168		168		168		168		
286		4503		0		4016		survived		9.7286		8.47075		151		115		168		168		168		168		
287		4503		0		4016		survived		9.7286		8.47075		152		115		168		168		168		168		
288		4503		0		4016		survived		9.7286		8.47075		153		115		168		168		168		168		
289		4503		0		4016		survived		9.7286		8.47075		154		115		168		168		168		168		
290		4503		0		4016		survived		9.7286		8.47075		155		115		168		168		168		168		
291		4503		0		4016		survived		9.7286		8.47075		156		115		168		168		168		168		
292		4503		0		4016		survived		9.7286		8.47075		157		115		168		168		168		168		
293		4503		0		4016		survived		9.7286		8.47075		158		115		168		168		168		168		
294		4503		0		4016		survived		9.7286		8.47075		159		115		168		168		168		168		
295		4503		0		4016		survived		9.7286		8.47075		160		115		168		168		168		168		
296		4503		0		4016		survived		9.7286		8.47075		161		115		168		168		168		168		
297		4503		0		4016		survived		9.7286		8.47075		162		115		168		168		168		168		
298		4503		0		4016		survived		9.7286		8.47075		163		115		168		168		168		168		
299		4503		0		4016		survived		9.7286		8.47075		164		115		168		168		168		168		
300		4503		0		4016		survived		9.7286		8.47075		165		115		168		168		168		168		
301		4503		0		4016		survived		9.7286		8.47075		166		115		168		168		168		168		
302		4503		0		4016		survived		9.7286		8.47075		167		115		168		168		168		168		
303		4503		0		4016		survived		9.7286		8.47075		168		115		168		168		168		168		
304		4503		0		4016		survived		9.7286		8.47075		169		115		168		168		168		168		
305		4503		0		4016		survived		9.7286		8.47075		170		115		168		168		168		168		
306		4503		0		4016		survived		9.7286		8.47075		171		115		168		168		168		168		
307		4503		0		4016		survived		9.7286		8.47075		172		115		168		168		168		168		
308		4503		0		4016		survived		9.7286		8.47075		173		115		168		168		168		168		
309		4503		0		4016		survived		9.7286		8.47075		174		115		168		168		168		168		
310		4503		0		4016		survived		9.7286		8.47075		175		115		168		168		168		168		
311		4503		0		4016		survived		9.7286		8.47075		176		115		168		168		168		168		
312		4503		0		4016		survived		9.7286		8.47075		177		115		168		168		168		168		
313		4503		0		4016		survived		9.7286		8.47075		178		115		168		168		168		168		
314		4503		0		4016		survived		9.7286		8.47075		179		115		168		168		168		168		
315		4503		0		4016		survived		9.7286		8.47075		180		115		168		168		168		168		
316		4503		0		4016		survived		9.7286		8.47075		181		115		168		168		168		168		
317		4503		0		4016		survived		9.7286		8.47075		182		115		168		168		168		168		
318		4503		0		4016		survived		9.7286		8.47075		183		115		168		168		168		168		
319		4503		0		4016		survived		9.7286		8.47075		184		115		168		168		168		168		
320		4503		0		4016		survived		9.7286		8.47075		185		115		168		168		168		168		
321		4503		0		4016		survived		9.7286		8.47075		186		115		168		168		168		168		
322		4503		0		4016		survived		9.7286		8.47075		187		115		168		168		168		168		
323		4503		0		4016		survived		9.7286		8.47075		188		115		168		168		168		168		
324		4503		0		4016		survived		9.7286		8.47075		189		115		168		168		168		168		
325		4503		0		4016		survived		9.7286		8.47075		190		115		168		168		168		168		
326		4503		0		4016		survived		9.7286		8.47075		191		115		168		168		168		168		
327		4503		0		4016		survived		9.7286		8.47075		192		115		168		168		168		168		
328		4503		0		4016		survived		9.7286		8.47075		193		115		168		168		168		168		
329		4503		0		4016		survived		9.7286		8.47075		194		115		168		168		168		168		
330		4503		0		4016		survived		9.7286		8.47075		195		115		168		168		168		168		
331		4503		0		4016		survived		9.7286		8.47075		196		115		168		168		168		168		
332		4503		0		4016		survived		9.7286		8.47075		197		115		168		168		168		168		
333		4503		0		4016		survived		9.7286		8.47075		198		115		168		168		168		168		
334		4503		0		4016		survived		9.7286		8.47075		199		115		168		168		168		168		
335		4503		0		4016		survived		9.7286		8.47075		200		115		168		168		168		168		
336		4503		0		4016		survived		9.7286		8.47075		201		115		168		168		168		168		
337		4503		0		4016		survived		9.7286		8.47075		202		115		168		168		168		168		
338		4503		0		4016		survived		9.7286		8.47075		203		115		168		168		168		168		
339		4503		0		4016		survived		9.7286		8.47075		204		115		168		168		168		168		
340		4503		0		4016		survived		9.7286		8.47075		205		115		168		168		168		168		
341		4503		0		4016		survived		9.7286		8.47075		206		115		168		168		168		168		
342		4503		0		4016		survived		9.7286		8.47075		207		115		168		168		168		168		
343		4503		0		4016		survived		9.7286		8.47075		208		115		168		168		168		168		
344		4503		0		4016		survived		9.7286		8.47075		209		115		168		168		168		168		
345		4503		0		4016		survived		9.7286		8.47075		210		115		168		168		168		168		
346		4503		0		4016		survived		9.7286		8.47075		211		115		168		168		168		168		
347		4503		0		4016		survived		9.7286		8.47075		212		115		168		168		168		168		
348		4503		0		4016		survived		9.7286		8.47075		213		115		168		168		168		168		
349		4503		0		4016		survived		9.7286		8.47075		214		115		168		168		168		168		
350		4503		0		4016		survived		9.7286		8.47075		215		115		168		168		168		168		
351		4503		0		4016		survived		9.7286		8.47075		216		115		168		168		168		168		
352		4503		0		4016		survived		9.7286		8.47075		217		115		168		168		168		168		
353		4503		0		4016		survived		9.7286		8.47075		218		115		168		168		168		168		
354		4503		0		4016		survived		9.7286		8.47075		219		115		168		168		168		168		
355		4503		0		4016		survived		9.7286		8.47075		220		115		168		168		168		168		
356		4503		0		4016		survived		9.7286		8.47075		221		115		168		168		168		168		
357		4503		0		4016		survived		9.7286		8.47075		222		115		168		168		168		168		
358		4503		0		4016		survived		9.7286		8.47075		223		115		168		168		168		168		
359		4503		0		4016		survived		9.7286		8.47075		224		115		168		168		168		168		
360		4503		0		4016		survived		9.7286		8.47075		225		115		168		168		168		168		
361		4503		0		4016		survived		9.7286		8.47075		226		115		168		168		168		168		
362		4503		0		4016		survived		9.7286		8.47075		227		115		168		168		168		168		
363		4503		0		4016		survived		9.7286		8.47075		228		115		168		168		168		168		
364		4503		0		4016		survived		9.7286		8.47075		229		115		168		168		168		168		
365		4503		0		4016		survived		9.7286		8.47075		230		115		168		168		168		168		
366		4503		0		4016		survived		9.7286		8.47075		231		115		168		168		168		168		
367		4503		0		4016		survived		9.7286		8.47075		232		115		168		168		168		168		
368		4503		0		4016		survived		9.7286		8.47075		233		115		168		168		168		168		
369		4503		0		4016		survived		9.7286		8.47075		234		115		168		168		168		168		
370		4503		0		4016		survived		9.7286		8.47075		235		115		168		168		168		168		
371		4503		0		4016		survived		9.7286		8.47075		236		115		168		168		168		168		
372		4503		0		4016		survived		9.7286		8.47075		237		115		168		168		168		168		
373		4503		0		4016		survived		9.7286		8.47075		238		115		168		168		168		168		
374		4503		0		4016		survived		9.7286		8.47075		239		115		168		168		168		168		
375		4503		0		4016		survived		9.7286		8.47075		240		115		168		168		168		168		
376		4503		0		4016		survived		9.7286		8.47075		241		115		168		168		168		168		
377		4503		0		4016		survived		9.7286		8.47075		242		115		168		168		168		168		
378		4503		0		4016		survived		9.7286		8.47075		243		115		168		168		168		168		
379		4503		0		4016		survived		9.7286		8.47075		244		115		168		168		168		168		
380		4503		0		4016		survived		9.7286		8.47075		245		115		168		168		168		168		
381		4503		0		4016		survived		9.7286		8.47075		246		115		168		168		168		168		
382		4503		0		4016		survived		9.7286		8.47075		247		115		168		168		168		168		
383		4503		0		4016		survived		9.7286		8.47075		248		115		168		168		168		168		
384		4503		0		4016		survived		9.7286		8.47075		249		115		168		168		168		168		
385		4503		0		4016		survived		9.7286		8.47075		250		115		168		168		168		168		
386		4503		0		4016		survived		9.7286		8.47075		251		115		168		168		168		168		
387		4503		0		4016		survived		9.7286		8.47075		252		115		168		168		168		168		
388		4503		0		4016		survived		9.7286		8.47075		253		115		168		168		168		168		
389		4503		0		4016		survived		9.7286		8.47075		254		115		168		168		168		168		
390		4503		0		4016		survived		9.7286		8.47075		255		115		168		168		168		168		
391		4503		0		4016		survived		9.7286		8.47075		256		115		168		168		168		168		
392		4503		0		4016		survived		9.7286		8.47075		257		115		168		168		168		168		
393		4503		0		4016		survived		9.7286		8.47075		258		115		168		168		168		168		
394		4503		0		4016		survived		9.7286		8.47075		259		115		168		168		168		168		
395		4503		0		4016		survived		9.7286		8.47075		260		115		168		168		168		168		
396		4503		0		4016		survived		9.7286		8.47075		261		115		168		168		168		168		
397		4503		0		4016		survived		9.7286		8.47075		262		115		168		168		168		168		
398		4503		0		4016		survived		9.7286		8.47075		263		115		168		168		168		168		
399		4503		0		4016		survived		9.7286		8.47075		264		115		168		168		168		168		
400		4503		0		4016		survived		9.7286		8.47075		265		115		168		168		168		168		
401		4503		0		4016		survived		9.7286		8.47075		266		115		168		168		168		168		
402		4503		0		4016		survived		9.7286		8.47075		267		115		168		168		168		168		
403		4503		0		4016		survived		9.7286		8.47075		268		115		168		168		168		168		
404		4503		0		4016		survived		9.7286		8.47075		269		115		168		168		168		168		
405		4503		0		4016		survived		9.7286		8.47075		270		115		168		168		168		168		
406		4503		0		4016		survived		9.7286		8.47075		271		115		168		168		168		168		
407		4503		0		4016		survived		9.7286		8.47075		272		115		168		168		168		168		
408		4503		0		4016		survived		9.7286		8.47075		273		115		168		168		168		168		
409		4503		0		4016		survived		9.7286		8.47075		274		115		168		168		168		168		
410		4503		0		4016		survived		9.7286		8.47075		275		115		168		168		168		168		
411		4503		0		4016		survived		9.7286		8.47075		276		115		168		168		168		168		
412		4503		0		4016		survived		9.7286		8.47075		277		115		168		168		168		168		
413		4503		0		4016		survived		9.7286		8.47075		278		115		168		168		168		168		
414		4503		0		4016		survived		9.7286		8.47075		279		115		168		168		168		168		
415		4503		0		4016		survived		9.7286		8.47075		280		115		168		168		168		168		
416		4503		0		4016		survived		9.7286		8.47075		281		115		168		168		168		168		
417		4503		0		4016		survived		9.7286		8.47075		282		115		168		168		168		168		
418		4503		0		4016		survived		9.7286		8.47075		283		115		168		168		168		168		
419		4503		0		4016		survived		9.7286		8.47075		284		115		168		168		168		168		
420		4503		0		4016		survived		9.7286		8.47075		285		115		168		168		168		168		
421		4503		0		4016		survived		9.7286		8.47075		286		115		168		168		168		168		
422		4503		0		4016		survived		9.7286		8.47075		287		115		168		168		168		168		
423		4503		0		4016		survived		9.7286		8.47075		288		115		168		168		168		168		
424		4503		0		4016		survived		9.7286		8.47075		289		115		168		168		168		168		
425		4503		0		4016		survived		9.7286		8.47075		290		115		168		168		168		168		
426		4503		0		4016		survived		9.7286		8.47075		291		115		168		168		168		168		
427		4503		0		4016		survived		9.7286		8.47075		292		115		168		168		168		168		
428		4503		0		4016		survived		9.7286		8.47075		293		115		168		168		168		168		
429		4503		0		4016		survived		9.7286		8.47075		294		115		168		168		168		168		
430		4503		0		4016		survived		9.7286		8.47075		295		115		168		168		168		168		
431		4503		0		4016		survived		9.7286		8.47075		296		115		168		168		168		168		
432		4503		0		4016		survived		9.7286		8.47075		297		115		168		168		168		168		
433		4503		0		4016		survived		9.7286		8.47075		298		115		168		168		168		168		
434		4503		0		4016		survived		9.7286		8.47075		299		115		168		168		168		168		
435		4503		0		4016		survived		9.7286		8.47075		300		115		168		168		168		168		
436		4503		0		4016		survived		9.7286		8.47075		301		115		168		168		168		168		
437		4503		0		4016		survived		9.7286		8.47075		302		115		168		168		168		168		
438		4503		0		4016		survived		9.7286		8.47075		303		115		168		168		168		168		
439		4503		0		4016		survived		9.7286		8.47075		304		115		168		168		168		168		
440		4503		0		4016		survived		9.7286		8.47075		305		115		168		168		168		168		
441		4503		0		4016		survived		9.7286		8.47075		306		115		168		168		168		168		
442		4503		0		4016		survived		9.7286		8.47075		307		115		168		168		168		168		
443		4503		0		4016		survived		9.7286		8.47075		308		115		168		168		168		168		
444		4503		0		4016		survived		9.7286		8.47075		309		115		168		168		168		168		
445		4503		0		4016		survived		9.7286		8.47075		310		115		168		168		168		168		
446		4503		0		4016		survived		9.7286		8.47075		311		115		168		168		168		168		
447		4503		0		4016		survived		9.7286		8.47075		312		115		168		168		168		168		
448		4503		0		4016		survived		9.7286		8.47075		313		115		168		168		168		168		
449		4503		0		4016		survived		9.7286		8.47075		314		115		168		168		168		168		
450		4503		0		4016		survived		9.7286		8.47075		315		115		168		168		168		168		
451		4503		0		4016		survived		9.7286		8.47075		316		115		168		168		168		168		
452		4503		0		4016		survived		9.7286		8.47075		317		115		168		168		168		168		
453		4503		0		4016		survived		9.7286		8.47075		318		115		168		168		168		168		
454		4503		0		4016		survived		9.7286		8.47075		319		115		168		168		168		168		
455		4503		0		4016		survived		9.7286		8.47075		320		115		168		168		168		168		
456		4503		0		4016		survived		9.7286		8.47075		321		115		168		168		168		168		
457		4503		0		4016		survived		9.7286		8.47075		322		115		168		168		168		168		
458		4503		0		4016		survived		9.7286		8.47075		323		115		168		168		168		168		
459		4503		0		4016		survived		9.7286		8.47075		324		115		168		168		168		168		
460		4503		0		4016		survived		9.7286		8.47075		325		115		168		168		168		168		
461		4503		0		4016		survived		9.7286		8.47075		326		115		168		168		168		168		
462		4503		0		4016		survived		9.7286		8.47075		327		115		168		168		168		168		
463		4503		0		4016		survived		9.7286		8.47075		328		115		168		168		168		168		
464		4503		0		4016		survived		9.7286		8.47075		329		115		168		168		168		168		
465		4503		0		4016		survived		9.7286		8.47075		330		115		168		168		168		168		
466		4503		0		4016		survived		9.7286		8.47075		331		115		168		168		168		168		
467		4503		0		4016		survived		9.7286		8.47075		332		115		168		168		168		168		
468		4503		0		4016		survived		9.7286		8.47075		333		115		168		168		168		168		
469		4503		0		4016		survived		9.7286		8.47075		334		115		168		168		168		168		
470		4503		0		4016		survived		9.7286		8.47075		335		115		168		168		168		168		
471		4503		0		4016		survived		9.7286		8.47075		336		115		168		168		168		168		
472		4503		0		4016		survived		9.7286		8.47075		337		115		168		168		168		168		
473		4503		0		4016		survived		9.7286		8.47075		338		115		168		168		168		168		
474		4503		0		4016		survived		9.7286		8.47075		339		115		168		168		168		168		
475		4503		0		4016		survived		9.7286		8.47075		340		115		168		168		168		168		
476		4503		0		4016		survived		9.7286		8.47075		341		115		168		168		168		168		
477		4503		0		4016		survived		9.7286		8.47075		342		115		168		168		168		168		
478		4503		0		4016		survived		9.7286		8.47075		343		115		168		168		168		168		
479		4503		0		4016		survived		9.7286		8.47075		344		115		168		168		168		168		
480		4503		0		4016		survived		9.7286		8.47075		345		115		168		168		168		168		
481		4503		0		4016		survived		9.7286		8.47075		346		115		168		168		168		168		
482		4503		0		4016		survived		9.7286		8.47075		347		115		168		168		168		168		
483		4503		0		4016		survived		9.7286		8.47075		348		115		168		168		168		168		
484		4503		0		4016		survived		9.7286		8.47075		349		115		168		168		168		168		
485		4503		0		4016		survived		9.7286		8.47075		350		115		168		168		168		168		
486		4503		0		4016		survived		9.7286		8.47075		351		115		168		168		168		168		
487		4503		0		4016		survived		9.7286		8.47075		352		115		168		168		168		168		
488		4503		0		4016		survived		9.7286		8.47075		353		115		168		168		168		168		
489		4503		0		4016		survived		9.7286		8.47075		354		115		168		168		168		168		
490		4503		0		4016		survived		9.7286		8.47075		355		115		168		168		168		168		
491		4503		0		4016		survived		9.7286		8.47075		356		115		168		168		168		168		
492		4503		0		4016		survived		9.7286		8.47075		357		115		168		168		168		168		
493		4503		0		4016		survived		9.7286		8.47075		358		115		168		168		168		168		
494		4503		0		4016		survived		9.7286		8.47075		359		115		168		168		168		168		
495		4503		0		4016		survived		9.7286		8.47075		360		115		168		168		168		168		
496		4503		0		4016		survived		9.7286		8.47075		361		115		168		168		168		168		
497		4503		0		4016		survived		9.7286		8.47075		362		115		168		168		168		168		
498		4503		0		4016		survived		9.7286		8.47075		363		115		168		168		168		168		
499		4503		0		4016		survived		9.7286		8.47075		364		115		168		168		168		168		
500		4503		0		4016		survived		9.7286		8.47075		365		115		168		168		168		168		
501		4503		0		4016		survived		9.7286		8.47075		366		115		168		168		168		168		
502		4503		0		4016		survived		9.7286		8.47075		367		115		168		168		168		168		
503		4503		0		4016		survived		9.7286		8.47075		368		115		168		168		168		168		
504		4503		0		4016		survived		9.7286		8.47075		369		115		168		168		168		168		
505		4503		0		4016		survived		9.7286		8.47075		370		115		168		168		168		168		
506		4503		0		4016		survived		9.7286		8.47075		371		115		168		168		168		168		
507		4503		0		4016		survived		9.7286		8.47075		372		115		168		168		168		168		
508		4503		0		4016		survived		9.7286		8.47075		373		115		168		168		168		168		
509		4503		0		4016		survived		9.7286		8.47075		374		115		168		168		168		168		
510		4503		0		4016		survived		9.7286		8.47075		375		115		168		168		168		168		
511		4503		0		4016		survived		9.7286		8.47075		376		115		168		168		168		168		
512		4503		0		4016		survived		9.7286		8.47075		377		115		168		168		168		168		
513		4503		0		4016		survived		9.7286		8.47075		378		115		168		168		168		168		
514		4503		0		4016		survived		9.7286		8.47075		379		115		168		168		168		168		
515		4503		0		4016		survived		9.7286		8.47075		380		115		168		168		168		168		
516		4503		0		4016		survived		9.7286		8.47075		381		115		168		168		168		168		
517		4503		0		4016		survived		9.7286		8.47075		382		115		168		168		168		168		
518		4503		0		4016		survived		9.7286		8.47075		383		115		168		168		168		168		
519		4503		0		4016		survived		9.7286		8.47075		384		115		168		168		168		168		
520		4503		0		4016		survived		9.7286		8.47075		385		115		168		168		168		168		
521		4503		0		4016		survived		9.7286		8.47075		386		115		168		168		168		168		
522		4503		0		4016		survived		9.7286		8.47075		387		115		168		168		168		168		
523		4503		0		4016		survived		9.7286		8.47075		388		115		168		168		168		168		
524		4503		0		4016		survived		9.7286		8.47075		389		115		168		168		168		168		
525		4503		0		4016		survived		9.7286		8.47075		390		115		168		168		168		168		
526		4503		0		4016		survived		9.7286		8.47075		391		115		168		168		168		168		
527		4503		0		4016		survived		9.7286		8.47075		392		115		168		168		168		168		
528		4503		0		4016		survived		9.7286		8.47075		393		115		168		168		168		168		
529		4503		0		4016		survived		9.7286		8.47075		394		115		168		168		168		168		
530		4503		0		4016		survived		9.7286		8.47075		395		115		168		168		168		168		
531		4503		0		4016		survived		9.7286		8.47075		396		115		168		168		168		168		
532		4503		0		4016		survived		9.7286		8.47075		397		115		168		168		168		168		
533		4503		0		4016		survived		9.7286		8.47075		398		115		168		168		168		168		
534		4503		0		4016		survived		9.7286		8.47075		399		115		168		168		168		168		
535		4503		0		4016		survived		9.7286		8.47075		400		115		168		168		168		168		
536		4503		0		4016		survived		9.7286		8.47075		401		115		168		168		168		168		
537		4503		0		4016		survived		9.7286		8.47075		402		115		168		168		168		168		
538		4503		0		4016		survived		9.7286		8.47075		403		115		168		168		168		168		
539		4503		0		4016		survived		9.7286		8.47075		404		115		168		168		168		168		
540		4503		0		4016		survived		9.7286		8.47075		405		115		168		168		168		168		
541		4503		0		4016		survived		9.7286		8.47075		406		115		168		168		168		168		
542		4503		0		4016		survived		9.7286		8.47075		407		115		168		168		168		168		
543		4503		0		4016		survived		9.7286		8.47075		408		115		168		168		168		168		
544		4503		0		4016		survived		9.7286		8.47075		409		115		168		168		168		168		
545		4503		0		4016		survived		9.7286		8.47075		410		115		168		168		168		168		
546		4503		0		4016		survived		9.7286		8.47075		411		115		168		168		168		168		
547		4503		0		4016		survived		9.7286		8.47075		412		115		168		168		168		168		
548		4503		0		4016		survived		9.7286		8.47075		413		115		168		168		168		168		
549		4503		0		4016		survived		9.7286		8.47075		414		115		168		168		168		168		
550		4503		0		4016		survived		9.7286		8.47075		415		115		168		168		168		168		
551		4503		0		4016		survived		9.7286		8.47075		416		115		168		168		168		168		
552		4503		0		4016		survived		9.7286		8.47075		417		115		168		168		168		168		
553		4503		0		4016		survived		9.7286		8.47075		418		115		168		168		168		168		
554		4503		0		4016		survived		9.7286		8.47075		419		115		168		168		168		168		
555		4503		0		4016		survived		9.7286		8.47075		420		115		168		168		168		168		
556		4503		0		4016		survived		9.7286		8.47075		421		115		168		168		168		168		
557		4503		0		4016		survived		9.7286		8.47075		422		115		168		168		168		168		
558		4503		0		4016		survived		9.7286		8.47075		423		115		168		168		168		168		
559		4503		0		4016		survived		9.7286		8.47075		424		115		168		168		168		168		
560		4503		0		4016		survived		9.7286		8.47075		425		115		168		168		168		168		
561		4503		0		4016		survived		9.7286		8.47075		426		115		168		168		168		168		
562		4503		0		4016		survived		9.7286		8.47075		427		115		168		168		168		168		
563		4503		0		4016		survived		9.7286		8.47075		428		115		168		168		168		168		
564		4503		0		4016		survived		9.7286		8.47075		429		115		168		168		168		168		
565		4503		0		4016		survived		9.7286		8.47075		430		115		168		168		168		168		
566		4503		0		4016		survived		9.7286		8.47075		431		115		168		168		168		168		
567		4503		0		4016		survived		9.7286		8.47075		432		115		168		168		168		168		
568		4503		0		4016		survived		9.7286		8.47075		433		115		168		168		168		168		
569		4503		0		4016		survived		9.7286		8.47075		434		115		168		168		168		168		
570		4503		0		4016		survived		9.7286		8.47075		435		115		168		168		168		168		
571		4503		0		4016		survived		9.7286		8.47075		436		115		168		168		168		168		
572		4503		0		4016		survived		9.7286		8.47075		437		115		168		168		168		168		
573		4503		0		4016		survived		9.7286		8.47075		438		115		168		168		168		168		
574		4503		0		4016		survived		9.7286		8.47075		439		115		168		168		168		168		
575		4503		0		4016		survived		9.7286		8.47075		440		115		168		168		168		168		
576		4503		0		4016		survived		9.7286		8.47075		441		115		168		168		168		168		
577		4503		0		4016		survived		9.7286		8.47075		442		115		168		168		168		168		
578		4503		0		4016		survived		9.7286		8.47075		443		115		168		168		168		168		
579		4503		0		4016		survived		9.7286		8.47075		444		115		168		168		168		168		
580		4503		0		4016		survived		9.7286		8.47075		445		115		168		168		168		168		
581		4503		0		4016		survived		9.7286		8.47075		446		115		168		168		168		168		
582		4503		0		4016		survived		9.7286		8.47075		447		115		168		168		168		168		
583		4503		0		4016		survived		9.7286		8.47075		448		115		168		168		168		168		
584		4503		0		4016		survived		9.7286		8.47075		449		115		168		168		168		168		
585		4503		0		4016		survived		9.7286		8.47075		450		115		168		168		168		168		
586		4503		0		4016		survived		9.7286		8.47075		451		115		168		168		168		168		
587		4503		0		4016		survived		9.7286		8.47075		452		115		168		168		168		168		
588		4503		0		4016		survived		9.7286		8.47075		453		115		168		168		168		168		
589		4503		0		4016		survived		9.7286		8.47075		454		115		168		168		168		168		
590		4503		0		4016		survived		9.7286		8.47075		455		115		168		168		168		168		
591		4503		0		4016		survived		9.7286		8.47075		456		115		168		168		168		168		
592		4503		0		4016		survived		9.7286		8.47075		457		115		168		168		168		168		
593		4503		0		4016		survived		9.7286		8.47075		458		115		168		168		168		168		
594		4503		0		4016		survived		9.7286		8.47075		459		115		168		168		168		168		
595		4503		0		4016		survived		9.7286		8.47075		460		115		168		168		168		168		
596		4503		0		4016		survived		9.7286		8.47075		461		115		168		168		168		168		
597		4503		0		4016		survived		9.7286		8.47075		462		115		168		168		168		168		
598		4503		0		4016		survived		9.7286		8.47075		463		115		168		168		168		168		
599		4503		0		4016		survived		9.7286		8.47075		464		115		168		168		168		168		
600		4503		0		4016		survived		9.7286		8.47075		465		115		168		168		168		168		
601		4503		0		4016		survived		9.7286		8.47075		466		115		168		168		168		168		
602		4503		0		4016		survived		9.7286		8.47075		467		115		168		168		168		168		
603		4503		0		4016		survived		9.7286		8.47075		468		115		168		168		168		168		
604		4503		0		4016		survived		9.7286		8.47075		469		115		168		168		168		168		
605		4503		0		4016		survived		9.7286		8.47075		470		115		168		168		168		168		
606		4503		0		4016		survived		9.7286		8.47075		471		115		168		168		168		168		
607		4503		0		4016		survived		9.7286		8.47075		472		115		168		168		168		168		
608		4503		0		4016		survived		9.7286		8.47075		473		115		168		168		168		168		
609		4503		0		4016		survived		9.7286		8.47075		474		115		168		168		168		168		
610		4503		0		4016		survived		9.7286		8.47075		475		115		168		168		168		168		
611		4503		0		4016		survived		9.7286		8.47075		476		115		168		168		168		168		
612		4503		0		4016		survived		9.7286		8.47075		477		115		168		168		168		168		
613		4503		0		4016		survived		9.7286		8.47075		478		115		168		168		168		168		
614		4503		0		4016		survived		9.7286		8.47075		479		115		168		168		168		168		
615		4503		0		4016		survived		9.7286		8.47075		480		115		168		168		168		168		
616		4503		0		4016		survived		9.7286		8.47075		481		115		168		168		168		168		
617		4503		0		4016		survived		9.7286		8.47075		482		115		168		168		168		168		
618		4503		0		4016		survived		9.7286		8.47075		483		115		168		168		168		168		
619		4503		0		4016		survived		9.7286		8.47075		484		115		168		168		168		168		
620		4503		0		4016		survived		9.7286		8.47075		485		115		168		168		168		168		
621		4503		0		4016		survived		9.7286		8.47075		486		115		168		168		168		168		
622		4503		0		4016		survived		9.7286		8.47075		487		115		168		168		168		168		
623		4503		0		4016		survived		9.7286		8.47075		488		115		168		168		168		168		
624		4503		0		4016		survived		9.7286		8.47075		489		115		168		168		168		168		
625		4503		0		4016		survived		9.7286		8.47075		490		115		168		168		168		168		
626		4503		0		4016		survived		9.7286		8.47075		491		115		168		168		168		168		
627		4503		0		4016		survived		9.7286		8.47075		492		115		168		168		168		168		
628		4503		0		4016		survived		9.7286		8.47075		493		115		168		168		168		168		
629		4503		0		4016		survived		9.7286		8.47075		494		115		168		168		168		168		
630		4503		0		4016		survived		9.7286		8.47075		495		115		168		168		168		168		
631		4503		0		4016		survived		9.7286		8.47075		496		115		168		168		168		168		
632		4503		0		4016		survived		9.7286		8.47075		497		115		168		168		168		168		
633		4503		0		4016		survived		9.7286		8.47075		498		115		168		168		168		168		
634		4503		0		4016		survived		9.7286		8.47075		499		115		168		168		168		168		
635		4503		0		4016		survived		9.7286		8.47075		500		115		168		168		168		168		
636		4503		0		4016		survived		9.7286		8.47075		501		115		168		168		168		168		
637		4503		0		4016		survived		9.7286		8.47075		502		115		168		168		168		168		
638		4503		0		4016		survived		9.7286		8.47075		503		115		168		168		168		168		
639		4503		0		4016		survived		9.7286		8.47075		504		115		168		168		168		168		
640		4503		0		4016		survived		9.7286		8.47075		505		115		168		168		168		168		
641		4503		0		4016		survived		9.7286		8.47075		506		115		168		168		168		168		
642		4503		0		4016		survived		9.7286		8.47075		507		115		168		168		168		168		
643		4503		0		4016		survived		9.7286		8.47075		508		115		168		168		168		168		
644		4503		0		4016		survived		9.7286		8.47075		509		115		168		168		168		168		
645		4503		0		4016		survived		9.7286		8.47075		510		115		168		168		168		168		
646		4503		0		4016		survived		9.7286		8.47075		511		115		168		168		168		168		
647		4503		0		4016		survived		9.7286		8.47075		512		115		168		168		168		168		
648		4503		0		4016		survived		9.7286		8.47075		513		115		168		168		168		168		
649		4503		0		4016		survived		9.7286		8.47075		514		115		168		168		168		168		
650		4503		0		4016		survived		9.7286		8.47075		515		115		168		168		168		168		
651		4503		0		4016		survived		9.7286		8.47075		516		115		168		168		168		168		
652		4503		0		4016		survived		9.7286		8.47075		517		115		168		168		168		168		
653		4503		0		4016		survived		9.7286		8.47075		518		115		168		168		168		168		
654		4503		0		4016		survived		9.7286		8.47075		519		115		168		168		168		168		
655		4503		0		4016		survived		9.7286		8.47075		520		115		168		168		168		168		
656		4503		0		4016		survived		9.7286		8.47075		521		115		168		168		168		168		
657		4503		0		4016		survived		9.7286		8.47075		522		115		168		168		168		168		
658		4503		0		4016		survived		9.7286		8.47075		523		115		168		168		168		168		
659		4503		0		4016		survived		9.7286		8.47075		524		115		168		168		168		168		
660		4503		0		4016		survived		9.7286		8.47075		525		115		168		168		168		168		
661		4503		0		4016		survived		9.7286		8.47075		526		115		168		168		168		168		
662		4503		0		4016		survived		9.7286		8.47075		527		115		168		168		168		168		
663		4503		0		4016		survived		9.7286		8.47075		528		115		168		168		168		168		
664		4503		0		4016		survived		9.7286		8.47075		529		115		168		168		168		168		
665		4503		0		4016		survived		9.7286		8.47075		530		115		168		168		168		168		
666		4503		0		4016		survived		9.7286		8.47075		531		115		168		168		168		168		
667		4503		0		4016		survived		9.7286		8.47075		532		115		168		168		168		168		
668		4503		0		4016		survived		9.7286		8.47075		533		115		168		168		168		168		
669		4503		0		4016		survived		9.7286		8.47075		534		115		168		168		168		168		
670		4503		0		4016		survived		9.7286		8.47075		535		115		168		168		168		168		
671		4503		0		4016		survived		9.7286		8.47075		536		115		168		168		168		168		
672		4503		0		4016		survived		9.7286		8.47075		537		115		168		168		168		168		
673		4503		0		4016		survived		9.7286		8.47075		538		115		168		168		168		168		
674		4503		0		4016		survived		9.7286		8.47075		539		115		168		168		168		168		
675		4503		0		4016		survived		9.7286		8.47075		540		115		168		168		168		168		
676		4503		0		4016		survived		9.7286		8.47075		541		115		168		168		168		168		
677		4503		0		4016		survived		9.7286		8.47075		542		115		168		168		168		168		
678		4503		0		4016		survived		9.7286		8.47075		543		115		168		168		168		168		
679		4503		0		4016		survived		9.7286		8.47075		544		115		168		168		168		168		
680		4503		0		4016		survived		9.7286		8.47075		545		115		168		168		168		168		
681		4503		0		4016		survived		9.7286		8.47075		546		115		168		168		168		168		
682		4503		0		4016		survived		9.7286		8.47075		547		115		168		168		168		168		
683		4503		0		4016		survived		9.7286		8.47075		548		115		168		168		168		168		
684		4503		0		4016		survived		9.7286		8.47075		549		115		168		168		168		168		
685		4503		0		4016		survived		9.7286		8.47075		550		115		168		168		168		168		
686		4503		0		4016		survived		9.7286		8.47075		551		115		168		168		168		168		
687		4503		0		4016		survived		9.7286		8.47075		552		115		168		168		168		168		
688		4503		0		4016		survived		9.7286		8.47075		553		115		168		168		168		168		
689		4503		0		4016		survived		9.7286		8.47075		554		115		168		168		168		168		
690		4503		0		4016		survived		9.7286		8.47075		555		115		168		168		168		168		
691		4503		0		4016		survived		9.7286		8.47075		556		115		168		168		168		168		
692		4503		0		4016		survived		9.7286		8.47075		557		115		168		168		168		168		
693		4503		0		4016		survived		9.7286		8.47075		558		115		168		168		168		168		
694		4503		0		4016		survived		9.7286		8.47075		559		115		168		168		168		168		
695		4503		0		4016		survived		9.7286		8.47075		560		115		168		168		168		168		
696		4503		0		4016		survived		9.7286		8.47075		561		115		168		168		168		168		
697		4503		0		4016		survived		9.7286		8.47075		562		115		168		168		168		168		
698		4503		0		4016		survived		9.7286		8.47075		563		115		168		168		168		168		
699		4503		0		4016		survived		9.7286		8.47075		564		115		168		168		168		168		
700		4503		0		4016		survived		9.7286		8.47075		565		115		168		168		168		168		
701		4503		0		4016		survived		9.7286		8.47075		566		115		168		168		168		168		
702		4503		0		4016		survived		9.7286		8.47075		567		115		168		168		168		168		
703		4503		0		4016		survived		9.7286		8.47075		568		115		168		168		168		168		
704		4503		0		4016		survived		9.7286		8.47075		569		115		168		168		168		168		
705		4503		0		4016		survived		9.7286		8.47075		570		115		168		168		168		168		
706		4503		0		4016		survived		9.7286		8.47075		571		115		168		168		168		168		
707		4503		0		4016		survived		9.7286		8.47075		572		115		168		168		168		168		
708		4503		0		4016		survived		9.7286		8.47075		573		115		168		168		168		168		
709		4503		0		4016		survived		9.7286		8.47075		574		115		168		168		168		168		
710		4503		0		4016		survived		9.7286		8.47075		575		115		168		168		168		168		
711		4503		0		4016		survived		9.7286		8.47075		576		115		168		168		168		168		
712		4503		0		4016		survived		9.7286		8.47075		577		115		168		168		168		168		
713		4503		0		4016		survived		9.7286		8.47075		578		115		168		168		168		168		
714		4503		0		4016		survived		9.7286		8.47075		579		115		168		168		168		168		
715		4503		0		4016		survived		9.7286		8.47075		580		115		168		168		168		168		
716		4503		0		4016		survived		9.7286		8.47075		581		115		168		168		168		168		
717		4503		0		4016		survived		9.7286		8.47075		582		115		168		168		168		168		
718		4503		0		4016		survived		9.7286		8.47075		583		115		168		168		168		168		
719		4503		0		4016		survived		9.7286		8.47075		584		115		168		168		168		168		
720		4503		0		4016		survived		9.7286		8.47075		585		115		168		168		168		168		
721		4503		0		4016		survived		9.7286		8.47075		586		115		168		168		168		168		
722		4503		0		4016		survived		9.7286		8.47075		587		115		168		168		168		168		
723		4503		0		4016		survived		9.7286		8.47075		588		115		168		168		168		168		
724		4503		0		4016		survived		9.7286		8.47075		589		115		168		168		168		168		
725		4503		0		4016		survived		9.7286		8.47075		590		115		168		168		168		168		
726		4503		0		4016		survived		9.7286		8.47075		591		115		168		168		168		168		
727		4503		0		4016		survived		9.7286		8.47075		592		115		168		168		168		168		
728		4503		0		4016		survived		9.7286		8.47075		593		115		168		168		168		168		
729		4503		0		4016		survived		9.7286		8.47075		594		115		168		168		168		168		
730		4503		0		4016		survived		9.7286		8.47075		595		115		168		168		168		168		
731		4503		0		4016		survived		9.7286		8.47075		596		115		168		168		168		168		
732		4503		0		4016		survived		9.7286		8.47075		597		115		168		168		168		168		
733		4503		0		4016		survived		9.7286		8.47075		598		115		168		168		168		168		
734		4503		0		4016		survived		9.7286		8.47075		599		115		168		168		168		168		
735		4503		0		4016		survived		9.7286		8.47075		600		115		168		168		168		168		
736		4503		0		4016		survived		9.7286		8.47075		601		115		168		168		168		168		
737		4503		0		4016		survived		9.7286		8.47075		602		115		168		168		168		168		
738		4503		0		4016		survived		9.7286		8.47075		603		115		168		168		168		168		
739		4503		0		4016		survived		9.7286		8.47075		604		115		168		168		168		168		
740		4503		0		4016		survived		9.7286		8.47075		605		115		168		168		168		168		
741		4503		0		4016		survived		9.7286		8.47075		606		115		168		168		168		168		
742		4503		0		4016		survived		9.7286		8.47075		607		115		168		168		168		168		
743		4503		0		4016		survived		9.7286		8.47075		608		115		168		168		168		168		
744		4503		0		4016		survived		9.7286		8.47075		609		115		168		168		168		168		
745		4503		0		4016		survived		9.7286		8.47075		610		115		168		168		168		168		
746		4503		0		4016		survived		9.7286		8.47075		611		115		168		168		168		168		
747		4503		0		4016		survived		9.7286		8.47075		612		115		168		168		168		168		
748		4503		0		4016		survived		9.7286		8.47075		613		115		168		168		168		168		
749		4503		0		4016		survived		9.7286		8.47075		614		115		168		168		168		168		
750		4503		0		4016		survived		9.7286		8.47075		615		115		168		168		168		168		
751		4503		0		4016		survived		9.7286		8.47075		616		115		168		168		168		168		
752		4503		0		4016		survived		9.7286		8.47075		617		115		168		168		168		168		
753		4503		0		4016		survived		9.7286		8.47075		618		115		168		168		168		168		
754		4503		0		4016		survived		9.7286		8.47075		619		115		168		168		168		168		
755		4503		0		4016		survived		9.7286		8.47075		620		115		168		168		168		168		
756		4503		0		4016		survived		9.7286		8.47075		621		115		168		168		168		168		
757		4503		0		4016		survived		9.7286		8.47075		622		115		168		168		168		168		
758		4503		0		4016		survived		9.7286		8.47075		623		115		168		168		168		168		
759		4503		0		4016		survived		9.7286		8.47075		624		115		168		168		168		168		
760		4503		0		4016		survived		9.7286		8.47075		625		115		168		168		168		168		
761		4503		0		4016		survived		9.7286		8.47075		626		115		168		168		168		168		
762		4503		0		4016		survived		9.7286		8.47075		627		115		168		168		168		168		
763		4503		0		4016		survived		9.7286		8.47075		628		115		168		168		168		168		
764		4503		0		4016		survived		9.7286		8.47075		629		115		168		168		168		168		
765		4503		0		4016		survived		9.7286		8.47075		630		115		168		168		168		168		
766		4503		0		4016		survived		9.7286		8.47075		631		115		168		168		168		168		
767		4503		0		4016		survived		9.7286		8.47075		632		115		168		168		168		168		
768		4503		0		4016		survived		9.7286		8.47075		633		115		168		168		168		168		
769		4503		0		4016		survived		9.7286		8.47075		634		115		168		168		168		168		
770		4503		0		4016		survived		9.7286		8.47075		635		115		168		168		168		168		
771		4503		0		4016		survived		9.7286		8.47075		636		115		168		168		168		168		
772		4503		0		4016		survived		9.7286		8.47075		637		115		168		168		168		168		
773		4503		0		4016		survived		9.7286		8.47075		638		115		168		168		168		168		
774		4503		0		4016		survived		9.7286		8.47075		639		115		168		168		168		168		
775		4503		0		4016		survived		9.7286		8.47075		640		115		168		168		168		168		
776		4503		0		4016		survived		9.7286		8.47075		641		115		168		168		168		168		
777		4503		0		4016		survived		9.7286		8.47075		642		115		168		168		168		168		
778		4503		0		4016		survived		9.7286		8.47075		643		115		168		168		168		168		
779		4503		0		4016		survived		9.7286		8.47075		644		115		168		168		168		168		
780		4503		0		4016		survived		9.7286		8.47075		645		115		168		168		168		168		
781		4503		0		4016		survived		9.7286		8.47075		646		115		168		168		168		168		
782		4503		0		4016		survived		9.7286		8.47075		647		115		168		168		168		168		
783		4503		0		4016		survived		9.7286		8.47075		648		115		168		168		168		168		
784		4503		0		4016		survived		9.7286		8.47075		649		115		168		168		168		168		
785		4503		0		4016		survived		9.7286		8.47075		650		115		168		168		168		168		
786		4503		0		4016		survived		9.7286		8.47075		651		115		168		168		168		168		
787		4503		0		4016		survived		9.7286		8.47075		652		115		168		168		168		168		
788		4503		0		4016		survived		9.7286		8.47075		653		115		168		168		168		168		
789		4503		0		4016		survived		9.7286		8.47075		654		115		168		168		168		168		
790		4503		0		4016		survived		9.7286		8.47075		655		115		168		168		168		168		
791		4503		0		4016		survived		9.7286		8.47075		656		115		168		168		168		168		
792		4503		0		4016		survived		9.7286		8.47075		657		115		168		168		168		168		
793		4503		0		4016		survived		9.7286		8.47075		658		115		168		168		168		168		
794		4503		0		4016		survived		9.7286		8.47075		659		115		168		168		168		168		
795		4503		0		4016		survived		9.7286		8.47075		660		115		168		168		168		168		
796		4503		0		4016		survived		9.7286		8.47075		661		115		168		168		168		168		
797		4503		0		4016		survived		9.7286		8.47075		662		115		168		168		168		168		
798		4503		0		4016		survived		9.7286		8.47075		663		115		168		168		168		168		
799		4503		0		4016		survived		9.7286		8.47075		664		115		168		168		168		168		
800		4503		0		4016		survived		9.7286		8.47075		665		115		168		168		168		168		
801		4503		0		4016		survived		9.7286		8.47075		666		115		168		168		168		168		
802		4503		0		4016		survived		9.7286		8.47075		667		115		168		168		168		168		
803		4503		0		4016		survived		9.7286		8.47075		668		115		168		168		168		168		
804		4503		0		4016		survived		9.7286		8.47075		669		115		168		168		168		168		
805		4503		0		4016		survived		9.7286		8.47075		670		115		168		168		168		168		
806		4503		0		4016		survived		9.7286		8.47075		671		115		168		168		168		168		
807		4503		0		4016		survived		9.7286		8.47075		672		115		168		168		168		168		
808		4503		0		4016		survived		9.7286		8.47075		673		115		168		168		168		168		
809		4503		0		4016		survived		9.7286		8.47075		674		115		168		168		168		168		
810		4503		0		4016		survived		9.7286		8.47075		675		115		168		168		168		168		
811		4503		0		4016		survived		9.7286		8.47075		676		115		168		168		168		168		
812		4503		0		4016		survived		9.7286		8.47075		677		115		168		168		168		168		
813		4503		0		4016		survived		9.7286		8.47075		678		115		168		168		168		168		
814		4503		0		4016		survived		9.7286		8.47075		679		115		168		168		168		168		
815		4503		0		4016		survived		9.7286		8.47075		680		115		168		168		168		168		
816		4503		0		4016		survived		9.7286		8.47075		681		115		168		168		168		168		
817		4503		0		4016		survived		9.7286		8.47075		682		115		168		168		168		168		
818		4503		0		4016		survived		9.7286		8.47075		683		115		168		168		168		168		
819		4503		0		4016		survived		9.7286		8.47075		684		115		168		168		168		168		
820		4503		0		4016		survived		9.7286		8.47075		685		115		168		168		168		168		
821		4503		0		4016		survived		9.7286		8.47075		686		115		168		168		168		168		
822		4503		0		4016		survived		9.7286		8.47075		687		115		168		168		168		168		
823		4503		0		4016		survived		9.7286		8.47075		688		115		168		168		168		168		
824		4503		0		4016		survived		9.7286		8.47075		689		115		168		168		168		168		
825		4503		0		4016		survived		9.7286		8.47075		690		115		168		168		168		168		
826		4503		0		4016		survived		9.7286		8.47075		691		115		168		168		168		168		
827		4503		0		4016		survived		9.7286		8.47075		692		115		168		168		168		168		
828		4503		0		4016		survived		9.7286		8.47075		693		115		168		168		168		168		
829		4503		0		4016		survived		9.7286		8.47075		694		115		168		168		168		168		
830		4503		0		4016		survived		9.7286		8.47075		695		115		168		168		168		168		
831		4503		0		4016		survived		9.7286		8.47075		696		115		168		168		168		168		
832		4503		0		4016		survived		9.7286		8.47075		697		115		168		168		168		168		
833		4503		0		4016		survived		9.7286		8.47075		698		115		168		168		168		168		
834		4503		0		4016		survived		9.7286		8.47075		699		115		168		168		168		168		
835		4503		0		4016		survived		9.7286		8.47075		700		115		168		168		168		168		
836		4503		0		4016		survived		9.7286		8.47075		701		115		168		168		168		168		
837		4503		0		4016		survived		9.7286		8.47075		702		115		168		168		168		168		
838		4503		0		4016		survived		9.7286		8.47075		703		115		168		168		168		168		
839		4503		0		4016		survived		9.7286		8.47075		704		115		168		168		168		168		
840		4503		0		4016		survived		9.7286		8.47075		705		115		168		168		168		168		
841		4503		0		4016		survived		9.7286		8.47075		706		115		168		168		168		168		
842		4503		0		4016		survived		9.7286		8.47075		707		115		168		168		168		168		
843		4503		0		4016		survived		9.7286		8.47075		708		115		168		168		168		168		
844		4503		0		4016		survived		9.7286		8.47075		709		115		168		168		168		168		
845		4503		0		4016		survived		9.7286		8.47075		710		115		168		168		168		168		
846		4503		0		4016		survived		9.7286		8.47075		711		115		168		168		168		168		
847		4503		0		4016		survived		9.7286		8.47075		712		115		168		168		168		168		
848		4503		0		4016		survived		9.7286		8.47075		713		115		168		168		168		168		
849		4503		0		4016		survived		9.7286		8.47075		714		115		168		168		168		168		
850		4503		0		4016		survived		9.7286		8.47075		715		115		168		168		168		168		
851		4503		0		4016		survived		9.7286		8.47075		716		115		168		168		168		168		
852		4503		0		4016		survived		9.7286		8.47075		717		115		168		168		168		168		
853		4503		0		4016		survived		9.7286		8.47075		718		115		168		168		168		168		
854		4503		0		4016		survived		9.7286		8.47075		719		115		168		168		168		168		
855		4503		0		4016		survived		9.7286		8.47075		720		115		168		168		168		168		
856		4503		0		4016		survived		9.7286		8.47075		721		115		168		168		168		168		
857		4503		0		4016		survived		9.7286		8.47075		722		115		168		168		168		168		
858		4503		0		4016		survived		9.7286		8.47075		723		115		168		168		168		168		
859		4503		0		4016		survived		9.7286		8.47075		724		115		168		168		168		168		
860		4503		0		4016		survived		9.7286		8.47075		725		115		168		168		168		168		
861		4503		0		4016		survived		9.7286		8.47075		726		115		168		168		168		168		
862		4503		0		4016		survived		9.7286		8.47075		727		115		168		168		168		168		
863		4503		0		4016		survived		9.7286		8.47075		728		115		168		168		168		168		
864		4503		0		4016		survived		9.7286		8.47075		729		115		168		168		168		168		
865		4503		0		4016		survived		9.7286		8.47075		730		115		168		168		168		168		
866		4503		0		4016		survived		9.7286		8.47075		731		115		168		168		168		168		
867		4503		0		4016		survived		9.7286		8.47075		732		115		168		168		168		168		
868		4503		0		4016		survived		9.7286		8.47075		733		115		168		168		168		168		
869		4503		0		4016		survived		9.7286		8.47075		734		115		168		168		168		168		
870		4503		0		4016		survived		9.7286		8.47075		735		115		168		168		168		168		
871		4503		0		4016		survived		9.7286		8.47075		736		115		168		168		168		168		
872		4503		0		4016		survived		9.7286		8.47075		737		115		168		168		168		168		
873		4503		0		4016		survived		9.7286		8.47075		738		115		168		168		168		168		
874		4503		0		4016		survived		9.7286		8.47075		739		115		168		168		168		168		
875		4503		0		4016		survived		9.7286		8.47075		740		115		168		168		168		168		
876		4503		0		4016		survived		9.7286		8.47075		741		115		168		168		168		168		
877		4503		0		4016		survived		9.7286		8.47075		742		115		168		168		168		168		
878		4503		0		4016		survived		9.7286		8.47075		743		115		168		168		168		168		
879		4503		0		4016		survived		9.7286		8.47075		744		115		168		168		168		168		
880		4503		0		4016		survived		9.7286		8.47075		745		115		168		168		168		168		
881		4503		0		4016		survived		9.7286		8.47075		746		115		168		168		168		168		
882		4503		0		4016		survived		9.7286		8.47075		747		115		168		168		168		168		
883		4503		0		4016		survived		9.7286		8.47075		748		115		168		168		168		168		
884		4503		0		4016		survived		9.7286		8.47075		749		115		168		168		168		168		
885		4503		0		4016		survived		9.7286		8.47075		750		115		168		168		168		168		
886		4503		0		4016		survived		9.7286		8.47075		751		115		168		168		168		168		
887		4503		0		4016		survived		9.7286		8.47075		752		115		168		168		168		168		
888		4503		0		4016		survived		9.7286		8.47075		753		115		168		168		168		168		
889		4503		0		4016		survived		9.7286		8.47075		754		115		168		168		168		168		
890		4503		0		4016		survived		9.7286		8.47075		755		115		168		168		168		168		
891		4503		0		4016		survived		9.7286		8.47075		756		115		168		168		168		168		
892		4503		0		4016		survived		9.7286		8.47075		757		115		168		168		168		168		
893		4503		0		4016		survived		9.7286		8.47075		758		115		168		168		168		168		
894		4503		0		4016		survived		9.7286		8.47075		759		115		168		168		168		168		
895		4503		0		4016		survived		9.7286		8.47075		760		115		168		168		168		168		
896		4503		0		4016		survived		9.7286		8.47075		761		115		168		168		168		168		
897		4503		0		4016		survived		9.7286		8.47075		762		115		168		168		168		168		
898		4503		0		4016		survived		9.7286		8.47075		763		115		168		168		168		168		
899		4503		0		4016		survived		9.7286		8.47075		764		115		168		168		168		168		
900		4503		0		4016		survived		9.7286		8.47075		765		115		168		168		168		168		
901		4503		0		4016		survived		9.7286		8.47075		766		115		168		168		168		168		
902		4503		0		4016		survived		9.7286		8.47075		767		115		168		168		168		168		
903		4503		0		4016		survived		9.7286		8.47075		768		115		168		168		168		168		
904		4503		0		4016		survived		9.7286		8.47075		769		115		168		168		168		168		
905		4503		0		4016		survived		9.7286		8.47075		770		115		168		168		168		168		
906		4503		0		4016		survived		9.7286		8.47075		771		115		168		168		168		168		
907		4503		0		4016		survived		9.7286		8.47075		772		115		168		168		168		168		
908		4503		0		4016		survived		9.7286		8.47075		773		115		168		168		168		168		
909		4503		0		4016		survived		9.7286		8.47075		774		115		168		168		168		168		
910		4503		0		4016		survived		9.7286		8.47075		775		115		168		168		168		168		
911		4503		0		4016		survived		9.7286		8.47075		776		115		168		168		168		168		
912		4503		0		4016		survived		9.7286		8.47075		777		115		168		168		168		168		
913		4503		0		4016		survived		9.7286		8.47075		778		115		168		168		168		168		
914		4503		0		4016		survived		9.7286		8.47075		779		115		168		168		168		168		
915		4503		0		4016		survived		9.7286		8.47075		780		115		168		168		168		168		
916		4503		0		4016		survived		9.7286		8.47075		781		115		168		168		168		168		
917		4503		0		4016		survived		9.7286		8.47075		782		115		168		168		168		168		
918		4503		0		4016		survived		9.7286		8.47075		783		115		168		168		168		168		
919		4503		0		4016		survived		9.7286		8.47075		784		115		168		168		168		168		
920		4503		0		4016		survived		9.7286		8.47075		785		115		168		168		168		168		
921		4503		0		4016		survived		9.7286		8.47075		786		115		168		168		168		168		
922		4503		0		4016		survived		9.7286		8.47075		787		115		168		168		168		168		
923		4503		0		4016		survived		9.7286		8.47075		788		115		168		168		168		168		
924		4503		0		4016		survived		9.7286		8.47075		789		115		168		168		168		168		
925		4503		0		4016		survived		9.7286		8.47075		790		115		168		168		168		168		
926		4503		0		4016		survived		9.7286		8.47075		791		115		168		168		168		168		
927		4503		0		4016		survived		9.7286		8.47075		792		115		168		168		168		168		
928		4503		0		4016		survived		9.7286		8.47075		793		115		168		168		168		168		
929		4503		0		4016		survived		9.7286		8.47075		794		115		168		168		168		168		
930		4503		0		4016		survived		9.7286		8.47075		795		115		168		168		168		168		
931		4503		0		4016		survived		9.7286		8.47075		796		115		168		168		168		168		
932		4503		0		4016		survived		9.7286		8.47075		797		115		168		168		168		168		
933		4503		0		4016		survived		9.7286		8.47075		798		115		168		168		168		168		
934		4503		0		4016		survived		9.7286		8.47075		799		115		168		168		168		168		
935		4503		0		4016		survived		9.7286		8.47075		800		115		168		168		168		168		
936		4503		0		4016		survived		9.7286		8.47075		801		115		168		168		168		168		
937		4503		0		4016		survived		9.7286		8.47075		802		115		168		168		168		168		
938		4503		0		4016		survived		9.7286		8.47075		803		115		168		168		168		168		
939		4503		0		4016		survived		9.7286		8.47075		804		115		168		168		168		168		
940		4503		0		4016		survived		9.7286		8.47075		805		115		168		168		168		168		
941		4503		0		4016		survived		9.7286		8.47075		806		115		168		168		168		168		
942		4503		0		4016		survived		9.7286		8.47075		807		115		168		168		168		168		
943		4503		0		4016		survived		9.7286		8.47075		808		115		168		168		168		168		
944		4503		0		4016		survived		9.7286		8.47075		809		115		168		168		168		168		
945		4503		0		4016		survived		9.7286		8.47075		810		115		168		168		168		168		
946		4503		0		4016		survived		9.7286		8.47075		811		115		168		168		168		168		
947		4503		0		4016		survived		9.7286		8.47075		812		115		168		168		168		168		
948		4503		0		4016		survived		9.7286		8.47075		813		115		168		168		168		168		
949		4503		0		4016		survived		9.7286		8.47075		814		115		168		168		168		168		
950		4503		0		4016		survived		9.7286		8.47075		815		115		168		168		168		168		
951		4503		0		4016		survived		9.7286		8.47075		816		115		168		168		168		168		
952		4503		0		4016		survived		9.7286		8.47075		817		115		168		168		168		168		
953		4503		0		4016		survived		9.7286		8.47075		818		115		168		168		168		168		
954		4503		0		4016		survived		9.7286		8.47075		819		115		168		168		168		168		
955		4503		0		4016		survived		9.7286		8.47075		820		115		168		168		168		168		
956		4503		0		4016		survived		9.7286		8.47075		821		115		168		168		168		168		
957		4503		0		4016		survived		9.7286		8.47075		822		115		168		168		168		168		
958		4503		0		4016		survived		9.7286		8.47075		823		115		168		168		168		168		
959		4503		0		4016		survived		9.7286		8.47075		824		115		168		168		168		168		
960		4503		0		4016		survived		9.7286		8.47075		825		115		168		168		168		168		
961		4503		0		4016		survived		9.7286		8.47075		826		115		168		168		168		168		
962		4503		0		4016		survived		9.7286		8.47075		827		115		168		168		168		168		
963		4503		0		4016		survived		9.7286		8.47075		828		115		168		168		168		168		
964		4503		0		4016		survived		9.7286		8.47075		829		115		168		168		168		168		
965		4503		0		4016		survived		9.7286		8.47075		830		115		168		168		168		168		
966		4503		0		4016		survived		9.7286		8.47075		831		115		168		168		168		168		
967		4503		0		4016		survived		9.7286		8.47075		832		115		168		168		168		168		
968		4503		0		4016		survived		9.7286		8.47075		833		115		168		168		168		168		
969		4503		0		4016		survived		9.7286		8.47075		834		115		168		168		168		168		
970		4503		0		4016		survived		9.7286		8.47075		835		115		168		168		168		168		
971		4503		0		4016		survived		9.7286		8.47075		836		115		168		168		168		168		
972		4503		0		4016		survived		9.7286		8.47075		837		115		168		168		168		168		
973		4503		0		4016		survived		9.7286		8.47075		838		115		168		168		168		168		
974		4503		0		4016		survived		9.7286		8.47075		839		115		168		168		168		168		
975		4503		0		4016		survived		9.7286		8.47075		840		115		168		168		168		168		
976		4503		0		4016		survived		9.7286		8.47075		841		115		168		168		168		168		
977		4503		0		4016		survived		9.7286		8.47075		842		115		168		168		168		168		
978		4503		0		4016		survived		9.7286		8.47075		843		115		168		168		168		168		
979		4503		0		4016		survived		9.7286		8.47075		844		115		168		168		168		168		
980		4503		0		4016		survived		9.7286		8.47075		845		115		168		168		168		168		
981		4503		0		4016		survived		9.7286		8.47075		846		115		168		168		168		168		
982		4503		0		4016		survived		9.7286		8.47075		847		115		168		168		168		168		
983		4503		0		4016		survived		9.7286		8.47075		848		115		168		168		168		168		
984		4503		0		4016		survived		9.7286		8.47075		849		115		168		168		168		168		
985		4503		0		4016		survived		9.7286		8.47075		850		115		168		168		168		168		
986		4503		0		4016		survived		9.7286		8.47075		851		115		168		168		168		168		
987		4503		0		4016		survived		9.7286		8.47075		852		115		168		168		168		168		
988		4503		0		4016		survived		9.7286		8.47075		853		115		168		168		168		168		
989		4503		0		4016		survived		9.7286		8.47075		854		115		168		168		168		168		
990		4503		0		4016		survived		9.7286		8.47075		855		115		168		168		168		168		
991		4503		0		4016		survived		9.7286		8.47075		856		115		168		168		168		168		
992		4503		0		4016		survived		9.7286		8.47075		857		115		168		168		168		168		
993		4503		0		4016		survived		9.7286		8.47075		858		115		168		168		168		168		
994		4503		0		4016		survived		9.7286		8.47075		859		115		168		168		168		168		
995		4503		0		4016		survived		9.7286		8.47075		860		115		168		168		168		168		
996		4503		0		4016		survived		9.7286		8.47075		861		115		168		168		168		168		
997		4503		0		4016		survived		9.7286		8.47075		862		115		168		168		168		168		
998		4503		0		4016		survived		9.7286		8.47075		863		115		168		168		168		168		
999		4503		0		4016		survived		9.7286		8.47075		864		115		168		168		168		168		
1000		4503		0		4016		survived		9.7286		8.47075		865		115		168		168		168		168		
