gen		id		dom		parent_id		variation_type		fitness		parent_fitness		age		parent_age		num_voxels		parent_num_voxels		energy		parent_energy		material_different_from_parent		mean_material		mean_parent_material		mean_parent_diff_material
0		9		0		-1		newly_generated		0.526139		-10000000.0		0		10000000.0		216		10000000.0		95		10000000.0		
1		24		0		11		mutate_function(absolute-to-sin)		0.90017		0.0265777		1		1		71		216		71		216		
2		58		0		-1		newly_generated		2.79518		-10000000.0		0		10000000.0		216		10000000.0		216		10000000.0		
3		69		0		58		mutate_weight(-0.352061126826)		5.00169		2.79518		1		1		216		216		216		216		
4		85		0		69		add_link		5.06513		5.00169		2		2		216		216		216		216		
5		85		0		69		survived		5.06513		5.00169		3		2		216		216		216		216		
6		85		0		69		survived		5.06513		5.00169		4		2		216		216		216		216		
7		162		0		-1		newly_generated		5.51289		-10000000.0		0		10000000.0		216		10000000.0		216		10000000.0		
8		171		0		162		add_link		5.68153		5.51289		1		1		216		216		216		216		
9		204		0		112		remove_link		6.19321		3.77373		6		6		204		204		204		204		
10		215		0		204		remove_node		6.42363		6.19321		7		7		204		204		204		204		
11		245		0		215		remove_link		6.8544		6.42363		8		8		204		204		204		204		
12		245		0		215		survived		6.8544		6.42363		9		8		204		204		204		204		
13		245		0		215		survived		6.8544		6.42363		10		8		204		204		204		204		
14		312		0		245		remove_link		6.94068		6.8544		11		11		204		204		204		204		
15		312		0		245		survived		6.94068		6.8544		12		11		204		204		204		204		
16		312		0		245		survived		6.94068		6.8544		13		11		204		204		204		204		
17		312		0		245		survived		6.94068		6.8544		14		11		204		204		204		204		
18		312		0		245		survived		6.94068		6.8544		15		11		204		204		204		204		
19		312		0		245		survived		6.94068		6.8544		16		11		204		204		204		204		
20		312		0		245		survived		6.94068		6.8544		17		11		204		204		204		204		
21		312		0		245		survived		6.94068		6.8544		18		11		204		204		204		204		
22		312		0		245		survived		6.94068		6.8544		19		11		204		204		204		204		
23		506		0		455		mutate_weight(0.208787951104)		8.22588		3.48714		20		20		195		179		195		179		
24		506		0		455		survived		8.22588		3.48714		21		20		195		179		195		179		
25		506		0		455		survived		8.22588		3.48714		22		20		195		179		195		179		
26		506		0		455		survived		8.22588		3.48714		23		20		195		179		195		179		
27		506		0		455		survived		8.22588		3.48714		24		20		195		179		195		179		
28		506		0		455		survived		8.22588		3.48714		25		20		195		179		195		179		
29		634		0		506		remove_link		8.37761		8.22588		26		26		195		195		195		195		
30		634		0		506		survived		8.37761		8.22588		27		26		195		195		195		195		
31		634		0		506		survived		8.37761		8.22588		28		26		195		195		195		195		
32		634		0		506		survived		8.37761		8.22588		29		26		195		195		195		195		
33		634		0		506		survived		8.37761		8.22588		30		26		195		195		195		195		
34		634		0		506		survived		8.37761		8.22588		31		26		195		195		195		195		
35		634		0		506		survived		8.37761		8.22588		32		26		195		195		195		195		
36		794		0		634		add_link		8.44656		8.37761		33		33		195		195		195		195		
37		794		0		634		survived		8.44656		8.37761		34		33		195		195		195		195		
38		794		0		634		survived		8.44656		8.37761		35		33		195		195		195		195		
39		794		0		634		survived		8.44656		8.37761		36		33		195		195		195		195		
40		794		0		634		survived		8.44656		8.37761		37		33		195		195		195		195		
41		794		0		634		survived		8.44656		8.37761		38		33		195		195		195		195		
42		794		0		634		survived		8.44656		8.37761		39		33		195		195		195		195		
43		794		0		634		survived		8.44656		8.37761		40		33		195		195		195		195		
44		794		0		634		survived		8.44656		8.37761		41		33		195		195		195		195		
45		794		0		634		survived		8.44656		8.37761		42		33		195		195		195		195		
46		794		0		634		survived		8.44656		8.37761		43		33		195		195		195		195		
47		794		0		634		survived		8.44656		8.37761		44		33		195		195		195		195		
48		794		0		634		survived		8.44656		8.37761		45		33		195		195		195		195		
49		794		0		634		survived		8.44656		8.37761		46		33		195		195		195		195		
50		794		0		634		survived		8.44656		8.37761		47		33		195		195		195		195		
51		794		0		634		survived		8.44656		8.37761		48		33		195		195		195		195		
52		1138		0		975		mutate_weight(0.308589683554)		8.44656		8.37761		49		49		192		192		192		192		
53		1138		0		975		survived		8.44656		8.37761		50		49		192		192		192		192		
54		1138		0		975		survived		8.44656		8.37761		51		49		192		192		192		192		
55		1138		0		975		survived		8.44656		8.37761		52		49		192		192		192		192		
56		1138		0		975		survived		8.44656		8.37761		53		49		192		192		192		192		
57		1138		0		975		survived		8.44656		8.37761		54		49		192		192		192		192		
58		1138		0		975		survived		8.44656		8.37761		55		49		192		192		192		192		
59		1138		0		975		survived		8.44656		8.37761		56		49		192		192		192		192		
60		1138		0		975		survived		8.44656		8.37761		57		49		192		192		192		192		
61		1138		0		975		survived		8.44656		8.37761		58		49		192		192		192		192		
62		1138		0		975		survived		8.44656		8.37761		59		49		192		192		192		192		
63		1138		0		975		survived		8.44656		8.37761		60		49		192		192		192		192		
64		1138		0		975		survived		8.44656		8.37761		61		49		192		192		192		192		
65		1138		0		975		survived		8.44656		8.37761		62		49		192		192		192		192		
66		1138		0		975		survived		8.44656		8.37761		63		49		192		192		192		192		
67		1138		0		975		survived		8.44656		8.37761		64		49		192		192		192		192		
68		1138		0		975		survived		8.44656		8.37761		65		49		192		192		192		192		
69		1138		0		975		survived		8.44656		8.37761		66		49		192		192		192		192		
70		1138		0		975		survived		8.44656		8.37761		67		49		192		192		192		192		
71		1565		0		943		mutate_weight(-0.770479389492)		8.70308		6.94556		68		68		193		71		193		71		
72		1565		0		943		survived		8.70308		6.94556		69		68		193		71		193		71		
73		1565		0		943		survived		8.70308		6.94556		70		68		193		71		193		71		
74		1565		0		943		survived		8.70308		6.94556		71		68		193		71		193		71		
75		1565		0		943		survived		8.70308		6.94556		72		68		193		71		193		71		
76		1565		0		943		survived		8.70308		6.94556		73		68		193		71		193		71		
77		1565		0		943		survived		8.70308		6.94556		74		68		193		71		193		71		
78		1565		0		943		survived		8.70308		6.94556		75		68		193		71		193		71		
79		1565		0		943		survived		8.70308		6.94556		76		68		193		71		193		71		
80		1565		0		943		survived		8.70308		6.94556		77		68		193		71		193		71		
81		1565		0		943		survived		8.70308		6.94556		78		68		193		71		193		71		
82		1565		0		943		survived		8.70308		6.94556		79		68		193		71		193		71		
83		1565		0		943		survived		8.70308		6.94556		80		68		193		71		193		71		
84		1565		0		943		survived		8.70308		6.94556		81		68		193		71		193		71		
85		1565		0		943		survived		8.70308		6.94556		82		68		193		71		193		71		
86		1565		0		943		survived		8.70308		6.94556		83		68		193		71		193		71		
87		1565		0		943		survived		8.70308		6.94556		84		68		193		71		193		71		
88		1565		0		943		survived		8.70308		6.94556		85		68		193		71		193		71		
89		1565		0		943		survived		8.70308		6.94556		86		68		193		71		193		71		
90		1565		0		943		survived		8.70308		6.94556		87		68		193		71		193		71		
91		1565		0		943		survived		8.70308		6.94556		88		68		193		71		193		71		
92		1565		0		943		survived		8.70308		6.94556		89		68		193		71		193		71		
93		1565		0		943		survived		8.70308		6.94556		90		68		193		71		193		71		
94		1565		0		943		survived		8.70308		6.94556		91		68		193		71		193		71		
95		1565		0		943		survived		8.70308		6.94556		92		68		193		71		193		71		
96		1565		0		943		survived		8.70308		6.94556		93		68		193		71		193		71		
97		1565		0		943		survived		8.70308		6.94556		94		68		193		71		193		71		
98		1565		0		943		survived		8.70308		6.94556		95		68		193		71		193		71		
99		1565		0		943		survived		8.70308		6.94556		96		68		193		71		193		71		
100		1565		0		943		survived		8.70308		6.94556		97		68		193		71		193		71		
101		1565		0		943		survived		8.70308		6.94556		98		68		193		71		193		71		
102		2247		0		1565		remove_link		8.82085		8.70308		99		99		194		193		194		193		
103		2247		0		1565		survived		8.82085		8.70308		100		99		194		193		194		193		
104		2288		0		2247		add_link		8.8392		8.82085		101		101		190		194		190		194		
105		2288		0		2247		survived		8.8392		8.82085		102		101		190		194		190		194		
106		2288		0		2247		survived		8.8392		8.82085		103		101		190		194		190		194		
107		2288		0		2247		survived		8.8392		8.82085		104		101		190		194		190		194		
108		2288		0		2247		survived		8.8392		8.82085		105		101		190		194		190		194		
109		2288		0		2247		survived		8.8392		8.82085		106		101		190		194		190		194		
110		2288		0		2247		survived		8.8392		8.82085		107		101		190		194		190		194		
111		2288		0		2247		survived		8.8392		8.82085		108		101		190		194		190		194		
112		2288		0		2247		survived		8.8392		8.82085		109		101		190		194		190		194		
113		2288		0		2247		survived		8.8392		8.82085		110		101		190		194		190		194		
114		2288		0		2247		survived		8.8392		8.82085		111		101		190		194		190		194		
115		2288		0		2247		survived		8.8392		8.82085		112		101		190		194		190		194		
116		2288		0		2247		survived		8.8392		8.82085		113		101		190		194		190		194		
117		2288		0		2247		survived		8.8392		8.82085		114		101		190		194		190		194		
118		2288		0		2247		survived		8.8392		8.82085		115		101		190		194		190		194		
119		2288		0		2247		survived		8.8392		8.82085		116		101		190		194		190		194		
120		2288		0		2247		survived		8.8392		8.82085		117		101		190		194		190		194		
121		2288		0		2247		survived		8.8392		8.82085		118		101		190		194		190		194		
122		2288		0		2247		survived		8.8392		8.82085		119		101		190		194		190		194		
123		2288		0		2247		survived		8.8392		8.82085		120		101		190		194		190		194		
124		2288		0		2247		survived		8.8392		8.82085		121		101		190		194		190		194		
125		2748		0		2288		add_link		9.00888		8.8392		122		122		192		190		192		190		
126		2748		0		2288		survived		9.00888		8.8392		123		122		192		190		192		190		
127		2748		0		2288		survived		9.00888		8.8392		124		122		192		190		192		190		
128		2748		0		2288		survived		9.00888		8.8392		125		122		192		190		192		190		
129		2748		0		2288		survived		9.00888		8.8392		126		122		192		190		192		190		
130		2748		0		2288		survived		9.00888		8.8392		127		122		192		190		192		190		
131		2748		0		2288		survived		9.00888		8.8392		128		122		192		190		192		190		
132		2748		0		2288		survived		9.00888		8.8392		129		122		192		190		192		190		
133		2748		0		2288		survived		9.00888		8.8392		130		122		192		190		192		190		
134		2748		0		2288		survived		9.00888		8.8392		131		122		192		190		192		190		
135		2974		0		2748		mutate_weight(-0.887737138841)		9.01806		9.00888		132		132		192		192		192		192		
136		2974		0		2748		survived		9.01806		9.00888		133		132		192		192		192		192		
137		2974		0		2748		survived		9.01806		9.00888		134		132		192		192		192		192		
138		2974		0		2748		survived		9.01806		9.00888		135		132		192		192		192		192		
139		2974		0		2748		survived		9.01806		9.00888		136		132		192		192		192		192		
140		2974		0		2748		survived		9.01806		9.00888		137		132		192		192		192		192		
141		2974		0		2748		survived		9.01806		9.00888		138		132		192		192		192		192		
142		2974		0		2748		survived		9.01806		9.00888		139		132		192		192		192		192		
143		2974		0		2748		survived		9.01806		9.00888		140		132		192		192		192		192		
144		3161		0		2974		add_node		9.20354		9.01806		141		141		192		192		192		192		
145		3161		0		2974		survived		9.20354		9.01806		142		141		192		192		192		192		
146		3161		0		2974		survived		9.20354		9.01806		143		141		192		192		192		192		
147		3161		0		2974		survived		9.20354		9.01806		144		141		192		192		192		192		
148		3161		0		2974		survived		9.20354		9.01806		145		141		192		192		192		192		
149		3161		0		2974		survived		9.20354		9.01806		146		141		192		192		192		192		
150		3161		0		2974		survived		9.20354		9.01806		147		141		192		192		192		192		
151		3161		0		2974		survived		9.20354		9.01806		148		141		192		192		192		192		
152		3161		0		2974		survived		9.20354		9.01806		149		141		192		192		192		192		
153		3371		0		3161		add_link		9.22905		9.20354		150		150		192		192		192		192		
154		3371		0		3161		survived		9.22905		9.20354		151		150		192		192		192		192		
155		3371		0		3161		survived		9.22905		9.20354		152		150		192		192		192		192		
156		3371		0		3161		survived		9.22905		9.20354		153		150		192		192		192		192		
157		3371		0		3161		survived		9.22905		9.20354		154		150		192		192		192		192		
158		3371		0		3161		survived		9.22905		9.20354		155		150		192		192		192		192		
159		3371		0		3161		survived		9.22905		9.20354		156		150		192		192		192		192		
160		3517		0		3481		add_node		9.22905		9.19165		157		157		191		191		191		191		
161		3517		0		3481		survived		9.22905		9.19165		158		157		191		191		191		191		
162		3517		0		3481		survived		9.22905		9.19165		159		157		191		191		191		191		
163		3517		0		3481		survived		9.22905		9.19165		160		157		191		191		191		191		
164		3517		0		3481		survived		9.22905		9.19165		161		157		191		191		191		191		
165		3517		0		3481		survived		9.22905		9.19165		162		157		191		191		191		191		
166		3517		0		3481		survived		9.22905		9.19165		163		157		191		191		191		191		
167		3517		0		3481		survived		9.22905		9.19165		164		157		191		191		191		191		
168		3517		0		3481		survived		9.22905		9.19165		165		157		191		191		191		191		
169		3517		0		3481		survived		9.22905		9.19165		166		157		191		191		191		191		
170		3517		0		3481		survived		9.22905		9.19165		167		157		191		191		191		191		
171		3517		0		3481		survived		9.22905		9.19165		168		157		191		191		191		191		
172		3517		0		3481		survived		9.22905		9.19165		169		157		191		191		191		191		
173		3517		0		3481		survived		9.22905		9.19165		170		157		191		191		191		191		
174		3517		0		3481		survived		9.22905		9.19165		171		157		191		191		191		191		
175		3517		0		3481		survived		9.22905		9.19165		172		157		191		191		191		191		
176		3517		0		3481		survived		9.22905		9.19165		173		157		191		191		191		191		
177		3894		0		3505		mutate_weight(0.0185086007434)		9.22905		8.85622		174		174		190		190		190		190		
178		3894		0		3505		survived		9.22905		8.85622		175		174		190		190		190		190		
179		3894		0		3505		survived		9.22905		8.85622		176		174		190		190		190		190		
180		3963		0		3894		add_link		9.25305		9.22905		177		177		192		190		192		190		
181		3963		0		3894		survived		9.25305		9.22905		178		177		192		190		192		190		
182		3963		0		3894		survived		9.25305		9.22905		179		177		192		190		192		190		
183		4028		0		3963		remove_link		9.35955		9.25305		180		180		192		192		192		192		
184		4028		0		3963		survived		9.35955		9.25305		181		180		192		192		192		192		
185		4028		0		3963		survived		9.35955		9.25305		182		180		192		192		192		192		
186		4028		0		3963		survived		9.35955		9.25305		183		180		192		192		192		192		
187		4028		0		3963		survived		9.35955		9.25305		184		180		192		192		192		192		
188		4140		0		4028		mutate_weight(-0.100054964757)		9.36013		9.35955		185		185		190		192		190		192		
189		4140		0		4028		survived		9.36013		9.35955		186		185		190		192		190		192		
190		4140		0		4028		survived		9.36013		9.35955		187		185		190		192		190		192		
191		4140		0		4028		survived		9.36013		9.35955		188		185		190		192		190		192		
192		4140		0		4028		survived		9.36013		9.35955		189		185		190		192		190		192		
193		4140		0		4028		survived		9.36013		9.35955		190		185		190		192		190		192		
194		4140		0		4028		survived		9.36013		9.35955		191		185		190		192		190		192		
195		4140		0		4028		survived		9.36013		9.35955		192		185		190		192		190		192		
196		4140		0		4028		survived		9.36013		9.35955		193		185		190		192		190		192		
197		4140		0		4028		survived		9.36013		9.35955		194		185		190		192		190		192		
198		4140		0		4028		survived		9.36013		9.35955		195		185		190		192		190		192		
199		4140		0		4028		survived		9.36013		9.35955		196		185		190		192		190		192		
200		4140		0		4028		survived		9.36013		9.35955		197		185		190		192		190		192		
201		4427		0		4140		add_link		9.38139		9.36013		198		198		190		190		190		190		
202		4427		0		4140		survived		9.38139		9.36013		199		198		190		190		190		190		
203		4427		0		4140		survived		9.38139		9.36013		200		198		190		190		190		190		
204		4427		0		4140		survived		9.38139		9.36013		201		198		190		190		190		190		
205		4427		0		4140		survived		9.38139		9.36013		202		198		190		190		190		190		
206		4427		0		4140		survived		9.38139		9.36013		203		198		190		190		190		190		
207		4427		0		4140		survived		9.38139		9.36013		204		198		190		190		190		190		
208		4427		0		4140		survived		9.38139		9.36013		205		198		190		190		190		190		
209		4427		0		4140		survived		9.38139		9.36013		206		198		190		190		190		190		
210		4427		0		4140		survived		9.38139		9.36013		207		198		190		190		190		190		
211		4427		0		4140		survived		9.38139		9.36013		208		198		190		190		190		190		
212		4427		0		4140		survived		9.38139		9.36013		209		198		190		190		190		190		
213		4427		0		4140		survived		9.38139		9.36013		210		198		190		190		190		190		
214		4427		0		4140		survived		9.38139		9.36013		211		198		190		190		190		190		
215		4427		0		4140		survived		9.38139		9.36013		212		198		190		190		190		190		
216		4427		0		4140		survived		9.38139		9.36013		213		198		190		190		190		190		
217		4427		0		4140		survived		9.38139		9.36013		214		198		190		190		190		190		
218		4427		0		4140		survived		9.38139		9.36013		215		198		190		190		190		190		
219		4427		0		4140		survived		9.38139		9.36013		216		198		190		190		190		190		
220		4427		0		4140		survived		9.38139		9.36013		217		198		190		190		190		190		
221		4427		0		4140		survived		9.38139		9.36013		218		198		190		190		190		190		
222		4427		0		4140		survived		9.38139		9.36013		219		198		190		190		190		190		
223		4427		0		4140		survived		9.38139		9.36013		220		198		190		190		190		190		
224		4427		0		4140		survived		9.38139		9.36013		221		198		190		190		190		190		
225		4427		0		4140		survived		9.38139		9.36013		222		198		190		190		190		190		
226		4427		0		4140		survived		9.38139		9.36013		223		198		190		190		190		190		
227		4427		0		4140		survived		9.38139		9.36013		224		198		190		190		190		190		
228		4427		0		4140		survived		9.38139		9.36013		225		198		190		190		190		190		
229		4427		0		4140		survived		9.38139		9.36013		226		198		190		190		190		190		
230		4427		0		4140		survived		9.38139		9.36013		227		198		190		190		190		190		
231		4427		0		4140		survived		9.38139		9.36013		228		198		190		190		190		190		
232		4427		0		4140		survived		9.38139		9.36013		229		198		190		190		190		190		
233		4427		0		4140		survived		9.38139		9.36013		230		198		190		190		190		190		
234		4427		0		4140		survived		9.38139		9.36013		231		198		190		190		190		190		
235		4427		0		4140		survived		9.38139		9.36013		232		198		190		190		190		190		
236		4427		0		4140		survived		9.38139		9.36013		233		198		190		190		190		190		
237		4427		0		4140		survived		9.38139		9.36013		234		198		190		190		190		190		
238		4427		0		4140		survived		9.38139		9.36013		235		198		190		190		190		190		
239		4427		0		4140		survived		9.38139		9.36013		236		198		190		190		190		190		
240		4427		0		4140		survived		9.38139		9.36013		237		198		190		190		190		190		
241		4427		0		4140		survived		9.38139		9.36013		238		198		190		190		190		190		
242		4427		0		4140		survived		9.38139		9.36013		239		198		190		190		190		190		
243		4427		0		4140		survived		9.38139		9.36013		240		198		190		190		190		190		
244		4427		0		4140		survived		9.38139		9.36013		241		198		190		190		190		190		
245		4427		0		4140		survived		9.38139		9.36013		242		198		190		190		190		190		
246		4427		0		4140		survived		9.38139		9.36013		243		198		190		190		190		190		
247		4427		0		4140		survived		9.38139		9.36013		244		198		190		190		190		190		
248		4427		0		4140		survived		9.38139		9.36013		245		198		190		190		190		190		
249		4427		0		4140		survived		9.38139		9.36013		246		198		190		190		190		190		
250		4427		0		4140		survived		9.38139		9.36013		247		198		190		190		190		190		
251		4427		0		4140		survived		9.38139		9.36013		248		198		190		190		190		190		
252		4427		0		4140		survived		9.38139		9.36013		249		198		190		190		190		190		
253		4427		0		4140		survived		9.38139		9.36013		250		198		190		190		190		190		
254		4427		0		4140		survived		9.38139		9.36013		251		198		190		190		190		190		
255		4427		0		4140		survived		9.38139		9.36013		252		198		190		190		190		190		
256		4427		0		4140		survived		9.38139		9.36013		253		198		190		190		190		190		
257		4427		0		4140		survived		9.38139		9.36013		254		198		190		190		190		190		
258		4427		0		4140		survived		9.38139		9.36013		255		198		190		190		190		190		
259		4427		0		4140		survived		9.38139		9.36013		256		198		190		190		190		190		
260		4427		0		4140		survived		9.38139		9.36013		257		198		190		190		190		190		
261		5739		0		5516		add_node		9.5789		9.31703		258		258		190		180		190		180		
262		5739		0		5516		survived		9.5789		9.31703		259		258		190		180		190		180		
263		5739		0		5516		survived		9.5789		9.31703		260		258		190		180		190		180		
264		5739		0		5516		survived		9.5789		9.31703		261		258		190		180		190		180		
265		5739		0		5516		survived		9.5789		9.31703		262		258		190		180		190		180		
266		5739		0		5516		survived		9.5789		9.31703		263		258		190		180		190		180		
267		5739		0		5516		survived		9.5789		9.31703		264		258		190		180		190		180		
268		5739		0		5516		survived		9.5789		9.31703		265		258		190		180		190		180		
269		5739		0		5516		survived		9.5789		9.31703		266		258		190		180		190		180		
270		5739		0		5516		survived		9.5789		9.31703		267		258		190		180		190		180		
271		5739		0		5516		survived		9.5789		9.31703		268		258		190		180		190		180		
272		5739		0		5516		survived		9.5789		9.31703		269		258		190		180		190		180		
273		5739		0		5516		survived		9.5789		9.31703		270		258		190		180		190		180		
274		5739		0		5516		survived		9.5789		9.31703		271		258		190		180		190		180		
275		5739		0		5516		survived		9.5789		9.31703		272		258		190		180		190		180		
276		5739		0		5516		survived		9.5789		9.31703		273		258		190		180		190		180		
277		5739		0		5516		survived		9.5789		9.31703		274		258		190		180		190		180		
278		5739		0		5516		survived		9.5789		9.31703		275		258		190		180		190		180		
279		5739		0		5516		survived		9.5789		9.31703		276		258		190		180		190		180		
280		5739		0		5516		survived		9.5789		9.31703		277		258		190		180		190		180		
281		5739		0		5516		survived		9.5789		9.31703		278		258		190		180		190		180		
282		5739		0		5516		survived		9.5789		9.31703		279		258		190		180		190		180		
283		5739		0		5516		survived		9.5789		9.31703		280		258		190		180		190		180		
284		5739		0		5516		survived		9.5789		9.31703		281		258		190		180		190		180		
285		6277		0		5739		add_link		9.59214		9.5789		282		282		190		190		190		190		
286		6277		0		5739		survived		9.59214		9.5789		283		282		190		190		190		190		
287		6277		0		5739		survived		9.59214		9.5789		284		282		190		190		190		190		
288		6277		0		5739		survived		9.59214		9.5789		285		282		190		190		190		190		
289		6277		0		5739		survived		9.59214		9.5789		286		282		190		190		190		190		
290		6277		0		5739		survived		9.59214		9.5789		287		282		190		190		190		190		
291		6277		0		5739		survived		9.59214		9.5789		288		282		190		190		190		190		
292		6277		0		5739		survived		9.59214		9.5789		289		282		190		190		190		190		
293		6277		0		5739		survived		9.59214		9.5789		290		282		190		190		190		190		
294		6277		0		5739		survived		9.59214		9.5789		291		282		190		190		190		190		
295		6277		0		5739		survived		9.59214		9.5789		292		282		190		190		190		190		
296		6277		0		5739		survived		9.59214		9.5789		293		282		190		190		190		190		
297		6277		0		5739		survived		9.59214		9.5789		294		282		190		190		190		190		
298		6277		0		5739		survived		9.59214		9.5789		295		282		190		190		190		190		
299		6575		0		6365		mutate_weight(-0.153395295263)		9.93942		9.5789		296		296		188		176		188		176		
300		6575		0		6365		survived		9.93942		9.5789		297		296		188		176		188		176		
301		6621		0		6365		mutate_weight(-0.120770739245)		9.98853		9.5789		298		298		178		176		178		176		
302		6621		0		6365		survived		9.98853		9.5789		299		298		178		176		178		176		
303		6621		0		6365		survived		9.98853		9.5789		300		298		178		176		178		176		
304		6621		0		6365		survived		9.98853		9.5789		301		298		178		176		178		176		
305		6621		0		6365		survived		9.98853		9.5789		302		298		178		176		178		176		
306		6621		0		6365		survived		9.98853		9.5789		303		298		178		176		178		176		
307		6621		0		6365		survived		9.98853		9.5789		304		298		178		176		178		176		
308		6621		0		6365		survived		9.98853		9.5789		305		298		178		176		178		176		
309		6621		0		6365		survived		9.98853		9.5789		306		298		178		176		178		176		
310		6621		0		6365		survived		9.98853		9.5789		307		298		178		176		178		176		
311		6621		0		6365		survived		9.98853		9.5789		308		298		178		176		178		176		
312		6621		0		6365		survived		9.98853		9.5789		309		298		178		176		178		176		
313		6621		0		6365		survived		9.98853		9.5789		310		298		178		176		178		176		
314		6621		0		6365		survived		9.98853		9.5789		311		298		178		176		178		176		
315		6621		0		6365		survived		9.98853		9.5789		312		298		178		176		178		176		
316		6621		0		6365		survived		9.98853		9.5789		313		298		178		176		178		176		
317		6621		0		6365		survived		9.98853		9.5789		314		298		178		176		178		176		
318		6621		0		6365		survived		9.98853		9.5789		315		298		178		176		178		176		
319		6621		0		6365		survived		9.98853		9.5789		316		298		178		176		178		176		
320		6621		0		6365		survived		9.98853		9.5789		317		298		178		176		178		176		
321		6621		0		6365		survived		9.98853		9.5789		318		298		178		176		178		176		
322		6621		0		6365		survived		9.98853		9.5789		319		298		178		176		178		176		
323		6621		0		6365		survived		9.98853		9.5789		320		298		178		176		178		176		
324		6621		0		6365		survived		9.98853		9.5789		321		298		178		176		178		176		
325		6621		0		6365		survived		9.98853		9.5789		322		298		178		176		178		176		
326		6621		0		6365		survived		9.98853		9.5789		323		298		178		176		178		176		
327		6621		0		6365		survived		9.98853		9.5789		324		298		178		176		178		176		
328		6621		0		6365		survived		9.98853		9.5789		325		298		178		176		178		176		
329		6621		0		6365		survived		9.98853		9.5789		326		298		178		176		178		176		
330		6621		0		6365		survived		9.98853		9.5789		327		298		178		176		178		176		
331		6621		0		6365		survived		9.98853		9.5789		328		298		178		176		178		176		
332		6621		0		6365		survived		9.98853		9.5789		329		298		178		176		178		176		
333		6621		0		6365		survived		9.98853		9.5789		330		298		178		176		178		176		
334		6621		0		6365		survived		9.98853		9.5789		331		298		178		176		178		176		
335		6621		0		6365		survived		9.98853		9.5789		332		298		178		176		178		176		
336		6621		0		6365		survived		9.98853		9.5789		333		298		178		176		178		176		
337		6621		0		6365		survived		9.98853		9.5789		334		298		178		176		178		176		
338		6621		0		6365		survived		9.98853		9.5789		335		298		178		176		178		176		
339		6621		0		6365		survived		9.98853		9.5789		336		298		178		176		178		176		
340		6621		0		6365		survived		9.98853		9.5789		337		298		178		176		178		176		
341		6621		0		6365		survived		9.98853		9.5789		338		298		178		176		178		176		
342		6621		0		6365		survived		9.98853		9.5789		339		298		178		176		178		176		
343		6621		0		6365		survived		9.98853		9.5789		340		298		178		176		178		176		
344		6621		0		6365		survived		9.98853		9.5789		341		298		178		176		178		176		
345		6621		0		6365		survived		9.98853		9.5789		342		298		178		176		178		176		
346		6621		0		6365		survived		9.98853		9.5789		343		298		178		176		178		176		
347		6621		0		6365		survived		9.98853		9.5789		344		298		178		176		178		176		
348		6621		0		6365		survived		9.98853		9.5789		345		298		178		176		178		176		
349		6621		0		6365		survived		9.98853		9.5789		346		298		178		176		178		176		
350		6621		0		6365		survived		9.98853		9.5789		347		298		178		176		178		176		
351		6621		0		6365		survived		9.98853		9.5789		348		298		178		176		178		176		
352		6621		0		6365		survived		9.98853		9.5789		349		298		178		176		178		176		
353		6621		0		6365		survived		9.98853		9.5789		350		298		178		176		178		176		
354		6621		0		6365		survived		9.98853		9.5789		351		298		178		176		178		176		
355		6621		0		6365		survived		9.98853		9.5789		352		298		178		176		178		176		
356		6621		0		6365		survived		9.98853		9.5789		353		298		178		176		178		176		
357		7857		0		6621		add_link		10.0331		9.98853		354		354		178		178		178		178		
358		7857		0		6621		survived		10.0331		9.98853		355		354		178		178		178		178		
359		7857		0		6621		survived		10.0331		9.98853		356		354		178		178		178		178		
360		7857		0		6621		survived		10.0331		9.98853		357		354		178		178		178		178		
361		7857		0		6621		survived		10.0331		9.98853		358		354		178		178		178		178		
362		7857		0		6621		survived		10.0331		9.98853		359		354		178		178		178		178		
363		7857		0		6621		survived		10.0331		9.98853		360		354		178		178		178		178		
364		7857		0		6621		survived		10.0331		9.98853		361		354		178		178		178		178		
365		7857		0		6621		survived		10.0331		9.98853		362		354		178		178		178		178		
366		7857		0		6621		survived		10.0331		9.98853		363		354		178		178		178		178		
367		7857		0		6621		survived		10.0331		9.98853		364		354		178		178		178		178		
368		7857		0		6621		survived		10.0331		9.98853		365		354		178		178		178		178		
369		7857		0		6621		survived		10.0331		9.98853		366		354		178		178		178		178		
370		7857		0		6621		survived		10.0331		9.98853		367		354		178		178		178		178		
371		7857		0		6621		survived		10.0331		9.98853		368		354		178		178		178		178		
372		7857		0		6621		survived		10.0331		9.98853		369		354		178		178		178		178		
373		7857		0		6621		survived		10.0331		9.98853		370		354		178		178		178		178		
374		7857		0		6621		survived		10.0331		9.98853		371		354		178		178		178		178		
375		7857		0		6621		survived		10.0331		9.98853		372		354		178		178		178		178		
376		7857		0		6621		survived		10.0331		9.98853		373		354		178		178		178		178		
377		7857		0		6621		survived		10.0331		9.98853		374		354		178		178		178		178		
378		7857		0		6621		survived		10.0331		9.98853		375		354		178		178		178		178		
379		7857		0		6621		survived		10.0331		9.98853		376		354		178		178		178		178		
380		7857		0		6621		survived		10.0331		9.98853		377		354		178		178		178		178		
381		7857		0		6621		survived		10.0331		9.98853		378		354		178		178		178		178		
382		7857		0		6621		survived		10.0331		9.98853		379		354		178		178		178		178		
383		7857		0		6621		survived		10.0331		9.98853		380		354		178		178		178		178		
384		7857		0		6621		survived		10.0331		9.98853		381		354		178		178		178		178		
385		7857		0		6621		survived		10.0331		9.98853		382		354		178		178		178		178		
386		7857		0		6621		survived		10.0331		9.98853		383		354		178		178		178		178		
387		7857		0		6621		survived		10.0331		9.98853		384		354		178		178		178		178		
388		7857		0		6621		survived		10.0331		9.98853		385		354		178		178		178		178		
389		7857		0		6621		survived		10.0331		9.98853		386		354		178		178		178		178		
390		7857		0		6621		survived		10.0331		9.98853		387		354		178		178		178		178		
391		7857		0		6621		survived		10.0331		9.98853		388		354		178		178		178		178		
392		7857		0		6621		survived		10.0331		9.98853		389		354		178		178		178		178		
393		7857		0		6621		survived		10.0331		9.98853		390		354		178		178		178		178		
394		7857		0		6621		survived		10.0331		9.98853		391		354		178		178		178		178		
395		7857		0		6621		survived		10.0331		9.98853		392		354		178		178		178		178		
396		7857		0		6621		survived		10.0331		9.98853		393		354		178		178		178		178		
397		7857		0		6621		survived		10.0331		9.98853		394		354		178		178		178		178		
398		7857		0		6621		survived		10.0331		9.98853		395		354		178		178		178		178		
399		7857		0		6621		survived		10.0331		9.98853		396		354		178		178		178		178		
400		7857		0		6621		survived		10.0331		9.98853		397		354		178		178		178		178		
401		7857		0		6621		survived		10.0331		9.98853		398		354		178		178		178		178		
402		8841		0		8578		remove_link		10.0331		9.85252		399		399		177		177		177		177		
403		8841		0		8578		survived		10.0331		9.85252		400		399		177		177		177		177		
404		8841		0		8578		survived		10.0331		9.85252		401		399		177		177		177		177		
405		8841		0		8578		survived		10.0331		9.85252		402		399		177		177		177		177		
406		8841		0		8578		survived		10.0331		9.85252		403		399		177		177		177		177		
407		8841		0		8578		survived		10.0331		9.85252		404		399		177		177		177		177		
408		8841		0		8578		survived		10.0331		9.85252		405		399		177		177		177		177		
409		8841		0		8578		survived		10.0331		9.85252		406		399		177		177		177		177		
410		8841		0		8578		survived		10.0331		9.85252		407		399		177		177		177		177		
411		8841		0		8578		survived		10.0331		9.85252		408		399		177		177		177		177		
412		8841		0		8578		survived		10.0331		9.85252		409		399		177		177		177		177		
413		8841		0		8578		survived		10.0331		9.85252		410		399		177		177		177		177		
414		8841		0		8578		survived		10.0331		9.85252		411		399		177		177		177		177		
415		8841		0		8578		survived		10.0331		9.85252		412		399		177		177		177		177		
416		8841		0		8578		survived		10.0331		9.85252		413		399		177		177		177		177		
417		8841		0		8578		survived		10.0331		9.85252		414		399		177		177		177		177		
418		8841		0		8578		survived		10.0331		9.85252		415		399		177		177		177		177		
419		8841		0		8578		survived		10.0331		9.85252		416		399		177		177		177		177		
420		8841		0		8578		survived		10.0331		9.85252		417		399		177		177		177		177		
421		8841		0		8578		survived		10.0331		9.85252		418		399		177		177		177		177		
422		8841		0		8578		survived		10.0331		9.85252		419		399		177		177		177		177		
423		8841		0		8578		survived		10.0331		9.85252		420		399		177		177		177		177		
424		8841		0		8578		survived		10.0331		9.85252		421		399		177		177		177		177		
425		8841		0		8578		survived		10.0331		9.85252		422		399		177		177		177		177		
426		8841		0		8578		survived		10.0331		9.85252		423		399		177		177		177		177		
427		8841		0		8578		survived		10.0331		9.85252		424		399		177		177		177		177		
428		8841		0		8578		survived		10.0331		9.85252		425		399		177		177		177		177		
429		8841		0		8578		survived		10.0331		9.85252		426		399		177		177		177		177		
430		8841		0		8578		survived		10.0331		9.85252		427		399		177		177		177		177		
431		8841		0		8578		survived		10.0331		9.85252		428		399		177		177		177		177		
432		8841		0		8578		survived		10.0331		9.85252		429		399		177		177		177		177		
433		8841		0		8578		survived		10.0331		9.85252		430		399		177		177		177		177		
434		8841		0		8578		survived		10.0331		9.85252		431		399		177		177		177		177		
435		8841		0		8578		survived		10.0331		9.85252		432		399		177		177		177		177		
436		8841		0		8578		survived		10.0331		9.85252		433		399		177		177		177		177		
437		8841		0		8578		survived		10.0331		9.85252		434		399		177		177		177		177		
438		8841		0		8578		survived		10.0331		9.85252		435		399		177		177		177		177		
439		8841		0		8578		survived		10.0331		9.85252		436		399		177		177		177		177		
440		8841		0		8578		survived		10.0331		9.85252		437		399		177		177		177		177		
441		8841		0		8578		survived		10.0331		9.85252		438		399		177		177		177		177		
442		8841		0		8578		survived		10.0331		9.85252		439		399		177		177		177		177		
443		8841		0		8578		survived		10.0331		9.85252		440		399		177		177		177		177		
444		8841		0		8578		survived		10.0331		9.85252		441		399		177		177		177		177		
445		8841		0		8578		survived		10.0331		9.85252		442		399		177		177		177		177		
446		8841		0		8578		survived		10.0331		9.85252		443		399		177		177		177		177		
447		8841		0		8578		survived		10.0331		9.85252		444		399		177		177		177		177		
448		8841		0		8578		survived		10.0331		9.85252		445		399		177		177		177		177		
449		8841		0		8578		survived		10.0331		9.85252		446		399		177		177		177		177		
450		8841		0		8578		survived		10.0331		9.85252		447		399		177		177		177		177		
451		8841		0		8578		survived		10.0331		9.85252		448		399		177		177		177		177		
452		8841		0		8578		survived		10.0331		9.85252		449		399		177		177		177		177		
453		8841		0		8578		survived		10.0331		9.85252		450		399		177		177		177		177		
454		8841		0		8578		survived		10.0331		9.85252		451		399		177		177		177		177		
455		8841		0		8578		survived		10.0331		9.85252		452		399		177		177		177		177		
456		8841		0		8578		survived		10.0331		9.85252		453		399		177		177		177		177		
457		8841		0		8578		survived		10.0331		9.85252		454		399		177		177		177		177		
458		8841		0		8578		survived		10.0331		9.85252		455		399		177		177		177		177		
459		8841		0		8578		survived		10.0331		9.85252		456		399		177		177		177		177		
460		8841		0		8578		survived		10.0331		9.85252		457		399		177		177		177		177		
461		8841		0		8578		survived		10.0331		9.85252		458		399		177		177		177		177		
462		10166		0		9764		add_link		10.9397		9.92772		459		459		92		94		92		94		
463		10166		0		9764		survived		10.9397		9.92772		460		459		92		94		92		94		
464		10166		0		9764		survived		10.9397		9.92772		461		459		92		94		92		94		
465		10166		0		9764		survived		10.9397		9.92772		462		459		92		94		92		94		
466		10166		0		9764		survived		10.9397		9.92772		463		459		92		94		92		94		
467		10166		0		9764		survived		10.9397		9.92772		464		459		92		94		92		94		
468		10166		0		9764		survived		10.9397		9.92772		465		459		92		94		92		94		
469		10166		0		9764		survived		10.9397		9.92772		466		459		92		94		92		94		
470		10166		0		9764		survived		10.9397		9.92772		467		459		92		94		92		94		
471		10166		0		9764		survived		10.9397		9.92772		468		459		92		94		92		94		
472		10166		0		9764		survived		10.9397		9.92772		469		459		92		94		92		94		
473		10166		0		9764		survived		10.9397		9.92772		470		459		92		94		92		94		
474		10166		0		9764		survived		10.9397		9.92772		471		459		92		94		92		94		
475		10166		0		9764		survived		10.9397		9.92772		472		459		92		94		92		94		
476		10166		0		9764		survived		10.9397		9.92772		473		459		92		94		92		94		
477		10166		0		9764		survived		10.9397		9.92772		474		459		92		94		92		94		
478		10166		0		9764		survived		10.9397		9.92772		475		459		92		94		92		94		
479		10166		0		9764		survived		10.9397		9.92772		476		459		92		94		92		94		
480		10166		0		9764		survived		10.9397		9.92772		477		459		92		94		92		94		
481		10166		0		9764		survived		10.9397		9.92772		478		459		92		94		92		94		
482		10166		0		9764		survived		10.9397		9.92772		479		459		92		94		92		94		
483		10166		0		9764		survived		10.9397		9.92772		480		459		92		94		92		94		
484		10166		0		9764		survived		10.9397		9.92772		481		459		92		94		92		94		
485		10166		0		9764		survived		10.9397		9.92772		482		459		92		94		92		94		
486		10166		0		9764		survived		10.9397		9.92772		483		459		92		94		92		94		
487		10166		0		9764		survived		10.9397		9.92772		484		459		92		94		92		94		
488		10166		0		9764		survived		10.9397		9.92772		485		459		92		94		92		94		
489		10166		0		9764		survived		10.9397		9.92772		486		459		92		94		92		94		
490		10166		0		9764		survived		10.9397		9.92772		487		459		92		94		92		94		
491		10166		0		9764		survived		10.9397		9.92772		488		459		92		94		92		94		
492		10166		0		9764		survived		10.9397		9.92772		489		459		92		94		92		94		
493		10166		0		9764		survived		10.9397		9.92772		490		459		92		94		92		94		
494		10166		0		9764		survived		10.9397		9.92772		491		459		92		94		92		94		
495		10166		0		9764		survived		10.9397		9.92772		492		459		92		94		92		94		
496		10166		0		9764		survived		10.9397		9.92772		493		459		92		94		92		94		
497		10166		0		9764		survived		10.9397		9.92772		494		459		92		94		92		94		
498		10166		0		9764		survived		10.9397		9.92772		495		459		92		94		92		94		
499		10166		0		9764		survived		10.9397		9.92772		496		459		92		94		92		94		
500		10166		0		9764		survived		10.9397		9.92772		497		459		92		94		92		94		
501		10166		0		9764		survived		10.9397		9.92772		498		459		92		94		92		94		
502		10166		0		9764		survived		10.9397		9.92772		499		459		92		94		92		94		
503		10166		0		9764		survived		10.9397		9.92772		500		459		92		94		92		94		
504		10166		0		9764		survived		10.9397		9.92772		501		459		92		94		92		94		
505		10166		0		9764		survived		10.9397		9.92772		502		459		92		94		92		94		
506		10166		0		9764		survived		10.9397		9.92772		503		459		92		94		92		94		
507		10166		0		9764		survived		10.9397		9.92772		504		459		92		94		92		94		
508		10166		0		9764		survived		10.9397		9.92772		505		459		92		94		92		94		
509		10166		0		9764		survived		10.9397		9.92772		506		459		92		94		92		94		
510		10166		0		9764		survived		10.9397		9.92772		507		459		92		94		92		94		
511		10166		0		9764		survived		10.9397		9.92772		508		459		92		94		92		94		
512		10166		0		9764		survived		10.9397		9.92772		509		459		92		94		92		94		
513		10166		0		9764		survived		10.9397		9.92772		510		459		92		94		92		94		
514		10166		0		9764		survived		10.9397		9.92772		511		459		92		94		92		94		
515		10166		0		9764		survived		10.9397		9.92772		512		459		92		94		92		94		
516		10166		0		9764		survived		10.9397		9.92772		513		459		92		94		92		94		
517		10166		0		9764		survived		10.9397		9.92772		514		459		92		94		92		94		
518		10166		0		9764		survived		10.9397		9.92772		515		459		92		94		92		94		
519		10166		0		9764		survived		10.9397		9.92772		516		459		92		94		92		94		
520		10166		0		9764		survived		10.9397		9.92772		517		459		92		94		92		94		
521		10166		0		9764		survived		10.9397		9.92772		518		459		92		94		92		94		
522		10166		0		9764		survived		10.9397		9.92772		519		459		92		94		92		94		
523		10166		0		9764		survived		10.9397		9.92772		520		459		92		94		92		94		
524		10166		0		9764		survived		10.9397		9.92772		521		459		92		94		92		94		
525		10166		0		9764		survived		10.9397		9.92772		522		459		92		94		92		94		
526		10166		0		9764		survived		10.9397		9.92772		523		459		92		94		92		94		
527		10166		0		9764		survived		10.9397		9.92772		524		459		92		94		92		94		
528		10166		0		9764		survived		10.9397		9.92772		525		459		92		94		92		94		
529		10166		0		9764		survived		10.9397		9.92772		526		459		92		94		92		94		
530		10166		0		9764		survived		10.9397		9.92772		527		459		92		94		92		94		
531		10166		0		9764		survived		10.9397		9.92772		528		459		92		94		92		94		
532		10166		0		9764		survived		10.9397		9.92772		529		459		92		94		92		94		
533		10166		0		9764		survived		10.9397		9.92772		530		459		92		94		92		94		
534		10166		0		9764		survived		10.9397		9.92772		531		459		92		94		92		94		
535		10166		0		9764		survived		10.9397		9.92772		532		459		92		94		92		94		
536		10166		0		9764		survived		10.9397		9.92772		533		459		92		94		92		94		
537		10166		0		9764		survived		10.9397		9.92772		534		459		92		94		92		94		
538		10166		0		9764		survived		10.9397		9.92772		535		459		92		94		92		94		
539		10166		0		9764		survived		10.9397		9.92772		536		459		92		94		92		94		
540		10166		0		9764		survived		10.9397		9.92772		537		459		92		94		92		94		
541		10166		0		9764		survived		10.9397		9.92772		538		459		92		94		92		94		
542		10166		0		9764		survived		10.9397		9.92772		539		459		92		94		92		94		
543		10166		0		9764		survived		10.9397		9.92772		540		459		92		94		92		94		
544		10166		0		9764		survived		10.9397		9.92772		541		459		92		94		92		94		
545		10166		0		9764		survived		10.9397		9.92772		542		459		92		94		92		94		
546		10166		0		9764		survived		10.9397		9.92772		543		459		92		94		92		94		
547		10166		0		9764		survived		10.9397		9.92772		544		459		92		94		92		94		
548		10166		0		9764		survived		10.9397		9.92772		545		459		92		94		92		94		
549		10166		0		9764		survived		10.9397		9.92772		546		459		92		94		92		94		
550		10166		0		9764		survived		10.9397		9.92772		547		459		92		94		92		94		
551		10166		0		9764		survived		10.9397		9.92772		548		459		92		94		92		94		
552		10166		0		9764		survived		10.9397		9.92772		549		459		92		94		92		94		
553		10166		0		9764		survived		10.9397		9.92772		550		459		92		94		92		94		
554		10166		0		9764		survived		10.9397		9.92772		551		459		92		94		92		94		
555		10166		0		9764		survived		10.9397		9.92772		552		459		92		94		92		94		
556		10166		0		9764		survived		10.9397		9.92772		553		459		92		94		92		94		
557		10166		0		9764		survived		10.9397		9.92772		554		459		92		94		92		94		
558		10166		0		9764		survived		10.9397		9.92772		555		459		92		94		92		94		
559		10166		0		9764		survived		10.9397		9.92772		556		459		92		94		92		94		
560		10166		0		9764		survived		10.9397		9.92772		557		459		92		94		92		94		
561		10166		0		9764		survived		10.9397		9.92772		558		459		92		94		92		94		
562		10166		0		9764		survived		10.9397		9.92772		559		459		92		94		92		94		
563		10166		0		9764		survived		10.9397		9.92772		560		459		92		94		92		94		
564		10166		0		9764		survived		10.9397		9.92772		561		459		92		94		92		94		
565		10166		0		9764		survived		10.9397		9.92772		562		459		92		94		92		94		
566		10166		0		9764		survived		10.9397		9.92772		563		459		92		94		92		94		
567		10166		0		9764		survived		10.9397		9.92772		564		459		92		94		92		94		
568		10166		0		9764		survived		10.9397		9.92772		565		459		92		94		92		94		
569		10166		0		9764		survived		10.9397		9.92772		566		459		92		94		92		94		
570		10166		0		9764		survived		10.9397		9.92772		567		459		92		94		92		94		
571		10166		0		9764		survived		10.9397		9.92772		568		459		92		94		92		94		
572		10166		0		9764		survived		10.9397		9.92772		569		459		92		94		92		94		
573		10166		0		9764		survived		10.9397		9.92772		570		459		92		94		92		94		
574		10166		0		9764		survived		10.9397		9.92772		571		459		92		94		92		94		
575		12643		0		10993		mutate_weight(-0.121735150234)		12.5797		10.1509		572		572		148		70		148		70		
576		12643		0		10993		survived		12.5797		10.1509		573		572		148		70		148		70		
577		12643		0		10993		survived		12.5797		10.1509		574		572		148		70		148		70		
578		12643		0		10993		survived		12.5797		10.1509		575		572		148		70		148		70		
579		12643		0		10993		survived		12.5797		10.1509		576		572		148		70		148		70		
580		12643		0		10993		survived		12.5797		10.1509		577		572		148		70		148		70		
581		12789		0		12643		remove_link		14.2563		12.5797		578		578		150		148		150		148		
582		12789		0		12643		survived		14.2563		12.5797		579		578		150		148		150		148		
583		12829		0		12789		mutate_function(neg_sqrt_abs-to-square)		15.6492		14.2563		580		580		150		150		150		150		
584		12829		0		12789		survived		15.6492		14.2563		581		580		150		150		150		150		
585		12829		0		12789		survived		15.6492		14.2563		582		580		150		150		150		150		
586		12829		0		12789		survived		15.6492		14.2563		583		580		150		150		150		150		
587		12829		0		12789		survived		15.6492		14.2563		584		580		150		150		150		150		
588		12829		0		12789		survived		15.6492		14.2563		585		580		150		150		150		150		
589		12829		0		12789		survived		15.6492		14.2563		586		580		150		150		150		150		
590		12829		0		12789		survived		15.6492		14.2563		587		580		150		150		150		150		
591		12829		0		12789		survived		15.6492		14.2563		588		580		150		150		150		150		
592		12829		0		12789		survived		15.6492		14.2563		589		580		150		150		150		150		
593		12829		0		12789		survived		15.6492		14.2563		590		580		150		150		150		150		
594		12829		0		12789		survived		15.6492		14.2563		591		580		150		150		150		150		
595		12829		0		12789		survived		15.6492		14.2563		592		580		150		150		150		150		
596		12829		0		12789		survived		15.6492		14.2563		593		580		150		150		150		150		
597		12829		0		12789		survived		15.6492		14.2563		594		580		150		150		150		150		
598		12829		0		12789		survived		15.6492		14.2563		595		580		150		150		150		150		
599		12829		0		12789		survived		15.6492		14.2563		596		580		150		150		150		150		
600		12829		0		12789		survived		15.6492		14.2563		597		580		150		150		150		150		
601		12829		0		12789		survived		15.6492		14.2563		598		580		150		150		150		150		
602		12829		0		12789		survived		15.6492		14.2563		599		580		150		150		150		150		
603		12829		0		12789		survived		15.6492		14.2563		600		580		150		150		150		150		
604		12829		0		12789		survived		15.6492		14.2563		601		580		150		150		150		150		
605		12829		0		12789		survived		15.6492		14.2563		602		580		150		150		150		150		
606		12829		0		12789		survived		15.6492		14.2563		603		580		150		150		150		150		
607		12829		0		12789		survived		15.6492		14.2563		604		580		150		150		150		150		
608		12829		0		12789		survived		15.6492		14.2563		605		580		150		150		150		150		
609		12829		0		12789		survived		15.6492		14.2563		606		580		150		150		150		150		
610		12829		0		12789		survived		15.6492		14.2563		607		580		150		150		150		150		
611		12829		0		12789		survived		15.6492		14.2563		608		580		150		150		150		150		
612		12829		0		12789		survived		15.6492		14.2563		609		580		150		150		150		150		
613		12829		0		12789		survived		15.6492		14.2563		610		580		150		150		150		150		
614		13515		0		13141		add_node		15.6892		15.1505		611		611		146		146		146		146		
615		13515		0		13141		survived		15.6892		15.1505		612		611		146		146		146		146		
616		13515		0		13141		survived		15.6892		15.1505		613		611		146		146		146		146		
617		13515		0		13141		survived		15.6892		15.1505		614		611		146		146		146		146		
618		13515		0		13141		survived		15.6892		15.1505		615		611		146		146		146		146		
619		13515		0		13141		survived		15.6892		15.1505		616		611		146		146		146		146		
620		13515		0		13141		survived		15.6892		15.1505		617		611		146		146		146		146		
621		13515		0		13141		survived		15.6892		15.1505		618		611		146		146		146		146		
622		13515		0		13141		survived		15.6892		15.1505		619		611		146		146		146		146		
623		13515		0		13141		survived		15.6892		15.1505		620		611		146		146		146		146		
624		13515		0		13141		survived		15.6892		15.1505		621		611		146		146		146		146		
625		13515		0		13141		survived		15.6892		15.1505		622		611		146		146		146		146		
626		13515		0		13141		survived		15.6892		15.1505		623		611		146		146		146		146		
627		13515		0		13141		survived		15.6892		15.1505		624		611		146		146		146		146		
628		13515		0		13141		survived		15.6892		15.1505		625		611		146		146		146		146		
629		13515		0		13141		survived		15.6892		15.1505		626		611		146		146		146		146		
630		13515		0		13141		survived		15.6892		15.1505		627		611		146		146		146		146		
631		13515		0		13141		survived		15.6892		15.1505		628		611		146		146		146		146		
632		13515		0		13141		survived		15.6892		15.1505		629		611		146		146		146		146		
633		13515		0		13141		survived		15.6892		15.1505		630		611		146		146		146		146		
634		13515		0		13141		survived		15.6892		15.1505		631		611		146		146		146		146		
635		13515		0		13141		survived		15.6892		15.1505		632		611		146		146		146		146		
636		13515		0		13141		survived		15.6892		15.1505		633		611		146		146		146		146		
637		13515		0		13141		survived		15.6892		15.1505		634		611		146		146		146		146		
638		14034		0		13515		add_link		16.3432		15.6892		635		635		146		146		146		146		
639		14034		0		13515		survived		16.3432		15.6892		636		635		146		146		146		146		
640		14034		0		13515		survived		16.3432		15.6892		637		635		146		146		146		146		
641		14034		0		13515		survived		16.3432		15.6892		638		635		146		146		146		146		
642		14034		0		13515		survived		16.3432		15.6892		639		635		146		146		146		146		
643		14034		0		13515		survived		16.3432		15.6892		640		635		146		146		146		146		
644		14034		0		13515		survived		16.3432		15.6892		641		635		146		146		146		146		
645		14190		0		14034		mutate_function(neg_abs-to-neg_square)		16.8843		16.3432		642		642		150		146		150		146		
646		14190		0		14034		survived		16.8843		16.3432		643		642		150		146		150		146		
647		14190		0		14034		survived		16.8843		16.3432		644		642		150		146		150		146		
648		14250		0		14234		remove_link		16.9542		16.6677		645		645		150		146		150		146		
649		14250		0		14234		survived		16.9542		16.6677		646		645		150		146		150		146		
650		14250		0		14234		survived		16.9542		16.6677		647		645		150		146		150		146		
651		14250		0		14234		survived		16.9542		16.6677		648		645		150		146		150		146		
652		14343		0		14234		add_node		16.9542		16.6677		649		649		146		146		146		146		
653		14343		0		14234		survived		16.9542		16.6677		650		649		146		146		146		146		
654		14343		0		14234		survived		16.9542		16.6677		651		649		146		146		146		146		
655		14343		0		14234		survived		16.9542		16.6677		652		649		146		146		146		146		
656		14343		0		14234		survived		16.9542		16.6677		653		649		146		146		146		146		
657		14343		0		14234		survived		16.9542		16.6677		654		649		146		146		146		146		
658		14343		0		14234		survived		16.9542		16.6677		655		649		146		146		146		146		
659		14343		0		14234		survived		16.9542		16.6677		656		649		146		146		146		146		
660		14343		0		14234		survived		16.9542		16.6677		657		649		146		146		146		146		
661		14343		0		14234		survived		16.9542		16.6677		658		649		146		146		146		146		
662		14343		0		14234		survived		16.9542		16.6677		659		649		146		146		146		146		
663		14589		0		14343		add_node		17.0707		16.9542		660		660		150		146		150		146		
664		14589		0		14343		survived		17.0707		16.9542		661		660		150		146		150		146		
665		14589		0		14343		survived		17.0707		16.9542		662		660		150		146		150		146		
666		14589		0		14343		survived		17.0707		16.9542		663		660		150		146		150		146		
667		14589		0		14343		survived		17.0707		16.9542		664		660		150		146		150		146		
668		14589		0		14343		survived		17.0707		16.9542		665		660		150		146		150		146		
669		14589		0		14343		survived		17.0707		16.9542		666		660		150		146		150		146		
670		14736		0		14722		remove_link		17.0707		16.9705		667		667		149		149		149		149		
671		14736		0		14722		survived		17.0707		16.9705		668		667		149		149		149		149		
672		14736		0		14722		survived		17.0707		16.9705		669		667		149		149		149		149		
673		14736		0		14722		survived		17.0707		16.9705		670		667		149		149		149		149		
674		14736		0		14722		survived		17.0707		16.9705		671		667		149		149		149		149		
675		14736		0		14722		survived		17.0707		16.9705		672		667		149		149		149		149		
676		14736		0		14722		survived		17.0707		16.9705		673		667		149		149		149		149		
677		14736		0		14722		survived		17.0707		16.9705		674		667		149		149		149		149		
678		14736		0		14722		survived		17.0707		16.9705		675		667		149		149		149		149		
679		14736		0		14722		survived		17.0707		16.9705		676		667		149		149		149		149		
680		14736		0		14722		survived		17.0707		16.9705		677		667		149		149		149		149		
681		14736		0		14722		survived		17.0707		16.9705		678		667		149		149		149		149		
682		14736		0		14722		survived		17.0707		16.9705		679		667		149		149		149		149		
683		14736		0		14722		survived		17.0707		16.9705		680		667		149		149		149		149		
684		14736		0		14722		survived		17.0707		16.9705		681		667		149		149		149		149		
685		14736		0		14722		survived		17.0707		16.9705		682		667		149		149		149		149		
686		15094		0		14736		remove_link		17.0858		17.0707		683		683		150		149		150		149		
687		15094		0		14736		survived		17.0858		17.0707		684		683		150		149		150		149		
688		15138		0		14736		add_link		17.0858		17.0707		685		685		149		149		149		149		
689		15138		0		14736		survived		17.0858		17.0707		686		685		149		149		149		149		
690		15138		0		14736		survived		17.0858		17.0707		687		685		149		149		149		149		
691		15138		0		14736		survived		17.0858		17.0707		688		685		149		149		149		149		
692		15138		0		14736		survived		17.0858		17.0707		689		685		149		149		149		149		
693		15138		0		14736		survived		17.0858		17.0707		690		685		149		149		149		149		
694		15138		0		14736		survived		17.0858		17.0707		691		685		149		149		149		149		
695		15138		0		14736		survived		17.0858		17.0707		692		685		149		149		149		149		
696		15138		0		14736		survived		17.0858		17.0707		693		685		149		149		149		149		
697		15138		0		14736		survived		17.0858		17.0707		694		685		149		149		149		149		
698		15138		0		14736		survived		17.0858		17.0707		695		685		149		149		149		149		
699		15138		0		14736		survived		17.0858		17.0707		696		685		149		149		149		149		
700		15138		0		14736		survived		17.0858		17.0707		697		685		149		149		149		149		
701		15138		0		14736		survived		17.0858		17.0707		698		685		149		149		149		149		
702		15138		0		14736		survived		17.0858		17.0707		699		685		149		149		149		149		
703		15138		0		14736		survived		17.0858		17.0707		700		685		149		149		149		149		
704		15138		0		14736		survived		17.0858		17.0707		701		685		149		149		149		149		
705		15138		0		14736		survived		17.0858		17.0707		702		685		149		149		149		149		
706		15138		0		14736		survived		17.0858		17.0707		703		685		149		149		149		149		
707		15138		0		14736		survived		17.0858		17.0707		704		685		149		149		149		149		
708		15138		0		14736		survived		17.0858		17.0707		705		685		149		149		149		149		
709		15138		0		14736		survived		17.0858		17.0707		706		685		149		149		149		149		
710		15138		0		14736		survived		17.0858		17.0707		707		685		149		149		149		149		
711		15138		0		14736		survived		17.0858		17.0707		708		685		149		149		149		149		
712		15138		0		14736		survived		17.0858		17.0707		709		685		149		149		149		149		
713		15138		0		14736		survived		17.0858		17.0707		710		685		149		149		149		149		
714		15138		0		14736		survived		17.0858		17.0707		711		685		149		149		149		149		
715		15138		0		14736		survived		17.0858		17.0707		712		685		149		149		149		149		
716		15138		0		14736		survived		17.0858		17.0707		713		685		149		149		149		149		
717		15138		0		14736		survived		17.0858		17.0707		714		685		149		149		149		149		
718		15138		0		14736		survived		17.0858		17.0707		715		685		149		149		149		149		
719		15138		0		14736		survived		17.0858		17.0707		716		685		149		149		149		149		
720		15138		0		14736		survived		17.0858		17.0707		717		685		149		149		149		149		
721		15138		0		14736		survived		17.0858		17.0707		718		685		149		149		149		149		
722		15138		0		14736		survived		17.0858		17.0707		719		685		149		149		149		149		
723		15138		0		14736		survived		17.0858		17.0707		720		685		149		149		149		149		
724		15138		0		14736		survived		17.0858		17.0707		721		685		149		149		149		149		
725		15138		0		14736		survived		17.0858		17.0707		722		685		149		149		149		149		
726		15138		0		14736		survived		17.0858		17.0707		723		685		149		149		149		149		
727		15138		0		14736		survived		17.0858		17.0707		724		685		149		149		149		149		
728		15138		0		14736		survived		17.0858		17.0707		725		685		149		149		149		149		
729		15138		0		14736		survived		17.0858		17.0707		726		685		149		149		149		149		
730		15138		0		14736		survived		17.0858		17.0707		727		685		149		149		149		149		
731		15138		0		14736		survived		17.0858		17.0707		728		685		149		149		149		149		
732		15138		0		14736		survived		17.0858		17.0707		729		685		149		149		149		149		
733		15138		0		14736		survived		17.0858		17.0707		730		685		149		149		149		149		
734		15138		0		14736		survived		17.0858		17.0707		731		685		149		149		149		149		
735		15138		0		14736		survived		17.0858		17.0707		732		685		149		149		149		149		
736		15138		0		14736		survived		17.0858		17.0707		733		685		149		149		149		149		
737		15138		0		14736		survived		17.0858		17.0707		734		685		149		149		149		149		
738		15138		0		14736		survived		17.0858		17.0707		735		685		149		149		149		149		
739		15138		0		14736		survived		17.0858		17.0707		736		685		149		149		149		149		
740		15138		0		14736		survived		17.0858		17.0707		737		685		149		149		149		149		
741		16300		0		15514		mutate_weight(0.141015439768)		17.0858		15.5129		738		738		132		132		132		132		
742		16300		0		15514		survived		17.0858		15.5129		739		738		132		132		132		132		
743		16300		0		15514		survived		17.0858		15.5129		740		738		132		132		132		132		
744		16300		0		15514		survived		17.0858		15.5129		741		738		132		132		132		132		
745		16300		0		15514		survived		17.0858		15.5129		742		738		132		132		132		132		
746		16300		0		15514		survived		17.0858		15.5129		743		738		132		132		132		132		
747		16300		0		15514		survived		17.0858		15.5129		744		738		132		132		132		132		
748		16300		0		15514		survived		17.0858		15.5129		745		738		132		132		132		132		
749		16300		0		15514		survived		17.0858		15.5129		746		738		132		132		132		132		
750		16300		0		15514		survived		17.0858		15.5129		747		738		132		132		132		132		
751		16300		0		15514		survived		17.0858		15.5129		748		738		132		132		132		132		
752		16300		0		15514		survived		17.0858		15.5129		749		738		132		132		132		132		
753		16300		0		15514		survived		17.0858		15.5129		750		738		132		132		132		132		
754		16300		0		15514		survived		17.0858		15.5129		751		738		132		132		132		132		
755		16300		0		15514		survived		17.0858		15.5129		752		738		132		132		132		132		
756		16300		0		15514		survived		17.0858		15.5129		753		738		132		132		132		132		
757		16300		0		15514		survived		17.0858		15.5129		754		738		132		132		132		132		
758		16300		0		15514		survived		17.0858		15.5129		755		738		132		132		132		132		
759		16300		0		15514		survived		17.0858		15.5129		756		738		132		132		132		132		
760		16300		0		15514		survived		17.0858		15.5129		757		738		132		132		132		132		
761		16300		0		15514		survived		17.0858		15.5129		758		738		132		132		132		132		
762		16300		0		15514		survived		17.0858		15.5129		759		738		132		132		132		132		
763		16787		0		16696		mutate_function(absolute-to-neg_sqrt_abs)		17.4247		15.5129		760		760		146		128		146		128		
764		16787		0		16696		survived		17.4247		15.5129		761		760		146		128		146		128		
765		16787		0		16696		survived		17.4247		15.5129		762		760		146		128		146		128		
766		16787		0		16696		survived		17.4247		15.5129		763		760		146		128		146		128		
767		16787		0		16696		survived		17.4247		15.5129		764		760		146		128		146		128		
768		16787		0		16696		survived		17.4247		15.5129		765		760		146		128		146		128		
769		16787		0		16696		survived		17.4247		15.5129		766		760		146		128		146		128		
770		16787		0		16696		survived		17.4247		15.5129		767		760		146		128		146		128		
771		16787		0		16696		survived		17.4247		15.5129		768		760		146		128		146		128		
772		16787		0		16696		survived		17.4247		15.5129		769		760		146		128		146		128		
773		16787		0		16696		survived		17.4247		15.5129		770		760		146		128		146		128		
774		16787		0		16696		survived		17.4247		15.5129		771		760		146		128		146		128		
775		16787		0		16696		survived		17.4247		15.5129		772		760		146		128		146		128		
776		16787		0		16696		survived		17.4247		15.5129		773		760		146		128		146		128		
777		16787		0		16696		survived		17.4247		15.5129		774		760		146		128		146		128		
778		16787		0		16696		survived		17.4247		15.5129		775		760		146		128		146		128		
779		16787		0		16696		survived		17.4247		15.5129		776		760		146		128		146		128		
780		16787		0		16696		survived		17.4247		15.5129		777		760		146		128		146		128		
781		16787		0		16696		survived		17.4247		15.5129		778		760		146		128		146		128		
782		16787		0		16696		survived		17.4247		15.5129		779		760		146		128		146		128		
783		16787		0		16696		survived		17.4247		15.5129		780		760		146		128		146		128		
784		16787		0		16696		survived		17.4247		15.5129		781		760		146		128		146		128		
785		16787		0		16696		survived		17.4247		15.5129		782		760		146		128		146		128		
786		16787		0		16696		survived		17.4247		15.5129		783		760		146		128		146		128		
787		16787		0		16696		survived		17.4247		15.5129		784		760		146		128		146		128		
788		16787		0		16696		survived		17.4247		15.5129		785		760		146		128		146		128		
789		16787		0		16696		survived		17.4247		15.5129		786		760		146		128		146		128		
790		16787		0		16696		survived		17.4247		15.5129		787		760		146		128		146		128		
791		17399		0		16787		add_link		17.7503		17.4247		788		788		146		146		146		146		
792		17399		0		16787		survived		17.7503		17.4247		789		788		146		146		146		146		
793		17399		0		16787		survived		17.7503		17.4247		790		788		146		146		146		146		
794		17399		0		16787		survived		17.7503		17.4247		791		788		146		146		146		146		
795		17399		0		16787		survived		17.7503		17.4247		792		788		146		146		146		146		
796		17399		0		16787		survived		17.7503		17.4247		793		788		146		146		146		146		
797		17399		0		16787		survived		17.7503		17.4247		794		788		146		146		146		146		
798		17399		0		16787		survived		17.7503		17.4247		795		788		146		146		146		146		
799		17399		0		16787		survived		17.7503		17.4247		796		788		146		146		146		146		
800		17399		0		16787		survived		17.7503		17.4247		797		788		146		146		146		146		
801		17399		0		16787		survived		17.7503		17.4247		798		788		146		146		146		146		
802		17399		0		16787		survived		17.7503		17.4247		799		788		146		146		146		146		
803		17399		0		16787		survived		17.7503		17.4247		800		788		146		146		146		146		
804		17399		0		16787		survived		17.7503		17.4247		801		788		146		146		146		146		
805		17399		0		16787		survived		17.7503		17.4247		802		788		146		146		146		146		
806		17734		0		17399		add_link		17.7699		17.7503		803		803		146		146		146		146		
807		17734		0		17399		survived		17.7699		17.7503		804		803		146		146		146		146		
808		17734		0		17399		survived		17.7699		17.7503		805		803		146		146		146		146		
809		17734		0		17399		survived		17.7699		17.7503		806		803		146		146		146		146		
810		17734		0		17399		survived		17.7699		17.7503		807		803		146		146		146		146		
811		17734		0		17399		survived		17.7699		17.7503		808		803		146		146		146		146		
812		17734		0		17399		survived		17.7699		17.7503		809		803		146		146		146		146		
813		17734		0		17399		survived		17.7699		17.7503		810		803		146		146		146		146		
814		17734		0		17399		survived		17.7699		17.7503		811		803		146		146		146		146		
815		17734		0		17399		survived		17.7699		17.7503		812		803		146		146		146		146		
816		17734		0		17399		survived		17.7699		17.7503		813		803		146		146		146		146		
817		17734		0		17399		survived		17.7699		17.7503		814		803		146		146		146		146		
818		17734		0		17399		survived		17.7699		17.7503		815		803		146		146		146		146		
819		17734		0		17399		survived		17.7699		17.7503		816		803		146		146		146		146		
820		17734		0		17399		survived		17.7699		17.7503		817		803		146		146		146		146		
821		17734		0		17399		survived		17.7699		17.7503		818		803		146		146		146		146		
822		17734		0		17399		survived		17.7699		17.7503		819		803		146		146		146		146		
823		17734		0		17399		survived		17.7699		17.7503		820		803		146		146		146		146		
824		17734		0		17399		survived		17.7699		17.7503		821		803		146		146		146		146		
825		17734		0		17399		survived		17.7699		17.7503		822		803		146		146		146		146		
826		17734		0		17399		survived		17.7699		17.7503		823		803		146		146		146		146		
827		17734		0		17399		survived		17.7699		17.7503		824		803		146		146		146		146		
828		17734		0		17399		survived		17.7699		17.7503		825		803		146		146		146		146		
829		17734		0		17399		survived		17.7699		17.7503		826		803		146		146		146		146		
830		17734		0		17399		survived		17.7699		17.7503		827		803		146		146		146		146		
831		17734		0		17399		survived		17.7699		17.7503		828		803		146		146		146		146		
832		17734		0		17399		survived		17.7699		17.7503		829		803		146		146		146		146		
833		17734		0		17399		survived		17.7699		17.7503		830		803		146		146		146		146		
834		17734		0		17399		survived		17.7699		17.7503		831		803		146		146		146		146		
835		17734		0		17399		survived		17.7699		17.7503		832		803		146		146		146		146		
836		17734		0		17399		survived		17.7699		17.7503		833		803		146		146		146		146		
837		17734		0		17399		survived		17.7699		17.7503		834		803		146		146		146		146		
838		17734		0		17399		survived		17.7699		17.7503		835		803		146		146		146		146		
839		17734		0		17399		survived		17.7699		17.7503		836		803		146		146		146		146		
840		17734		0		17399		survived		17.7699		17.7503		837		803		146		146		146		146		
841		18509		0		17308		mutate_weight(0.442077723552)		18.5596		15.734		838		838		144		124		144		124		
842		18509		0		17308		survived		18.5596		15.734		839		838		144		124		144		124		
843		18509		0		17308		survived		18.5596		15.734		840		838		144		124		144		124		
844		18509		0		17308		survived		18.5596		15.734		841		838		144		124		144		124		
845		18509		0		17308		survived		18.5596		15.734		842		838		144		124		144		124		
846		18509		0		17308		survived		18.5596		15.734		843		838		144		124		144		124		
847		18509		0		17308		survived		18.5596		15.734		844		838		144		124		144		124		
848		18509		0		17308		survived		18.5596		15.734		845		838		144		124		144		124		
849		18509		0		17308		survived		18.5596		15.734		846		838		144		124		144		124		
850		18509		0		17308		survived		18.5596		15.734		847		838		144		124		144		124		
851		18509		0		17308		survived		18.5596		15.734		848		838		144		124		144		124		
852		18509		0		17308		survived		18.5596		15.734		849		838		144		124		144		124		
853		18509		0		17308		survived		18.5596		15.734		850		838		144		124		144		124		
854		18509		0		17308		survived		18.5596		15.734		851		838		144		124		144		124		
855		18509		0		17308		survived		18.5596		15.734		852		838		144		124		144		124		
856		18509		0		17308		survived		18.5596		15.734		853		838		144		124		144		124		
857		18509		0		17308		survived		18.5596		15.734		854		838		144		124		144		124		
858		18509		0		17308		survived		18.5596		15.734		855		838		144		124		144		124		
859		18897		0		18509		remove_link		18.604		18.5596		856		856		144		144		144		144		
860		18897		0		18509		survived		18.604		18.5596		857		856		144		144		144		144		
861		18897		0		18509		survived		18.604		18.5596		858		856		144		144		144		144		
862		18897		0		18509		survived		18.604		18.5596		859		856		144		144		144		144		
863		18897		0		18509		survived		18.604		18.5596		860		856		144		144		144		144		
864		18897		0		18509		survived		18.604		18.5596		861		856		144		144		144		144		
865		18897		0		18509		survived		18.604		18.5596		862		856		144		144		144		144		
866		18897		0		18509		survived		18.604		18.5596		863		856		144		144		144		144		
867		18897		0		18509		survived		18.604		18.5596		864		856		144		144		144		144		
868		18897		0		18509		survived		18.604		18.5596		865		856		144		144		144		144		
869		18897		0		18509		survived		18.604		18.5596		866		856		144		144		144		144		
870		18897		0		18509		survived		18.604		18.5596		867		856		144		144		144		144		
871		19162		0		18897		mutate_weight(0.0516621117471)		18.6905		18.604		868		868		144		144		144		144		
872		19162		0		18897		survived		18.6905		18.604		869		868		144		144		144		144		
873		19162		0		18897		survived		18.6905		18.604		870		868		144		144		144		144		
874		19162		0		18897		survived		18.6905		18.604		871		868		144		144		144		144		
875		19162		0		18897		survived		18.6905		18.604		872		868		144		144		144		144		
876		19162		0		18897		survived		18.6905		18.604		873		868		144		144		144		144		
877		19162		0		18897		survived		18.6905		18.604		874		868		144		144		144		144		
878		19162		0		18897		survived		18.6905		18.604		875		868		144		144		144		144		
879		19162		0		18897		survived		18.6905		18.604		876		868		144		144		144		144		
880		19162		0		18897		survived		18.6905		18.604		877		868		144		144		144		144		
881		19162		0		18897		survived		18.6905		18.604		878		868		144		144		144		144		
882		19162		0		18897		survived		18.6905		18.604		879		868		144		144		144		144		
883		19426		0		19162		add_link		18.6937		18.6905		880		880		144		144		144		144		
884		19426		0		19162		survived		18.6937		18.6905		881		880		144		144		144		144		
885		19426		0		19162		survived		18.6937		18.6905		882		880		144		144		144		144		
886		19426		0		19162		survived		18.6937		18.6905		883		880		144		144		144		144		
887		19426		0		19162		survived		18.6937		18.6905		884		880		144		144		144		144		
888		19426		0		19162		survived		18.6937		18.6905		885		880		144		144		144		144		
889		19426		0		19162		survived		18.6937		18.6905		886		880		144		144		144		144		
890		19426		0		19162		survived		18.6937		18.6905		887		880		144		144		144		144		
891		19426		0		19162		survived		18.6937		18.6905		888		880		144		144		144		144		
892		19426		0		19162		survived		18.6937		18.6905		889		880		144		144		144		144		
893		19649		0		19426		remove_link		18.7318		18.6937		890		890		144		144		144		144		
894		19649		0		19426		survived		18.7318		18.6937		891		890		144		144		144		144		
895		19649		0		19426		survived		18.7318		18.6937		892		890		144		144		144		144		
896		19649		0		19426		survived		18.7318		18.6937		893		890		144		144		144		144		
897		19649		0		19426		survived		18.7318		18.6937		894		890		144		144		144		144		
898		19649		0		19426		survived		18.7318		18.6937		895		890		144		144		144		144		
899		19649		0		19426		survived		18.7318		18.6937		896		890		144		144		144		144		
900		19649		0		19426		survived		18.7318		18.6937		897		890		144		144		144		144		
901		19649		0		19426		survived		18.7318		18.6937		898		890		144		144		144		144		
902		19649		0		19426		survived		18.7318		18.6937		899		890		144		144		144		144		
903		19649		0		19426		survived		18.7318		18.6937		900		890		144		144		144		144		
904		19649		0		19426		survived		18.7318		18.6937		901		890		144		144		144		144		
905		19649		0		19426		survived		18.7318		18.6937		902		890		144		144		144		144		
906		19649		0		19426		survived		18.7318		18.6937		903		890		144		144		144		144		
907		19959		0		19649		add_link		18.7814		18.7318		904		904		144		144		144		144		
908		19959		0		19649		survived		18.7814		18.7318		905		904		144		144		144		144		
909		19959		0		19649		survived		18.7814		18.7318		906		904		144		144		144		144		
910		19959		0		19649		survived		18.7814		18.7318		907		904		144		144		144		144		
911		19959		0		19649		survived		18.7814		18.7318		908		904		144		144		144		144		
912		19959		0		19649		survived		18.7814		18.7318		909		904		144		144		144		144		
913		19959		0		19649		survived		18.7814		18.7318		910		904		144		144		144		144		
914		19959		0		19649		survived		18.7814		18.7318		911		904		144		144		144		144		
915		19959		0		19649		survived		18.7814		18.7318		912		904		144		144		144		144		
916		19959		0		19649		survived		18.7814		18.7318		913		904		144		144		144		144		
917		19959		0		19649		survived		18.7814		18.7318		914		904		144		144		144		144		
918		19959		0		19649		survived		18.7814		18.7318		915		904		144		144		144		144		
919		19959		0		19649		survived		18.7814		18.7318		916		904		144		144		144		144		
920		19959		0		19649		survived		18.7814		18.7318		917		904		144		144		144		144		
921		19959		0		19649		survived		18.7814		18.7318		918		904		144		144		144		144		
922		19959		0		19649		survived		18.7814		18.7318		919		904		144		144		144		144		
923		19959		0		19649		survived		18.7814		18.7318		920		904		144		144		144		144		
924		19959		0		19649		survived		18.7814		18.7318		921		904		144		144		144		144		
925		19959		0		19649		survived		18.7814		18.7318		922		904		144		144		144		144		
926		19959		0		19649		survived		18.7814		18.7318		923		904		144		144		144		144		
927		19959		0		19649		survived		18.7814		18.7318		924		904		144		144		144		144		
928		19959		0		19649		survived		18.7814		18.7318		925		904		144		144		144		144		
929		19959		0		19649		survived		18.7814		18.7318		926		904		144		144		144		144		
930		19959		0		19649		survived		18.7814		18.7318		927		904		144		144		144		144		
931		19959		0		19649		survived		18.7814		18.7318		928		904		144		144		144		144		
932		19959		0		19649		survived		18.7814		18.7318		929		904		144		144		144		144		
933		19959		0		19649		survived		18.7814		18.7318		930		904		144		144		144		144		
934		19959		0		19649		survived		18.7814		18.7318		931		904		144		144		144		144		
935		19959		0		19649		survived		18.7814		18.7318		932		904		144		144		144		144		
936		19959		0		19649		survived		18.7814		18.7318		933		904		144		144		144		144		
937		19959		0		19649		survived		18.7814		18.7318		934		904		144		144		144		144		
938		19959		0		19649		survived		18.7814		18.7318		935		904		144		144		144		144		
939		19959		0		19649		survived		18.7814		18.7318		936		904		144		144		144		144		
940		19959		0		19649		survived		18.7814		18.7318		937		904		144		144		144		144		
941		19959		0		19649		survived		18.7814		18.7318		938		904		144		144		144		144		
942		19959		0		19649		survived		18.7814		18.7318		939		904		144		144		144		144		
943		19959		0		19649		survived		18.7814		18.7318		940		904		144		144		144		144		
944		19959		0		19649		survived		18.7814		18.7318		941		904		144		144		144		144		
945		19959		0		19649		survived		18.7814		18.7318		942		904		144		144		144		144		
946		19959		0		19649		survived		18.7814		18.7318		943		904		144		144		144		144		
947		20838		0		19959		add_node		19.0619		18.7814		944		944		144		144		144		144		
948		20838		0		19959		survived		19.0619		18.7814		945		944		144		144		144		144		
949		20838		0		19959		survived		19.0619		18.7814		946		944		144		144		144		144		
950		20838		0		19959		survived		19.0619		18.7814		947		944		144		144		144		144		
951		20919		0		20838		add_link		19.0728		19.0619		948		948		144		144		144		144		
952		20919		0		20838		survived		19.0728		19.0619		949		948		144		144		144		144		
953		20919		0		20838		survived		19.0728		19.0619		950		948		144		144		144		144		
954		20919		0		20838		survived		19.0728		19.0619		951		948		144		144		144		144		
955		20919		0		20838		survived		19.0728		19.0619		952		948		144		144		144		144		
956		20919		0		20838		survived		19.0728		19.0619		953		948		144		144		144		144		
957		20919		0		20838		survived		19.0728		19.0619		954		948		144		144		144		144		
958		20919		0		20838		survived		19.0728		19.0619		955		948		144		144		144		144		
959		20919		0		20838		survived		19.0728		19.0619		956		948		144		144		144		144		
960		21124		0		20919		mutate_weight(0.199796954906)		19.2665		19.0728		957		957		144		144		144		144		
961		21124		0		20919		survived		19.2665		19.0728		958		957		144		144		144		144		
962		21124		0		20919		survived		19.2665		19.0728		959		957		144		144		144		144		
963		21124		0		20919		survived		19.2665		19.0728		960		957		144		144		144		144		
964		21124		0		20919		survived		19.2665		19.0728		961		957		144		144		144		144		
965		21124		0		20919		survived		19.2665		19.0728		962		957		144		144		144		144		
966		21124		0		20919		survived		19.2665		19.0728		963		957		144		144		144		144		
967		21124		0		20919		survived		19.2665		19.0728		964		957		144		144		144		144		
968		21124		0		20919		survived		19.2665		19.0728		965		957		144		144		144		144		
969		21124		0		20919		survived		19.2665		19.0728		966		957		144		144		144		144		
970		21124		0		20919		survived		19.2665		19.0728		967		957		144		144		144		144		
971		21124		0		20919		survived		19.2665		19.0728		968		957		144		144		144		144		
972		21124		0		20919		survived		19.2665		19.0728		969		957		144		144		144		144		
973		21124		0		20919		survived		19.2665		19.0728		970		957		144		144		144		144		
974		21124		0		20919		survived		19.2665		19.0728		971		957		144		144		144		144		
975		21124		0		20919		survived		19.2665		19.0728		972		957		144		144		144		144		
976		21124		0		20919		survived		19.2665		19.0728		973		957		144		144		144		144		
977		21124		0		20919		survived		19.2665		19.0728		974		957		144		144		144		144		
978		21124		0		20919		survived		19.2665		19.0728		975		957		144		144		144		144		
979		21124		0		20919		survived		19.2665		19.0728		976		957		144		144		144		144		
980		21124		0		20919		survived		19.2665		19.0728		977		957		144		144		144		144		
981		21124		0		20919		survived		19.2665		19.0728		978		957		144		144		144		144		
982		21124		0		20919		survived		19.2665		19.0728		979		957		144		144		144		144		
983		21124		0		20919		survived		19.2665		19.0728		980		957		144		144		144		144		
984		21124		0		20919		survived		19.2665		19.0728		981		957		144		144		144		144		
985		21124		0		20919		survived		19.2665		19.0728		982		957		144		144		144		144		
986		21124		0		20919		survived		19.2665		19.0728		983		957		144		144		144		144		
987		21124		0		20919		survived		19.2665		19.0728		984		957		144		144		144		144		
988		21124		0		20919		survived		19.2665		19.0728		985		957		144		144		144		144		
989		21124		0		20919		survived		19.2665		19.0728		986		957		144		144		144		144		
990		21124		0		20919		survived		19.2665		19.0728		987		957		144		144		144		144		
991		21124		0		20919		survived		19.2665		19.0728		988		957		144		144		144		144		
992		21124		0		20919		survived		19.2665		19.0728		989		957		144		144		144		144		
993		21124		0		20919		survived		19.2665		19.0728		990		957		144		144		144		144		
994		21124		0		20919		survived		19.2665		19.0728		991		957		144		144		144		144		
995		21124		0		20919		survived		19.2665		19.0728		992		957		144		144		144		144		
996		21124		0		20919		survived		19.2665		19.0728		993		957		144		144		144		144		
997		21124		0		20919		survived		19.2665		19.0728		994		957		144		144		144		144		
998		21124		0		20919		survived		19.2665		19.0728		995		957		144		144		144		144		
999		21124		0		20919		survived		19.2665		19.0728		996		957		144		144		144		144		
1000		21124		0		20919		survived		19.2665		19.0728		997		957		144		144		144		144		
