gen		id		dom		parent_id		variation_type		fitness		parent_fitness		age		parent_age		num_voxels		parent_num_voxels		energy		parent_energy		material_different_from_parent		mean_material		mean_parent_material		mean_parent_diff_material
0		8		0		-1		newly_generated		1.26186		-10000000.0		0		10000000.0		216		10000000.0		214		10000000.0		
1		23		0		11		mutate_function(absolute-to-sin)		3.55923		0.020924		1		1		216		216		216		216		
2		23		0		11		survived		3.55923		0.020924		2		1		216		216		216		216		
3		62		0		38		add_node		4.14935		3.33552		3		3		216		216		216		216		
4		62		0		38		survived		4.14935		3.33552		4		3		216		216		216		216		
5		62		0		38		survived		4.14935		3.33552		5		3		216		216		216		216		
6		62		0		38		survived		4.14935		3.33552		6		3		216		216		216		216		
7		154		0		62		add_link		4.18635		4.14935		7		7		216		216		216		216		
8		154		0		62		survived		4.18635		4.14935		8		7		216		216		216		216		
9		199		0		154		add_link		4.4462		4.18635		9		9		216		216		216		216		
10		199		0		154		survived		4.4462		4.18635		10		9		216		216		216		216		
11		199		0		154		survived		4.4462		4.18635		11		9		216		216		216		216		
12		199		0		154		survived		4.4462		4.18635		12		9		216		216		216		216		
13		199		0		154		survived		4.4462		4.18635		13		9		216		216		216		216		
14		303		0		290		remove_link		4.90432		3.86826		3		3		216		216		216		216		
15		303		0		290		survived		4.90432		3.86826		4		3		216		216		216		216		
16		303		0		290		survived		4.90432		3.86826		5		3		216		216		216		216		
17		303		0		290		survived		4.90432		3.86826		6		3		216		216		216		216		
18		400		0		303		add_node		5.20779		4.90432		7		7		216		216		216		216		
19		400		0		303		survived		5.20779		4.90432		8		7		216		216		216		216		
20		400		0		303		survived		5.20779		4.90432		9		7		216		216		216		216		
21		400		0		303		survived		5.20779		4.90432		10		7		216		216		216		216		
22		400		0		303		survived		5.20779		4.90432		11		7		216		216		216		216		
23		400		0		303		survived		5.20779		4.90432		12		7		216		216		216		216		
24		521		0		400		mutate_weight(-0.0538858446746)		5.75082		5.20779		13		13		216		216		216		216		
25		521		0		400		survived		5.75082		5.20779		14		13		216		216		216		216		
26		521		0		400		survived		5.75082		5.20779		15		13		216		216		216		216		
27		594		0		521		add_link		5.76287		5.75082		16		16		216		216		216		216		
28		594		0		521		survived		5.76287		5.75082		17		16		216		216		216		216		
29		594		0		521		survived		5.76287		5.75082		18		16		216		216		216		216		
30		594		0		521		survived		5.76287		5.75082		19		16		216		216		216		216		
31		594		0		521		survived		5.76287		5.75082		20		16		216		216		216		216		
32		594		0		521		survived		5.76287		5.75082		21		16		216		216		216		216		
33		594		0		521		survived		5.76287		5.75082		22		16		216		216		216		216		
34		742		0		705		add_node		6.20896		4.89133		3		3		216		216		216		216		
35		742		0		705		survived		6.20896		4.89133		4		3		216		216		216		216		
36		793		0		742		remove_link		6.2205		6.20896		5		5		216		216		216		216		
37		821		0		793		mutate_weight(-0.196628369107)		6.36289		6.2205		6		6		216		216		216		216		
38		821		0		793		survived		6.36289		6.2205		7		6		216		216		216		216		
39		821		0		793		survived		6.36289		6.2205		8		6		216		216		216		216		
40		821		0		793		survived		6.36289		6.2205		9		6		216		216		216		216		
41		821		0		793		survived		6.36289		6.2205		10		6		216		216		216		216		
42		821		0		793		survived		6.36289		6.2205		11		6		216		216		216		216		
43		821		0		793		survived		6.36289		6.2205		12		6		216		216		216		216		
44		969		0		821		add_link		6.36421		6.36289		13		13		216		216		216		216		
45		969		0		821		survived		6.36421		6.36289		14		13		216		216		216		216		
46		969		0		821		survived		6.36421		6.36289		15		13		216		216		216		216		
47		969		0		821		survived		6.36421		6.36289		16		13		216		216		216		216		
48		969		0		821		survived		6.36421		6.36289		17		13		216		216		216		216		
49		969		0		821		survived		6.36421		6.36289		18		13		216		216		216		216		
50		969		0		821		survived		6.36421		6.36289		19		13		216		216		216		216		
51		969		0		821		survived		6.36421		6.36289		20		13		216		216		216		216		
52		969		0		821		survived		6.36421		6.36289		21		13		216		216		216		216		
53		1171		0		969		mutate_weight(-0.035727464885)		6.46677		6.36421		22		22		216		216		216		216		
54		1171		0		969		survived		6.46677		6.36421		23		22		216		216		216		216		
55		1171		0		969		survived		6.46677		6.36421		24		22		216		216		216		216		
56		1171		0		969		survived		6.46677		6.36421		25		22		216		216		216		216		
57		1171		0		969		survived		6.46677		6.36421		26		22		216		216		216		216		
58		1171		0		969		survived		6.46677		6.36421		27		22		216		216		216		216		
59		1171		0		969		survived		6.46677		6.36421		28		22		216		216		216		216		
60		1171		0		969		survived		6.46677		6.36421		29		22		216		216		216		216		
61		1171		0		969		survived		6.46677		6.36421		30		22		216		216		216		216		
62		1171		0		969		survived		6.46677		6.36421		31		22		216		216		216		216		
63		1393		0		1344		mutate_function(neg_sqrt_abs-to-neg_square)		6.6003		5.98101		9		9		216		216		216		216		
64		1393		0		1344		survived		6.6003		5.98101		10		9		216		216		216		216		
65		1393		0		1344		survived		6.6003		5.98101		11		9		216		216		216		216		
66		1393		0		1344		survived		6.6003		5.98101		12		9		216		216		216		216		
67		1393		0		1344		survived		6.6003		5.98101		13		9		216		216		216		216		
68		1495		0		1393		add_link		6.64769		6.6003		14		14		216		216		216		216		
69		1495		0		1393		survived		6.64769		6.6003		15		14		216		216		216		216		
70		1495		0		1393		survived		6.64769		6.6003		16		14		216		216		216		216		
71		1495		0		1393		survived		6.64769		6.6003		17		14		216		216		216		216		
72		1495		0		1393		survived		6.64769		6.6003		18		14		216		216		216		216		
73		1495		0		1393		survived		6.64769		6.6003		19		14		216		216		216		216		
74		1495		0		1393		survived		6.64769		6.6003		20		14		216		216		216		216		
75		1495		0		1393		survived		6.64769		6.6003		21		14		216		216		216		216		
76		1495		0		1393		survived		6.64769		6.6003		22		14		216		216		216		216		
77		1495		0		1393		survived		6.64769		6.6003		23		14		216		216		216		216		
78		1495		0		1393		survived		6.64769		6.6003		24		14		216		216		216		216		
79		1495		0		1393		survived		6.64769		6.6003		25		14		216		216		216		216		
80		1495		0		1393		survived		6.64769		6.6003		26		14		216		216		216		216		
81		1495		0		1393		survived		6.64769		6.6003		27		14		216		216		216		216		
82		1495		0		1393		survived		6.64769		6.6003		28		14		216		216		216		216		
83		1495		0		1393		survived		6.64769		6.6003		29		14		216		216		216		216		
84		1495		0		1393		survived		6.64769		6.6003		30		14		216		216		216		216		
85		1495		0		1393		survived		6.64769		6.6003		31		14		216		216		216		216		
86		1495		0		1393		survived		6.64769		6.6003		32		14		216		216		216		216		
87		1495		0		1393		survived		6.64769		6.6003		33		14		216		216		216		216		
88		1495		0		1393		survived		6.64769		6.6003		34		14		216		216		216		216		
89		1495		0		1393		survived		6.64769		6.6003		35		14		216		216		216		216		
90		1495		0		1393		survived		6.64769		6.6003		36		14		216		216		216		216		
91		1495		0		1393		survived		6.64769		6.6003		37		14		216		216		216		216		
92		1495		0		1393		survived		6.64769		6.6003		38		14		216		216		216		216		
93		1495		0		1393		survived		6.64769		6.6003		39		14		216		216		216		216		
94		1495		0		1393		survived		6.64769		6.6003		40		14		216		216		216		216		
95		1495		0		1393		survived		6.64769		6.6003		41		14		216		216		216		216		
96		1495		0		1393		survived		6.64769		6.6003		42		14		216		216		216		216		
97		1495		0		1393		survived		6.64769		6.6003		43		14		216		216		216		216		
98		1495		0		1393		survived		6.64769		6.6003		44		14		216		216		216		216		
99		1495		0		1393		survived		6.64769		6.6003		45		14		216		216		216		216		
100		1495		0		1393		survived		6.64769		6.6003		46		14		216		216		216		216		
101		1495		0		1393		survived		6.64769		6.6003		47		14		216		216		216		216		
102		1495		0		1393		survived		6.64769		6.6003		48		14		216		216		216		216		
103		1495		0		1393		survived		6.64769		6.6003		49		14		216		216		216		216		
104		1495		0		1393		survived		6.64769		6.6003		50		14		216		216		216		216		
105		1495		0		1393		survived		6.64769		6.6003		51		14		216		216		216		216		
106		1495		0		1393		survived		6.64769		6.6003		52		14		216		216		216		216		
107		1495		0		1393		survived		6.64769		6.6003		53		14		216		216		216		216		
108		1495		0		1393		survived		6.64769		6.6003		54		14		216		216		216		216		
109		1495		0		1393		survived		6.64769		6.6003		55		14		216		216		216		216		
110		1495		0		1393		survived		6.64769		6.6003		56		14		216		216		216		216		
111		1495		0		1393		survived		6.64769		6.6003		57		14		216		216		216		216		
112		1495		0		1393		survived		6.64769		6.6003		58		14		216		216		216		216		
113		1495		0		1393		survived		6.64769		6.6003		59		14		216		216		216		216		
114		1495		0		1393		survived		6.64769		6.6003		60		14		216		216		216		216		
115		1495		0		1393		survived		6.64769		6.6003		61		14		216		216		216		216		
116		1495		0		1393		survived		6.64769		6.6003		62		14		216		216		216		216		
117		1495		0		1393		survived		6.64769		6.6003		63		14		216		216		216		216		
118		1495		0		1393		survived		6.64769		6.6003		64		14		216		216		216		216		
119		1495		0		1393		survived		6.64769		6.6003		65		14		216		216		216		216		
120		1495		0		1393		survived		6.64769		6.6003		66		14		216		216		216		216		
121		1495		0		1393		survived		6.64769		6.6003		67		14		216		216		216		216		
122		1495		0		1393		survived		6.64769		6.6003		68		14		216		216		216		216		
123		1495		0		1393		survived		6.64769		6.6003		69		14		216		216		216		216		
124		1495		0		1393		survived		6.64769		6.6003		70		14		216		216		216		216		
125		1495		0		1393		survived		6.64769		6.6003		71		14		216		216		216		216		
126		1495		0		1393		survived		6.64769		6.6003		72		14		216		216		216		216		
127		1495		0		1393		survived		6.64769		6.6003		73		14		216		216		216		216		
128		1495		0		1393		survived		6.64769		6.6003		74		14		216		216		216		216		
129		1495		0		1393		survived		6.64769		6.6003		75		14		216		216		216		216		
130		1495		0		1393		survived		6.64769		6.6003		76		14		216		216		216		216		
131		1495		0		1393		survived		6.64769		6.6003		77		14		216		216		216		216		
132		1495		0		1393		survived		6.64769		6.6003		78		14		216		216		216		216		
133		1495		0		1393		survived		6.64769		6.6003		79		14		216		216		216		216		
134		1495		0		1393		survived		6.64769		6.6003		80		14		216		216		216		216		
135		1495		0		1393		survived		6.64769		6.6003		81		14		216		216		216		216		
136		1495		0		1393		survived		6.64769		6.6003		82		14		216		216		216		216		
137		1495		0		1393		survived		6.64769		6.6003		83		14		216		216		216		216		
138		1495		0		1393		survived		6.64769		6.6003		84		14		216		216		216		216		
139		1495		0		1393		survived		6.64769		6.6003		85		14		216		216		216		216		
140		1495		0		1393		survived		6.64769		6.6003		86		14		216		216		216		216		
141		1495		0		1393		survived		6.64769		6.6003		87		14		216		216		216		216		
142		1495		0		1393		survived		6.64769		6.6003		88		14		216		216		216		216		
143		1495		0		1393		survived		6.64769		6.6003		89		14		216		216		216		216		
144		1495		0		1393		survived		6.64769		6.6003		90		14		216		216		216		216		
145		1495		0		1393		survived		6.64769		6.6003		91		14		216		216		216		216		
146		1495		0		1393		survived		6.64769		6.6003		92		14		216		216		216		216		
147		1495		0		1393		survived		6.64769		6.6003		93		14		216		216		216		216		
148		1495		0		1393		survived		6.64769		6.6003		94		14		216		216		216		216		
149		1495		0		1393		survived		6.64769		6.6003		95		14		216		216		216		216		
150		1495		0		1393		survived		6.64769		6.6003		96		14		216		216		216		216		
151		1495		0		1393		survived		6.64769		6.6003		97		14		216		216		216		216		
152		1495		0		1393		survived		6.64769		6.6003		98		14		216		216		216		216		
153		1495		0		1393		survived		6.64769		6.6003		99		14		216		216		216		216		
154		1495		0		1393		survived		6.64769		6.6003		100		14		216		216		216		216		
155		1495		0		1393		survived		6.64769		6.6003		101		14		216		216		216		216		
156		1495		0		1393		survived		6.64769		6.6003		102		14		216		216		216		216		
157		1495		0		1393		survived		6.64769		6.6003		103		14		216		216		216		216		
158		1495		0		1393		survived		6.64769		6.6003		104		14		216		216		216		216		
159		1495		0		1393		survived		6.64769		6.6003		105		14		216		216		216		216		
160		1495		0		1393		survived		6.64769		6.6003		106		14		216		216		216		216		
161		1495		0		1393		survived		6.64769		6.6003		107		14		216		216		216		216		
162		1495		0		1393		survived		6.64769		6.6003		108		14		216		216		216		216		
163		1495		0		1393		survived		6.64769		6.6003		109		14		216		216		216		216		
164		1495		0		1393		survived		6.64769		6.6003		110		14		216		216		216		216		
165		1495		0		1393		survived		6.64769		6.6003		111		14		216		216		216		216		
166		1495		0		1393		survived		6.64769		6.6003		112		14		216		216		216		216		
167		1495		0		1393		survived		6.64769		6.6003		113		14		216		216		216		216		
168		1495		0		1393		survived		6.64769		6.6003		114		14		216		216		216		216		
169		1495		0		1393		survived		6.64769		6.6003		115		14		216		216		216		216		
170		1495		0		1393		survived		6.64769		6.6003		116		14		216		216		216		216		
171		1495		0		1393		survived		6.64769		6.6003		117		14		216		216		216		216		
172		1495		0		1393		survived		6.64769		6.6003		118		14		216		216		216		216		
173		1495		0		1393		survived		6.64769		6.6003		119		14		216		216		216		216		
174		1495		0		1393		survived		6.64769		6.6003		120		14		216		216		216		216		
175		1495		0		1393		survived		6.64769		6.6003		121		14		216		216		216		216		
176		1495		0		1393		survived		6.64769		6.6003		122		14		216		216		216		216		
177		1495		0		1393		survived		6.64769		6.6003		123		14		216		216		216		216		
178		1495		0		1393		survived		6.64769		6.6003		124		14		216		216		216		216		
179		1495		0		1393		survived		6.64769		6.6003		125		14		216		216		216		216		
180		1495		0		1393		survived		6.64769		6.6003		126		14		216		216		216		216		
181		1495		0		1393		survived		6.64769		6.6003		127		14		216		216		216		216		
182		1495		0		1393		survived		6.64769		6.6003		128		14		216		216		216		216		
183		1495		0		1393		survived		6.64769		6.6003		129		14		216		216		216		216		
184		1495		0		1393		survived		6.64769		6.6003		130		14		216		216		216		216		
185		1495		0		1393		survived		6.64769		6.6003		131		14		216		216		216		216		
186		1495		0		1393		survived		6.64769		6.6003		132		14		216		216		216		216		
187		1495		0		1393		survived		6.64769		6.6003		133		14		216		216		216		216		
188		1495		0		1393		survived		6.64769		6.6003		134		14		216		216		216		216		
189		1495		0		1393		survived		6.64769		6.6003		135		14		216		216		216		216		
190		1495		0		1393		survived		6.64769		6.6003		136		14		216		216		216		216		
191		1495		0		1393		survived		6.64769		6.6003		137		14		216		216		216		216		
192		1495		0		1393		survived		6.64769		6.6003		138		14		216		216		216		216		
193		1495		0		1393		survived		6.64769		6.6003		139		14		216		216		216		216		
194		1495		0		1393		survived		6.64769		6.6003		140		14		216		216		216		216		
195		4284		0		3985		remove_link		7.61041		6.42026		123		123		192		157		192		157		
196		4284		0		3985		survived		7.61041		6.42026		124		123		192		157		192		157		
197		4284		0		3985		survived		7.61041		6.42026		125		123		192		157		192		157		
198		4284		0		3985		survived		7.61041		6.42026		126		123		192		157		192		157		
199		4284		0		3985		survived		7.61041		6.42026		127		123		192		157		192		157		
200		4284		0		3985		survived		7.61041		6.42026		128		123		192		157		192		157		
201		4284		0		3985		survived		7.61041		6.42026		129		123		192		157		192		157		
202		4284		0		3985		survived		7.61041		6.42026		130		123		192		157		192		157		
203		4284		0		3985		survived		7.61041		6.42026		131		123		192		157		192		157		
204		4284		0		3985		survived		7.61041		6.42026		132		123		192		157		192		157		
205		4284		0		3985		survived		7.61041		6.42026		133		123		192		157		192		157		
206		4284		0		3985		survived		7.61041		6.42026		134		123		192		157		192		157		
207		4284		0		3985		survived		7.61041		6.42026		135		123		192		157		192		157		
208		4284		0		3985		survived		7.61041		6.42026		136		123		192		157		192		157		
209		4284		0		3985		survived		7.61041		6.42026		137		123		192		157		192		157		
210		4284		0		3985		survived		7.61041		6.42026		138		123		192		157		192		157		
211		4284		0		3985		survived		7.61041		6.42026		139		123		192		157		192		157		
212		4284		0		3985		survived		7.61041		6.42026		140		123		192		157		192		157		
213		4284		0		3985		survived		7.61041		6.42026		141		123		192		157		192		157		
214		4284		0		3985		survived		7.61041		6.42026		142		123		192		157		192		157		
215		4284		0		3985		survived		7.61041		6.42026		143		123		192		157		192		157		
216		4284		0		3985		survived		7.61041		6.42026		144		123		192		157		192		157		
217		4284		0		3985		survived		7.61041		6.42026		145		123		192		157		192		157		
218		4284		0		3985		survived		7.61041		6.42026		146		123		192		157		192		157		
219		4284		0		3985		survived		7.61041		6.42026		147		123		192		157		192		157		
220		4284		0		3985		survived		7.61041		6.42026		148		123		192		157		192		157		
221		4284		0		3985		survived		7.61041		6.42026		149		123		192		157		192		157		
222		4284		0		3985		survived		7.61041		6.42026		150		123		192		157		192		157		
223		4284		0		3985		survived		7.61041		6.42026		151		123		192		157		192		157		
224		4284		0		3985		survived		7.61041		6.42026		152		123		192		157		192		157		
225		4284		0		3985		survived		7.61041		6.42026		153		123		192		157		192		157		
226		4284		0		3985		survived		7.61041		6.42026		154		123		192		157		192		157		
227		5001		0		4284		add_link		7.74432		7.61041		155		155		192		192		192		192		
228		5001		0		4284		survived		7.74432		7.61041		156		155		192		192		192		192		
229		5001		0		4284		survived		7.74432		7.61041		157		155		192		192		192		192		
230		5001		0		4284		survived		7.74432		7.61041		158		155		192		192		192		192		
231		5001		0		4284		survived		7.74432		7.61041		159		155		192		192		192		192		
232		5001		0		4284		survived		7.74432		7.61041		160		155		192		192		192		192		
233		5001		0		4284		survived		7.74432		7.61041		161		155		192		192		192		192		
234		5147		0		5001		add_link		7.89197		7.74432		162		162		190		192		190		192		
235		5147		0		5001		survived		7.89197		7.74432		163		162		190		192		190		192		
236		5147		0		5001		survived		7.89197		7.74432		164		162		190		192		190		192		
237		5147		0		5001		survived		7.89197		7.74432		165		162		190		192		190		192		
238		5147		0		5001		survived		7.89197		7.74432		166		162		190		192		190		192		
239		5147		0		5001		survived		7.89197		7.74432		167		162		190		192		190		192		
240		5147		0		5001		survived		7.89197		7.74432		168		162		190		192		190		192		
241		5147		0		5001		survived		7.89197		7.74432		169		162		190		192		190		192		
242		5147		0		5001		survived		7.89197		7.74432		170		162		190		192		190		192		
243		5147		0		5001		survived		7.89197		7.74432		171		162		190		192		190		192		
244		5147		0		5001		survived		7.89197		7.74432		172		162		190		192		190		192		
245		5147		0		5001		survived		7.89197		7.74432		173		162		190		192		190		192		
246		5147		0		5001		survived		7.89197		7.74432		174		162		190		192		190		192		
247		5147		0		5001		survived		7.89197		7.74432		175		162		190		192		190		192		
248		5147		0		5001		survived		7.89197		7.74432		176		162		190		192		190		192		
249		5147		0		5001		survived		7.89197		7.74432		177		162		190		192		190		192		
250		5147		0		5001		survived		7.89197		7.74432		178		162		190		192		190		192		
251		5147		0		5001		survived		7.89197		7.74432		179		162		190		192		190		192		
252		5147		0		5001		survived		7.89197		7.74432		180		162		190		192		190		192		
253		5147		0		5001		survived		7.89197		7.74432		181		162		190		192		190		192		
254		5147		0		5001		survived		7.89197		7.74432		182		162		190		192		190		192		
255		5147		0		5001		survived		7.89197		7.74432		183		162		190		192		190		192		
256		5147		0		5001		survived		7.89197		7.74432		184		162		190		192		190		192		
257		5147		0		5001		survived		7.89197		7.74432		185		162		190		192		190		192		
258		5147		0		5001		survived		7.89197		7.74432		186		162		190		192		190		192		
259		5147		0		5001		survived		7.89197		7.74432		187		162		190		192		190		192		
260		5147		0		5001		survived		7.89197		7.74432		188		162		190		192		190		192		
261		5147		0		5001		survived		7.89197		7.74432		189		162		190		192		190		192		
262		5147		0		5001		survived		7.89197		7.74432		190		162		190		192		190		192		
263		5147		0		5001		survived		7.89197		7.74432		191		162		190		192		190		192		
264		5147		0		5001		survived		7.89197		7.74432		192		162		190		192		190		192		
265		5147		0		5001		survived		7.89197		7.74432		193		162		190		192		190		192		
266		5147		0		5001		survived		7.89197		7.74432		194		162		190		192		190		192		
267		5147		0		5001		survived		7.89197		7.74432		195		162		190		192		190		192		
268		5147		0		5001		survived		7.89197		7.74432		196		162		190		192		190		192		
269		5147		0		5001		survived		7.89197		7.74432		197		162		190		192		190		192		
270		5147		0		5001		survived		7.89197		7.74432		198		162		190		192		190		192		
271		5147		0		5001		survived		7.89197		7.74432		199		162		190		192		190		192		
272		5147		0		5001		survived		7.89197		7.74432		200		162		190		192		190		192		
273		5147		0		5001		survived		7.89197		7.74432		201		162		190		192		190		192		
274		5147		0		5001		survived		7.89197		7.74432		202		162		190		192		190		192		
275		5147		0		5001		survived		7.89197		7.74432		203		162		190		192		190		192		
276		5147		0		5001		survived		7.89197		7.74432		204		162		190		192		190		192		
277		5147		0		5001		survived		7.89197		7.74432		205		162		190		192		190		192		
278		5147		0		5001		survived		7.89197		7.74432		206		162		190		192		190		192		
279		5147		0		5001		survived		7.89197		7.74432		207		162		190		192		190		192		
280		5147		0		5001		survived		7.89197		7.74432		208		162		190		192		190		192		
281		5147		0		5001		survived		7.89197		7.74432		209		162		190		192		190		192		
282		5147		0		5001		survived		7.89197		7.74432		210		162		190		192		190		192		
283		5147		0		5001		survived		7.89197		7.74432		211		162		190		192		190		192		
284		5147		0		5001		survived		7.89197		7.74432		212		162		190		192		190		192		
285		5147		0		5001		survived		7.89197		7.74432		213		162		190		192		190		192		
286		5147		0		5001		survived		7.89197		7.74432		214		162		190		192		190		192		
287		5147		0		5001		survived		7.89197		7.74432		215		162		190		192		190		192		
288		5147		0		5001		survived		7.89197		7.74432		216		162		190		192		190		192		
289		5147		0		5001		survived		7.89197		7.74432		217		162		190		192		190		192		
290		5147		0		5001		survived		7.89197		7.74432		218		162		190		192		190		192		
291		5147		0		5001		survived		7.89197		7.74432		219		162		190		192		190		192		
292		5147		0		5001		survived		7.89197		7.74432		220		162		190		192		190		192		
293		5147		0		5001		survived		7.89197		7.74432		221		162		190		192		190		192		
294		5147		0		5001		survived		7.89197		7.74432		222		162		190		192		190		192		
295		5147		0		5001		survived		7.89197		7.74432		223		162		190		192		190		192		
296		5147		0		5001		survived		7.89197		7.74432		224		162		190		192		190		192		
297		5147		0		5001		survived		7.89197		7.74432		225		162		190		192		190		192		
298		5147		0		5001		survived		7.89197		7.74432		226		162		190		192		190		192		
299		5147		0		5001		survived		7.89197		7.74432		227		162		190		192		190		192		
300		5147		0		5001		survived		7.89197		7.74432		228		162		190		192		190		192		
301		5147		0		5001		survived		7.89197		7.74432		229		162		190		192		190		192		
302		5147		0		5001		survived		7.89197		7.74432		230		162		190		192		190		192		
303		5147		0		5001		survived		7.89197		7.74432		231		162		190		192		190		192		
304		5147		0		5001		survived		7.89197		7.74432		232		162		190		192		190		192		
305		5147		0		5001		survived		7.89197		7.74432		233		162		190		192		190		192		
306		5147		0		5001		survived		7.89197		7.74432		234		162		190		192		190		192		
307		5147		0		5001		survived		7.89197		7.74432		235		162		190		192		190		192		
308		5147		0		5001		survived		7.89197		7.74432		236		162		190		192		190		192		
309		5147		0		5001		survived		7.89197		7.74432		237		162		190		192		190		192		
310		5147		0		5001		survived		7.89197		7.74432		238		162		190		192		190		192		
311		5147		0		5001		survived		7.89197		7.74432		239		162		190		192		190		192		
312		5147		0		5001		survived		7.89197		7.74432		240		162		190		192		190		192		
313		5147		0		5001		survived		7.89197		7.74432		241		162		190		192		190		192		
314		5147		0		5001		survived		7.89197		7.74432		242		162		190		192		190		192		
315		5147		0		5001		survived		7.89197		7.74432		243		162		190		192		190		192		
316		5147		0		5001		survived		7.89197		7.74432		244		162		190		192		190		192		
317		5147		0		5001		survived		7.89197		7.74432		245		162		190		192		190		192		
318		5147		0		5001		survived		7.89197		7.74432		246		162		190		192		190		192		
319		5147		0		5001		survived		7.89197		7.74432		247		162		190		192		190		192		
320		5147		0		5001		survived		7.89197		7.74432		248		162		190		192		190		192		
321		7057		0		5147		mutate_weight(0.0200647119439)		7.9055		7.89197		249		249		192		190		192		190		
322		7057		0		5147		survived		7.9055		7.89197		250		249		192		190		192		190		
323		7057		0		5147		survived		7.9055		7.89197		251		249		192		190		192		190		
324		7057		0		5147		survived		7.9055		7.89197		252		249		192		190		192		190		
325		7057		0		5147		survived		7.9055		7.89197		253		249		192		190		192		190		
326		7057		0		5147		survived		7.9055		7.89197		254		249		192		190		192		190		
327		7057		0		5147		survived		7.9055		7.89197		255		249		192		190		192		190		
328		7057		0		5147		survived		7.9055		7.89197		256		249		192		190		192		190		
329		7057		0		5147		survived		7.9055		7.89197		257		249		192		190		192		190		
330		7057		0		5147		survived		7.9055		7.89197		258		249		192		190		192		190		
331		7057		0		5147		survived		7.9055		7.89197		259		249		192		190		192		190		
332		7057		0		5147		survived		7.9055		7.89197		260		249		192		190		192		190		
333		7057		0		5147		survived		7.9055		7.89197		261		249		192		190		192		190		
334		7057		0		5147		survived		7.9055		7.89197		262		249		192		190		192		190		
335		7057		0		5147		survived		7.9055		7.89197		263		249		192		190		192		190		
336		7057		0		5147		survived		7.9055		7.89197		264		249		192		190		192		190		
337		7057		0		5147		survived		7.9055		7.89197		265		249		192		190		192		190		
338		7057		0		5147		survived		7.9055		7.89197		266		249		192		190		192		190		
339		7057		0		5147		survived		7.9055		7.89197		267		249		192		190		192		190		
340		7057		0		5147		survived		7.9055		7.89197		268		249		192		190		192		190		
341		7057		0		5147		survived		7.9055		7.89197		269		249		192		190		192		190		
342		7057		0		5147		survived		7.9055		7.89197		270		249		192		190		192		190		
343		7057		0		5147		survived		7.9055		7.89197		271		249		192		190		192		190		
344		7057		0		5147		survived		7.9055		7.89197		272		249		192		190		192		190		
345		7057		0		5147		survived		7.9055		7.89197		273		249		192		190		192		190		
346		7057		0		5147		survived		7.9055		7.89197		274		249		192		190		192		190		
347		7057		0		5147		survived		7.9055		7.89197		275		249		192		190		192		190		
348		7057		0		5147		survived		7.9055		7.89197		276		249		192		190		192		190		
349		7057		0		5147		survived		7.9055		7.89197		277		249		192		190		192		190		
350		7057		0		5147		survived		7.9055		7.89197		278		249		192		190		192		190		
351		7057		0		5147		survived		7.9055		7.89197		279		249		192		190		192		190		
352		7057		0		5147		survived		7.9055		7.89197		280		249		192		190		192		190		
353		7057		0		5147		survived		7.9055		7.89197		281		249		192		190		192		190		
354		7057		0		5147		survived		7.9055		7.89197		282		249		192		190		192		190		
355		7057		0		5147		survived		7.9055		7.89197		283		249		192		190		192		190		
356		7057		0		5147		survived		7.9055		7.89197		284		249		192		190		192		190		
357		7057		0		5147		survived		7.9055		7.89197		285		249		192		190		192		190		
358		7057		0		5147		survived		7.9055		7.89197		286		249		192		190		192		190		
359		7057		0		5147		survived		7.9055		7.89197		287		249		192		190		192		190		
360		7057		0		5147		survived		7.9055		7.89197		288		249		192		190		192		190		
361		7057		0		5147		survived		7.9055		7.89197		289		249		192		190		192		190		
362		7057		0		5147		survived		7.9055		7.89197		290		249		192		190		192		190		
363		7057		0		5147		survived		7.9055		7.89197		291		249		192		190		192		190		
364		7057		0		5147		survived		7.9055		7.89197		292		249		192		190		192		190		
365		7057		0		5147		survived		7.9055		7.89197		293		249		192		190		192		190		
366		7057		0		5147		survived		7.9055		7.89197		294		249		192		190		192		190		
367		7057		0		5147		survived		7.9055		7.89197		295		249		192		190		192		190		
368		7057		0		5147		survived		7.9055		7.89197		296		249		192		190		192		190		
369		7057		0		5147		survived		7.9055		7.89197		297		249		192		190		192		190		
370		7057		0		5147		survived		7.9055		7.89197		298		249		192		190		192		190		
371		7057		0		5147		survived		7.9055		7.89197		299		249		192		190		192		190		
372		7057		0		5147		survived		7.9055		7.89197		300		249		192		190		192		190		
373		7057		0		5147		survived		7.9055		7.89197		301		249		192		190		192		190		
374		7057		0		5147		survived		7.9055		7.89197		302		249		192		190		192		190		
375		7057		0		5147		survived		7.9055		7.89197		303		249		192		190		192		190		
376		7057		0		5147		survived		7.9055		7.89197		304		249		192		190		192		190		
377		7057		0		5147		survived		7.9055		7.89197		305		249		192		190		192		190		
378		7057		0		5147		survived		7.9055		7.89197		306		249		192		190		192		190		
379		7057		0		5147		survived		7.9055		7.89197		307		249		192		190		192		190		
380		7057		0		5147		survived		7.9055		7.89197		308		249		192		190		192		190		
381		7057		0		5147		survived		7.9055		7.89197		309		249		192		190		192		190		
382		7057		0		5147		survived		7.9055		7.89197		310		249		192		190		192		190		
383		7057		0		5147		survived		7.9055		7.89197		311		249		192		190		192		190		
384		7057		0		5147		survived		7.9055		7.89197		312		249		192		190		192		190		
385		7057		0		5147		survived		7.9055		7.89197		313		249		192		190		192		190		
386		7057		0		5147		survived		7.9055		7.89197		314		249		192		190		192		190		
387		7057		0		5147		survived		7.9055		7.89197		315		249		192		190		192		190		
388		7057		0		5147		survived		7.9055		7.89197		316		249		192		190		192		190		
389		7057		0		5147		survived		7.9055		7.89197		317		249		192		190		192		190		
390		7057		0		5147		survived		7.9055		7.89197		318		249		192		190		192		190		
391		7057		0		5147		survived		7.9055		7.89197		319		249		192		190		192		190		
392		7057		0		5147		survived		7.9055		7.89197		320		249		192		190		192		190		
393		7057		0		5147		survived		7.9055		7.89197		321		249		192		190		192		190		
394		7057		0		5147		survived		7.9055		7.89197		322		249		192		190		192		190		
395		7057		0		5147		survived		7.9055		7.89197		323		249		192		190		192		190		
396		7057		0		5147		survived		7.9055		7.89197		324		249		192		190		192		190		
397		7057		0		5147		survived		7.9055		7.89197		325		249		192		190		192		190		
398		7057		0		5147		survived		7.9055		7.89197		326		249		192		190		192		190		
399		7057		0		5147		survived		7.9055		7.89197		327		249		192		190		192		190		
400		7057		0		5147		survived		7.9055		7.89197		328		249		192		190		192		190		
401		7057		0		5147		survived		7.9055		7.89197		329		249		192		190		192		190		
402		7057		0		5147		survived		7.9055		7.89197		330		249		192		190		192		190		
403		7057		0		5147		survived		7.9055		7.89197		331		249		192		190		192		190		
404		7057		0		5147		survived		7.9055		7.89197		332		249		192		190		192		190		
405		7057		0		5147		survived		7.9055		7.89197		333		249		192		190		192		190		
406		7057		0		5147		survived		7.9055		7.89197		334		249		192		190		192		190		
407		7057		0		5147		survived		7.9055		7.89197		335		249		192		190		192		190		
408		7057		0		5147		survived		7.9055		7.89197		336		249		192		190		192		190		
409		7057		0		5147		survived		7.9055		7.89197		337		249		192		190		192		190		
410		7057		0		5147		survived		7.9055		7.89197		338		249		192		190		192		190		
411		7057		0		5147		survived		7.9055		7.89197		339		249		192		190		192		190		
412		7057		0		5147		survived		7.9055		7.89197		340		249		192		190		192		190		
413		7057		0		5147		survived		7.9055		7.89197		341		249		192		190		192		190		
414		7057		0		5147		survived		7.9055		7.89197		342		249		192		190		192		190		
415		7057		0		5147		survived		7.9055		7.89197		343		249		192		190		192		190		
416		7057		0		5147		survived		7.9055		7.89197		344		249		192		190		192		190		
417		7057		0		5147		survived		7.9055		7.89197		345		249		192		190		192		190		
418		7057		0		5147		survived		7.9055		7.89197		346		249		192		190		192		190		
419		7057		0		5147		survived		7.9055		7.89197		347		249		192		190		192		190		
420		7057		0		5147		survived		7.9055		7.89197		348		249		192		190		192		190		
421		7057		0		5147		survived		7.9055		7.89197		349		249		192		190		192		190		
422		7057		0		5147		survived		7.9055		7.89197		350		249		192		190		192		190		
423		7057		0		5147		survived		7.9055		7.89197		351		249		192		190		192		190		
424		7057		0		5147		survived		7.9055		7.89197		352		249		192		190		192		190		
425		7057		0		5147		survived		7.9055		7.89197		353		249		192		190		192		190		
426		7057		0		5147		survived		7.9055		7.89197		354		249		192		190		192		190		
427		7057		0		5147		survived		7.9055		7.89197		355		249		192		190		192		190		
428		7057		0		5147		survived		7.9055		7.89197		356		249		192		190		192		190		
429		7057		0		5147		survived		7.9055		7.89197		357		249		192		190		192		190		
430		7057		0		5147		survived		7.9055		7.89197		358		249		192		190		192		190		
431		7057		0		5147		survived		7.9055		7.89197		359		249		192		190		192		190		
432		7057		0		5147		survived		7.9055		7.89197		360		249		192		190		192		190		
433		7057		0		5147		survived		7.9055		7.89197		361		249		192		190		192		190		
434		7057		0		5147		survived		7.9055		7.89197		362		249		192		190		192		190		
435		7057		0		5147		survived		7.9055		7.89197		363		249		192		190		192		190		
436		7057		0		5147		survived		7.9055		7.89197		364		249		192		190		192		190		
437		7057		0		5147		survived		7.9055		7.89197		365		249		192		190		192		190		
438		7057		0		5147		survived		7.9055		7.89197		366		249		192		190		192		190		
439		7057		0		5147		survived		7.9055		7.89197		367		249		192		190		192		190		
440		7057		0		5147		survived		7.9055		7.89197		368		249		192		190		192		190		
441		7057		0		5147		survived		7.9055		7.89197		369		249		192		190		192		190		
442		7057		0		5147		survived		7.9055		7.89197		370		249		192		190		192		190		
443		7057		0		5147		survived		7.9055		7.89197		371		249		192		190		192		190		
444		7057		0		5147		survived		7.9055		7.89197		372		249		192		190		192		190		
445		7057		0		5147		survived		7.9055		7.89197		373		249		192		190		192		190		
446		7057		0		5147		survived		7.9055		7.89197		374		249		192		190		192		190		
447		7057		0		5147		survived		7.9055		7.89197		375		249		192		190		192		190		
448		7057		0		5147		survived		7.9055		7.89197		376		249		192		190		192		190		
449		7057		0		5147		survived		7.9055		7.89197		377		249		192		190		192		190		
450		7057		0		5147		survived		7.9055		7.89197		378		249		192		190		192		190		
451		7057		0		5147		survived		7.9055		7.89197		379		249		192		190		192		190		
452		7057		0		5147		survived		7.9055		7.89197		380		249		192		190		192		190		
453		7057		0		5147		survived		7.9055		7.89197		381		249		192		190		192		190		
454		7057		0		5147		survived		7.9055		7.89197		382		249		192		190		192		190		
455		7057		0		5147		survived		7.9055		7.89197		383		249		192		190		192		190		
456		7057		0		5147		survived		7.9055		7.89197		384		249		192		190		192		190		
457		7057		0		5147		survived		7.9055		7.89197		385		249		192		190		192		190		
458		7057		0		5147		survived		7.9055		7.89197		386		249		192		190		192		190		
459		7057		0		5147		survived		7.9055		7.89197		387		249		192		190		192		190		
460		7057		0		5147		survived		7.9055		7.89197		388		249		192		190		192		190		
461		7057		0		5147		survived		7.9055		7.89197		389		249		192		190		192		190		
462		7057		0		5147		survived		7.9055		7.89197		390		249		192		190		192		190		
463		7057		0		5147		survived		7.9055		7.89197		391		249		192		190		192		190		
464		7057		0		5147		survived		7.9055		7.89197		392		249		192		190		192		190		
465		7057		0		5147		survived		7.9055		7.89197		393		249		192		190		192		190		
466		7057		0		5147		survived		7.9055		7.89197		394		249		192		190		192		190		
467		7057		0		5147		survived		7.9055		7.89197		395		249		192		190		192		190		
468		7057		0		5147		survived		7.9055		7.89197		396		249		192		190		192		190		
469		7057		0		5147		survived		7.9055		7.89197		397		249		192		190		192		190		
470		7057		0		5147		survived		7.9055		7.89197		398		249		192		190		192		190		
471		7057		0		5147		survived		7.9055		7.89197		399		249		192		190		192		190		
472		7057		0		5147		survived		7.9055		7.89197		400		249		192		190		192		190		
473		7057		0		5147		survived		7.9055		7.89197		401		249		192		190		192		190		
474		7057		0		5147		survived		7.9055		7.89197		402		249		192		190		192		190		
475		7057		0		5147		survived		7.9055		7.89197		403		249		192		190		192		190		
476		7057		0		5147		survived		7.9055		7.89197		404		249		192		190		192		190		
477		7057		0		5147		survived		7.9055		7.89197		405		249		192		190		192		190		
478		7057		0		5147		survived		7.9055		7.89197		406		249		192		190		192		190		
479		7057		0		5147		survived		7.9055		7.89197		407		249		192		190		192		190		
480		7057		0		5147		survived		7.9055		7.89197		408		249		192		190		192		190		
481		7057		0		5147		survived		7.9055		7.89197		409		249		192		190		192		190		
482		7057		0		5147		survived		7.9055		7.89197		410		249		192		190		192		190		
483		7057		0		5147		survived		7.9055		7.89197		411		249		192		190		192		190		
484		7057		0		5147		survived		7.9055		7.89197		412		249		192		190		192		190		
485		7057		0		5147		survived		7.9055		7.89197		413		249		192		190		192		190		
486		7057		0		5147		survived		7.9055		7.89197		414		249		192		190		192		190		
487		7057		0		5147		survived		7.9055		7.89197		415		249		192		190		192		190		
488		7057		0		5147		survived		7.9055		7.89197		416		249		192		190		192		190		
489		7057		0		5147		survived		7.9055		7.89197		417		249		192		190		192		190		
490		7057		0		5147		survived		7.9055		7.89197		418		249		192		190		192		190		
491		7057		0		5147		survived		7.9055		7.89197		419		249		192		190		192		190		
492		7057		0		5147		survived		7.9055		7.89197		420		249		192		190		192		190		
493		7057		0		5147		survived		7.9055		7.89197		421		249		192		190		192		190		
494		7057		0		5147		survived		7.9055		7.89197		422		249		192		190		192		190		
495		7057		0		5147		survived		7.9055		7.89197		423		249		192		190		192		190		
496		7057		0		5147		survived		7.9055		7.89197		424		249		192		190		192		190		
497		7057		0		5147		survived		7.9055		7.89197		425		249		192		190		192		190		
498		7057		0		5147		survived		7.9055		7.89197		426		249		192		190		192		190		
499		7057		0		5147		survived		7.9055		7.89197		427		249		192		190		192		190		
500		7057		0		5147		survived		7.9055		7.89197		428		249		192		190		192		190		
501		7057		0		5147		survived		7.9055		7.89197		429		249		192		190		192		190		
502		7057		0		5147		survived		7.9055		7.89197		430		249		192		190		192		190		
503		7057		0		5147		survived		7.9055		7.89197		431		249		192		190		192		190		
504		7057		0		5147		survived		7.9055		7.89197		432		249		192		190		192		190		
505		7057		0		5147		survived		7.9055		7.89197		433		249		192		190		192		190		
506		7057		0		5147		survived		7.9055		7.89197		434		249		192		190		192		190		
507		7057		0		5147		survived		7.9055		7.89197		435		249		192		190		192		190		
508		7057		0		5147		survived		7.9055		7.89197		436		249		192		190		192		190		
509		7057		0		5147		survived		7.9055		7.89197		437		249		192		190		192		190		
510		7057		0		5147		survived		7.9055		7.89197		438		249		192		190		192		190		
511		7057		0		5147		survived		7.9055		7.89197		439		249		192		190		192		190		
512		7057		0		5147		survived		7.9055		7.89197		440		249		192		190		192		190		
513		7057		0		5147		survived		7.9055		7.89197		441		249		192		190		192		190		
514		7057		0		5147		survived		7.9055		7.89197		442		249		192		190		192		190		
515		7057		0		5147		survived		7.9055		7.89197		443		249		192		190		192		190		
516		7057		0		5147		survived		7.9055		7.89197		444		249		192		190		192		190		
517		7057		0		5147		survived		7.9055		7.89197		445		249		192		190		192		190		
518		7057		0		5147		survived		7.9055		7.89197		446		249		192		190		192		190		
519		7057		0		5147		survived		7.9055		7.89197		447		249		192		190		192		190		
520		7057		0		5147		survived		7.9055		7.89197		448		249		192		190		192		190		
521		7057		0		5147		survived		7.9055		7.89197		449		249		192		190		192		190		
522		7057		0		5147		survived		7.9055		7.89197		450		249		192		190		192		190		
523		7057		0		5147		survived		7.9055		7.89197		451		249		192		190		192		190		
524		7057		0		5147		survived		7.9055		7.89197		452		249		192		190		192		190		
525		7057		0		5147		survived		7.9055		7.89197		453		249		192		190		192		190		
526		7057		0		5147		survived		7.9055		7.89197		454		249		192		190		192		190		
527		7057		0		5147		survived		7.9055		7.89197		455		249		192		190		192		190		
528		7057		0		5147		survived		7.9055		7.89197		456		249		192		190		192		190		
529		7057		0		5147		survived		7.9055		7.89197		457		249		192		190		192		190		
530		7057		0		5147		survived		7.9055		7.89197		458		249		192		190		192		190		
531		7057		0		5147		survived		7.9055		7.89197		459		249		192		190		192		190		
532		7057		0		5147		survived		7.9055		7.89197		460		249		192		190		192		190		
533		7057		0		5147		survived		7.9055		7.89197		461		249		192		190		192		190		
534		7057		0		5147		survived		7.9055		7.89197		462		249		192		190		192		190		
535		7057		0		5147		survived		7.9055		7.89197		463		249		192		190		192		190		
536		7057		0		5147		survived		7.9055		7.89197		464		249		192		190		192		190		
537		7057		0		5147		survived		7.9055		7.89197		465		249		192		190		192		190		
538		7057		0		5147		survived		7.9055		7.89197		466		249		192		190		192		190		
539		7057		0		5147		survived		7.9055		7.89197		467		249		192		190		192		190		
540		7057		0		5147		survived		7.9055		7.89197		468		249		192		190		192		190		
541		7057		0		5147		survived		7.9055		7.89197		469		249		192		190		192		190		
542		7057		0		5147		survived		7.9055		7.89197		470		249		192		190		192		190		
543		7057		0		5147		survived		7.9055		7.89197		471		249		192		190		192		190		
544		7057		0		5147		survived		7.9055		7.89197		472		249		192		190		192		190		
545		7057		0		5147		survived		7.9055		7.89197		473		249		192		190		192		190		
546		7057		0		5147		survived		7.9055		7.89197		474		249		192		190		192		190		
547		7057		0		5147		survived		7.9055		7.89197		475		249		192		190		192		190		
548		7057		0		5147		survived		7.9055		7.89197		476		249		192		190		192		190		
549		7057		0		5147		survived		7.9055		7.89197		477		249		192		190		192		190		
550		7057		0		5147		survived		7.9055		7.89197		478		249		192		190		192		190		
551		7057		0		5147		survived		7.9055		7.89197		479		249		192		190		192		190		
552		7057		0		5147		survived		7.9055		7.89197		480		249		192		190		192		190		
553		7057		0		5147		survived		7.9055		7.89197		481		249		192		190		192		190		
554		7057		0		5147		survived		7.9055		7.89197		482		249		192		190		192		190		
555		7057		0		5147		survived		7.9055		7.89197		483		249		192		190		192		190		
556		7057		0		5147		survived		7.9055		7.89197		484		249		192		190		192		190		
557		7057		0		5147		survived		7.9055		7.89197		485		249		192		190		192		190		
558		7057		0		5147		survived		7.9055		7.89197		486		249		192		190		192		190		
559		7057		0		5147		survived		7.9055		7.89197		487		249		192		190		192		190		
560		7057		0		5147		survived		7.9055		7.89197		488		249		192		190		192		190		
561		7057		0		5147		survived		7.9055		7.89197		489		249		192		190		192		190		
562		7057		0		5147		survived		7.9055		7.89197		490		249		192		190		192		190		
563		7057		0		5147		survived		7.9055		7.89197		491		249		192		190		192		190		
564		7057		0		5147		survived		7.9055		7.89197		492		249		192		190		192		190		
565		7057		0		5147		survived		7.9055		7.89197		493		249		192		190		192		190		
566		7057		0		5147		survived		7.9055		7.89197		494		249		192		190		192		190		
567		7057		0		5147		survived		7.9055		7.89197		495		249		192		190		192		190		
568		7057		0		5147		survived		7.9055		7.89197		496		249		192		190		192		190		
569		7057		0		5147		survived		7.9055		7.89197		497		249		192		190		192		190		
570		7057		0		5147		survived		7.9055		7.89197		498		249		192		190		192		190		
571		12555		0		12384		add_link		8.13566		7.61684		499		499		184		186		184		186		
572		12555		0		12384		survived		8.13566		7.61684		500		499		184		186		184		186		
573		12555		0		12384		survived		8.13566		7.61684		501		499		184		186		184		186		
574		12555		0		12384		survived		8.13566		7.61684		502		499		184		186		184		186		
575		12555		0		12384		survived		8.13566		7.61684		503		499		184		186		184		186		
576		12555		0		12384		survived		8.13566		7.61684		504		499		184		186		184		186		
577		12555		0		12384		survived		8.13566		7.61684		505		499		184		186		184		186		
578		12555		0		12384		survived		8.13566		7.61684		506		499		184		186		184		186		
579		12555		0		12384		survived		8.13566		7.61684		507		499		184		186		184		186		
580		12555		0		12384		survived		8.13566		7.61684		508		499		184		186		184		186		
581		12555		0		12384		survived		8.13566		7.61684		509		499		184		186		184		186		
582		12555		0		12384		survived		8.13566		7.61684		510		499		184		186		184		186		
583		12555		0		12384		survived		8.13566		7.61684		511		499		184		186		184		186		
584		12555		0		12384		survived		8.13566		7.61684		512		499		184		186		184		186		
585		12555		0		12384		survived		8.13566		7.61684		513		499		184		186		184		186		
586		12555		0		12384		survived		8.13566		7.61684		514		499		184		186		184		186		
587		12555		0		12384		survived		8.13566		7.61684		515		499		184		186		184		186		
588		12555		0		12384		survived		8.13566		7.61684		516		499		184		186		184		186		
589		12555		0		12384		survived		8.13566		7.61684		517		499		184		186		184		186		
590		12555		0		12384		survived		8.13566		7.61684		518		499		184		186		184		186		
591		12555		0		12384		survived		8.13566		7.61684		519		499		184		186		184		186		
592		12555		0		12384		survived		8.13566		7.61684		520		499		184		186		184		186		
593		12555		0		12384		survived		8.13566		7.61684		521		499		184		186		184		186		
594		12555		0		12384		survived		8.13566		7.61684		522		499		184		186		184		186		
595		12555		0		12384		survived		8.13566		7.61684		523		499		184		186		184		186		
596		12555		0		12384		survived		8.13566		7.61684		524		499		184		186		184		186		
597		12555		0		12384		survived		8.13566		7.61684		525		499		184		186		184		186		
598		12555		0		12384		survived		8.13566		7.61684		526		499		184		186		184		186		
599		13179		0		12797		remove_link		8.13566		7.47398		527		527		170		170		170		170		
600		13179		0		12797		survived		8.13566		7.47398		528		527		170		170		170		170		
601		13179		0		12797		survived		8.13566		7.47398		529		527		170		170		170		170		
602		13179		0		12797		survived		8.13566		7.47398		530		527		170		170		170		170		
603		13179		0		12797		survived		8.13566		7.47398		531		527		170		170		170		170		
604		13179		0		12797		survived		8.13566		7.47398		532		527		170		170		170		170		
605		13312		0		13179		add_link		8.36367		8.13566		533		533		184		170		184		170		
606		13312		0		13179		survived		8.36367		8.13566		534		533		184		170		184		170		
607		13312		0		13179		survived		8.36367		8.13566		535		533		184		170		184		170		
608		13312		0		13179		survived		8.36367		8.13566		536		533		184		170		184		170		
609		13312		0		13179		survived		8.36367		8.13566		537		533		184		170		184		170		
610		13420		0		13312		mutate_weight(-0.115722677064)		8.55027		8.36367		538		538		182		184		182		184		
611		13420		0		13312		survived		8.55027		8.36367		539		538		182		184		182		184		
612		13420		0		13312		survived		8.55027		8.36367		540		538		182		184		182		184		
613		13420		0		13312		survived		8.55027		8.36367		541		538		182		184		182		184		
614		13420		0		13312		survived		8.55027		8.36367		542		538		182		184		182		184		
615		13420		0		13312		survived		8.55027		8.36367		543		538		182		184		182		184		
616		13420		0		13312		survived		8.55027		8.36367		544		538		182		184		182		184		
617		13420		0		13312		survived		8.55027		8.36367		545		538		182		184		182		184		
618		13420		0		13312		survived		8.55027		8.36367		546		538		182		184		182		184		
619		13420		0		13312		survived		8.55027		8.36367		547		538		182		184		182		184		
620		13420		0		13312		survived		8.55027		8.36367		548		538		182		184		182		184		
621		13420		0		13312		survived		8.55027		8.36367		549		538		182		184		182		184		
622		13420		0		13312		survived		8.55027		8.36367		550		538		182		184		182		184		
623		13420		0		13312		survived		8.55027		8.36367		551		538		182		184		182		184		
624		13420		0		13312		survived		8.55027		8.36367		552		538		182		184		182		184		
625		13420		0		13312		survived		8.55027		8.36367		553		538		182		184		182		184		
626		13420		0		13312		survived		8.55027		8.36367		554		538		182		184		182		184		
627		13420		0		13312		survived		8.55027		8.36367		555		538		182		184		182		184		
628		13821		0		13420		add_link		8.84616		8.55027		556		556		182		182		182		182		
629		13821		0		13420		survived		8.84616		8.55027		557		556		182		182		182		182		
630		13821		0		13420		survived		8.84616		8.55027		558		556		182		182		182		182		
631		13821		0		13420		survived		8.84616		8.55027		559		556		182		182		182		182		
632		13821		0		13420		survived		8.84616		8.55027		560		556		182		182		182		182		
633		13925		0		13821		mutate_weight(0.31530613435)		8.97716		8.84616		561		561		182		182		182		182		
634		13925		0		13821		survived		8.97716		8.84616		562		561		182		182		182		182		
635		13925		0		13821		survived		8.97716		8.84616		563		561		182		182		182		182		
636		13925		0		13821		survived		8.97716		8.84616		564		561		182		182		182		182		
637		13925		0		13821		survived		8.97716		8.84616		565		561		182		182		182		182		
638		13925		0		13821		survived		8.97716		8.84616		566		561		182		182		182		182		
639		13925		0		13821		survived		8.97716		8.84616		567		561		182		182		182		182		
640		13925		0		13821		survived		8.97716		8.84616		568		561		182		182		182		182		
641		13925		0		13821		survived		8.97716		8.84616		569		561		182		182		182		182		
642		13925		0		13821		survived		8.97716		8.84616		570		561		182		182		182		182		
643		13925		0		13821		survived		8.97716		8.84616		571		561		182		182		182		182		
644		13925		0		13821		survived		8.97716		8.84616		572		561		182		182		182		182		
645		13925		0		13821		survived		8.97716		8.84616		573		561		182		182		182		182		
646		13925		0		13821		survived		8.97716		8.84616		574		561		182		182		182		182		
647		13925		0		13821		survived		8.97716		8.84616		575		561		182		182		182		182		
648		13925		0		13821		survived		8.97716		8.84616		576		561		182		182		182		182		
649		13925		0		13821		survived		8.97716		8.84616		577		561		182		182		182		182		
650		13925		0		13821		survived		8.97716		8.84616		578		561		182		182		182		182		
651		13925		0		13821		survived		8.97716		8.84616		579		561		182		182		182		182		
652		13925		0		13821		survived		8.97716		8.84616		580		561		182		182		182		182		
653		13925		0		13821		survived		8.97716		8.84616		581		561		182		182		182		182		
654		13925		0		13821		survived		8.97716		8.84616		582		561		182		182		182		182		
655		13925		0		13821		survived		8.97716		8.84616		583		561		182		182		182		182		
656		14438		0		14323		mutate_weight(-0.275693701174)		9.47362		7.63766		584		584		174		162		174		162		
657		14438		0		14323		survived		9.47362		7.63766		585		584		174		162		174		162		
658		14438		0		14323		survived		9.47362		7.63766		586		584		174		162		174		162		
659		14438		0		14323		survived		9.47362		7.63766		587		584		174		162		174		162		
660		14438		0		14323		survived		9.47362		7.63766		588		584		174		162		174		162		
661		14438		0		14323		survived		9.47362		7.63766		589		584		174		162		174		162		
662		14570		0		14514		remove_link		10.8481		8.89545		590		590		166		134		166		134		
663		14570		0		14514		survived		10.8481		8.89545		591		590		166		134		166		134		
664		14570		0		14514		survived		10.8481		8.89545		592		590		166		134		166		134		
665		14570		0		14514		survived		10.8481		8.89545		593		590		166		134		166		134		
666		14570		0		14514		survived		10.8481		8.89545		594		590		166		134		166		134		
667		14570		0		14514		survived		10.8481		8.89545		595		590		166		134		166		134		
668		14570		0		14514		survived		10.8481		8.89545		596		590		166		134		166		134		
669		14570		0		14514		survived		10.8481		8.89545		597		590		166		134		166		134		
670		14570		0		14514		survived		10.8481		8.89545		598		590		166		134		166		134		
671		14570		0		14514		survived		10.8481		8.89545		599		590		166		134		166		134		
672		14570		0		14514		survived		10.8481		8.89545		600		590		166		134		166		134		
673		14570		0		14514		survived		10.8481		8.89545		601		590		166		134		166		134		
674		14570		0		14514		survived		10.8481		8.89545		602		590		166		134		166		134		
675		14570		0		14514		survived		10.8481		8.89545		603		590		166		134		166		134		
676		14570		0		14514		survived		10.8481		8.89545		604		590		166		134		166		134		
677		14570		0		14514		survived		10.8481		8.89545		605		590		166		134		166		134		
678		14570		0		14514		survived		10.8481		8.89545		606		590		166		134		166		134		
679		14570		0		14514		survived		10.8481		8.89545		607		590		166		134		166		134		
680		14960		0		14865		remove_link		11.5424		7.94978		608		608		152		124		152		124		
681		14960		0		14865		survived		11.5424		7.94978		609		608		152		124		152		124		
682		14960		0		14865		survived		11.5424		7.94978		610		608		152		124		152		124		
683		14960		0		14865		survived		11.5424		7.94978		611		608		152		124		152		124		
684		14960		0		14865		survived		11.5424		7.94978		612		608		152		124		152		124		
685		14960		0		14865		survived		11.5424		7.94978		613		608		152		124		152		124		
686		14960		0		14865		survived		11.5424		7.94978		614		608		152		124		152		124		
687		14960		0		14865		survived		11.5424		7.94978		615		608		152		124		152		124		
688		14960		0		14865		survived		11.5424		7.94978		616		608		152		124		152		124		
689		14960		0		14865		survived		11.5424		7.94978		617		608		152		124		152		124		
690		14960		0		14865		survived		11.5424		7.94978		618		608		152		124		152		124		
691		14960		0		14865		survived		11.5424		7.94978		619		608		152		124		152		124		
692		14960		0		14865		survived		11.5424		7.94978		620		608		152		124		152		124		
693		14960		0		14865		survived		11.5424		7.94978		621		608		152		124		152		124		
694		14960		0		14865		survived		11.5424		7.94978		622		608		152		124		152		124		
695		14960		0		14865		survived		11.5424		7.94978		623		608		152		124		152		124		
696		14960		0		14865		survived		11.5424		7.94978		624		608		152		124		152		124		
697		14960		0		14865		survived		11.5424		7.94978		625		608		152		124		152		124		
698		14960		0		14865		survived		11.5424		7.94978		626		608		152		124		152		124		
699		14960		0		14865		survived		11.5424		7.94978		627		608		152		124		152		124		
700		14960		0		14865		survived		11.5424		7.94978		628		608		152		124		152		124		
701		14960		0		14865		survived		11.5424		7.94978		629		608		152		124		152		124		
702		14960		0		14865		survived		11.5424		7.94978		630		608		152		124		152		124		
703		14960		0		14865		survived		11.5424		7.94978		631		608		152		124		152		124		
704		14960		0		14865		survived		11.5424		7.94978		632		608		152		124		152		124		
705		14960		0		14865		survived		11.5424		7.94978		633		608		152		124		152		124		
706		14960		0		14865		survived		11.5424		7.94978		634		608		152		124		152		124		
707		14960		0		14865		survived		11.5424		7.94978		635		608		152		124		152		124		
708		14960		0		14865		survived		11.5424		7.94978		636		608		152		124		152		124		
709		14960		0		14865		survived		11.5424		7.94978		637		608		152		124		152		124		
710		14960		0		14865		survived		11.5424		7.94978		638		608		152		124		152		124		
711		14960		0		14865		survived		11.5424		7.94978		639		608		152		124		152		124		
712		14960		0		14865		survived		11.5424		7.94978		640		608		152		124		152		124		
713		14960		0		14865		survived		11.5424		7.94978		641		608		152		124		152		124		
714		14960		0		14865		survived		11.5424		7.94978		642		608		152		124		152		124		
715		14960		0		14865		survived		11.5424		7.94978		643		608		152		124		152		124		
716		14960		0		14865		survived		11.5424		7.94978		644		608		152		124		152		124		
717		14960		0		14865		survived		11.5424		7.94978		645		608		152		124		152		124		
718		14960		0		14865		survived		11.5424		7.94978		646		608		152		124		152		124		
719		14960		0		14865		survived		11.5424		7.94978		647		608		152		124		152		124		
720		14960		0		14865		survived		11.5424		7.94978		648		608		152		124		152		124		
721		14960		0		14865		survived		11.5424		7.94978		649		608		152		124		152		124		
722		14960		0		14865		survived		11.5424		7.94978		650		608		152		124		152		124		
723		14960		0		14865		survived		11.5424		7.94978		651		608		152		124		152		124		
724		14960		0		14865		survived		11.5424		7.94978		652		608		152		124		152		124		
725		14960		0		14865		survived		11.5424		7.94978		653		608		152		124		152		124		
726		14960		0		14865		survived		11.5424		7.94978		654		608		152		124		152		124		
727		14960		0		14865		survived		11.5424		7.94978		655		608		152		124		152		124		
728		14960		0		14865		survived		11.5424		7.94978		656		608		152		124		152		124		
729		14960		0		14865		survived		11.5424		7.94978		657		608		152		124		152		124		
730		14960		0		14865		survived		11.5424		7.94978		658		608		152		124		152		124		
731		14960		0		14865		survived		11.5424		7.94978		659		608		152		124		152		124		
732		14960		0		14865		survived		11.5424		7.94978		660		608		152		124		152		124		
733		14960		0		14865		survived		11.5424		7.94978		661		608		152		124		152		124		
734		14960		0		14865		survived		11.5424		7.94978		662		608		152		124		152		124		
735		14960		0		14865		survived		11.5424		7.94978		663		608		152		124		152		124		
736		14960		0		14865		survived		11.5424		7.94978		664		608		152		124		152		124		
737		14960		0		14865		survived		11.5424		7.94978		665		608		152		124		152		124		
738		14960		0		14865		survived		11.5424		7.94978		666		608		152		124		152		124		
739		14960		0		14865		survived		11.5424		7.94978		667		608		152		124		152		124		
740		14960		0		14865		survived		11.5424		7.94978		668		608		152		124		152		124		
741		14960		0		14865		survived		11.5424		7.94978		669		608		152		124		152		124		
742		14960		0		14865		survived		11.5424		7.94978		670		608		152		124		152		124		
743		14960		0		14865		survived		11.5424		7.94978		671		608		152		124		152		124		
744		14960		0		14865		survived		11.5424		7.94978		672		608		152		124		152		124		
745		14960		0		14865		survived		11.5424		7.94978		673		608		152		124		152		124		
746		14960		0		14865		survived		11.5424		7.94978		674		608		152		124		152		124		
747		14960		0		14865		survived		11.5424		7.94978		675		608		152		124		152		124		
748		14960		0		14865		survived		11.5424		7.94978		676		608		152		124		152		124		
749		14960		0		14865		survived		11.5424		7.94978		677		608		152		124		152		124		
750		14960		0		14865		survived		11.5424		7.94978		678		608		152		124		152		124		
751		14960		0		14865		survived		11.5424		7.94978		679		608		152		124		152		124		
752		14960		0		14865		survived		11.5424		7.94978		680		608		152		124		152		124		
753		14960		0		14865		survived		11.5424		7.94978		681		608		152		124		152		124		
754		14960		0		14865		survived		11.5424		7.94978		682		608		152		124		152		124		
755		14960		0		14865		survived		11.5424		7.94978		683		608		152		124		152		124		
756		14960		0		14865		survived		11.5424		7.94978		684		608		152		124		152		124		
757		14960		0		14865		survived		11.5424		7.94978		685		608		152		124		152		124		
758		14960		0		14865		survived		11.5424		7.94978		686		608		152		124		152		124		
759		14960		0		14865		survived		11.5424		7.94978		687		608		152		124		152		124		
760		14960		0		14865		survived		11.5424		7.94978		688		608		152		124		152		124		
761		14960		0		14865		survived		11.5424		7.94978		689		608		152		124		152		124		
762		14960		0		14865		survived		11.5424		7.94978		690		608		152		124		152		124		
763		14960		0		14865		survived		11.5424		7.94978		691		608		152		124		152		124		
764		14960		0		14865		survived		11.5424		7.94978		692		608		152		124		152		124		
765		14960		0		14865		survived		11.5424		7.94978		693		608		152		124		152		124		
766		14960		0		14865		survived		11.5424		7.94978		694		608		152		124		152		124		
767		14960		0		14865		survived		11.5424		7.94978		695		608		152		124		152		124		
768		14960		0		14865		survived		11.5424		7.94978		696		608		152		124		152		124		
769		14960		0		14865		survived		11.5424		7.94978		697		608		152		124		152		124		
770		14960		0		14865		survived		11.5424		7.94978		698		608		152		124		152		124		
771		14960		0		14865		survived		11.5424		7.94978		699		608		152		124		152		124		
772		14960		0		14865		survived		11.5424		7.94978		700		608		152		124		152		124		
773		14960		0		14865		survived		11.5424		7.94978		701		608		152		124		152		124		
774		14960		0		14865		survived		11.5424		7.94978		702		608		152		124		152		124		
775		14960		0		14865		survived		11.5424		7.94978		703		608		152		124		152		124		
776		14960		0		14865		survived		11.5424		7.94978		704		608		152		124		152		124		
777		14960		0		14865		survived		11.5424		7.94978		705		608		152		124		152		124		
778		14960		0		14865		survived		11.5424		7.94978		706		608		152		124		152		124		
779		14960		0		14865		survived		11.5424		7.94978		707		608		152		124		152		124		
780		14960		0		14865		survived		11.5424		7.94978		708		608		152		124		152		124		
781		14960		0		14865		survived		11.5424		7.94978		709		608		152		124		152		124		
782		14960		0		14865		survived		11.5424		7.94978		710		608		152		124		152		124		
783		14960		0		14865		survived		11.5424		7.94978		711		608		152		124		152		124		
784		14960		0		14865		survived		11.5424		7.94978		712		608		152		124		152		124		
785		14960		0		14865		survived		11.5424		7.94978		713		608		152		124		152		124		
786		14960		0		14865		survived		11.5424		7.94978		714		608		152		124		152		124		
787		14960		0		14865		survived		11.5424		7.94978		715		608		152		124		152		124		
788		14960		0		14865		survived		11.5424		7.94978		716		608		152		124		152		124		
789		14960		0		14865		survived		11.5424		7.94978		717		608		152		124		152		124		
790		14960		0		14865		survived		11.5424		7.94978		718		608		152		124		152		124		
791		14960		0		14865		survived		11.5424		7.94978		719		608		152		124		152		124		
792		14960		0		14865		survived		11.5424		7.94978		720		608		152		124		152		124		
793		14960		0		14865		survived		11.5424		7.94978		721		608		152		124		152		124		
794		14960		0		14865		survived		11.5424		7.94978		722		608		152		124		152		124		
795		14960		0		14865		survived		11.5424		7.94978		723		608		152		124		152		124		
796		14960		0		14865		survived		11.5424		7.94978		724		608		152		124		152		124		
797		14960		0		14865		survived		11.5424		7.94978		725		608		152		124		152		124		
798		14960		0		14865		survived		11.5424		7.94978		726		608		152		124		152		124		
799		14960		0		14865		survived		11.5424		7.94978		727		608		152		124		152		124		
800		14960		0		14865		survived		11.5424		7.94978		728		608		152		124		152		124		
801		14960		0		14865		survived		11.5424		7.94978		729		608		152		124		152		124		
802		14960		0		14865		survived		11.5424		7.94978		730		608		152		124		152		124		
803		14960		0		14865		survived		11.5424		7.94978		731		608		152		124		152		124		
804		14960		0		14865		survived		11.5424		7.94978		732		608		152		124		152		124		
805		14960		0		14865		survived		11.5424		7.94978		733		608		152		124		152		124		
806		14960		0		14865		survived		11.5424		7.94978		734		608		152		124		152		124		
807		14960		0		14865		survived		11.5424		7.94978		735		608		152		124		152		124		
808		14960		0		14865		survived		11.5424		7.94978		736		608		152		124		152		124		
809		14960		0		14865		survived		11.5424		7.94978		737		608		152		124		152		124		
810		14960		0		14865		survived		11.5424		7.94978		738		608		152		124		152		124		
811		14960		0		14865		survived		11.5424		7.94978		739		608		152		124		152		124		
812		17857		0		14960		remove_link		11.7881		11.5424		740		740		152		152		152		152		
813		17857		0		14960		survived		11.7881		11.5424		741		740		152		152		152		152		
814		17857		0		14960		survived		11.7881		11.5424		742		740		152		152		152		152		
815		17857		0		14960		survived		11.7881		11.5424		743		740		152		152		152		152		
816		17857		0		14960		survived		11.7881		11.5424		744		740		152		152		152		152		
817		17857		0		14960		survived		11.7881		11.5424		745		740		152		152		152		152		
818		17857		0		14960		survived		11.7881		11.5424		746		740		152		152		152		152		
819		17857		0		14960		survived		11.7881		11.5424		747		740		152		152		152		152		
820		17857		0		14960		survived		11.7881		11.5424		748		740		152		152		152		152		
821		17857		0		14960		survived		11.7881		11.5424		749		740		152		152		152		152		
822		17857		0		14960		survived		11.7881		11.5424		750		740		152		152		152		152		
823		17857		0		14960		survived		11.7881		11.5424		751		740		152		152		152		152		
824		17857		0		14960		survived		11.7881		11.5424		752		740		152		152		152		152		
825		17857		0		14960		survived		11.7881		11.5424		753		740		152		152		152		152		
826		17857		0		14960		survived		11.7881		11.5424		754		740		152		152		152		152		
827		17857		0		14960		survived		11.7881		11.5424		755		740		152		152		152		152		
828		17857		0		14960		survived		11.7881		11.5424		756		740		152		152		152		152		
829		17857		0		14960		survived		11.7881		11.5424		757		740		152		152		152		152		
830		17857		0		14960		survived		11.7881		11.5424		758		740		152		152		152		152		
831		17857		0		14960		survived		11.7881		11.5424		759		740		152		152		152		152		
832		17857		0		14960		survived		11.7881		11.5424		760		740		152		152		152		152		
833		17857		0		14960		survived		11.7881		11.5424		761		740		152		152		152		152		
834		17857		0		14960		survived		11.7881		11.5424		762		740		152		152		152		152		
835		17857		0		14960		survived		11.7881		11.5424		763		740		152		152		152		152		
836		17857		0		14960		survived		11.7881		11.5424		764		740		152		152		152		152		
837		17857		0		14960		survived		11.7881		11.5424		765		740		152		152		152		152		
838		17857		0		14960		survived		11.7881		11.5424		766		740		152		152		152		152		
839		17857		0		14960		survived		11.7881		11.5424		767		740		152		152		152		152		
840		17857		0		14960		survived		11.7881		11.5424		768		740		152		152		152		152		
841		17857		0		14960		survived		11.7881		11.5424		769		740		152		152		152		152		
842		17857		0		14960		survived		11.7881		11.5424		770		740		152		152		152		152		
843		17857		0		14960		survived		11.7881		11.5424		771		740		152		152		152		152		
844		17857		0		14960		survived		11.7881		11.5424		772		740		152		152		152		152		
845		17857		0		14960		survived		11.7881		11.5424		773		740		152		152		152		152		
846		17857		0		14960		survived		11.7881		11.5424		774		740		152		152		152		152		
847		17857		0		14960		survived		11.7881		11.5424		775		740		152		152		152		152		
848		17857		0		14960		survived		11.7881		11.5424		776		740		152		152		152		152		
849		17857		0		14960		survived		11.7881		11.5424		777		740		152		152		152		152		
850		17857		0		14960		survived		11.7881		11.5424		778		740		152		152		152		152		
851		17857		0		14960		survived		11.7881		11.5424		779		740		152		152		152		152		
852		17857		0		14960		survived		11.7881		11.5424		780		740		152		152		152		152		
853		17857		0		14960		survived		11.7881		11.5424		781		740		152		152		152		152		
854		17857		0		14960		survived		11.7881		11.5424		782		740		152		152		152		152		
855		17857		0		14960		survived		11.7881		11.5424		783		740		152		152		152		152		
856		17857		0		14960		survived		11.7881		11.5424		784		740		152		152		152		152		
857		17857		0		14960		survived		11.7881		11.5424		785		740		152		152		152		152		
858		17857		0		14960		survived		11.7881		11.5424		786		740		152		152		152		152		
859		17857		0		14960		survived		11.7881		11.5424		787		740		152		152		152		152		
860		17857		0		14960		survived		11.7881		11.5424		788		740		152		152		152		152		
861		17857		0		14960		survived		11.7881		11.5424		789		740		152		152		152		152		
862		17857		0		14960		survived		11.7881		11.5424		790		740		152		152		152		152		
863		17857		0		14960		survived		11.7881		11.5424		791		740		152		152		152		152		
864		17857		0		14960		survived		11.7881		11.5424		792		740		152		152		152		152		
865		17857		0		14960		survived		11.7881		11.5424		793		740		152		152		152		152		
866		17857		0		14960		survived		11.7881		11.5424		794		740		152		152		152		152		
867		17857		0		14960		survived		11.7881		11.5424		795		740		152		152		152		152		
868		17857		0		14960		survived		11.7881		11.5424		796		740		152		152		152		152		
869		17857		0		14960		survived		11.7881		11.5424		797		740		152		152		152		152		
870		17857		0		14960		survived		11.7881		11.5424		798		740		152		152		152		152		
871		17857		0		14960		survived		11.7881		11.5424		799		740		152		152		152		152		
872		17857		0		14960		survived		11.7881		11.5424		800		740		152		152		152		152		
873		17857		0		14960		survived		11.7881		11.5424		801		740		152		152		152		152		
874		17857		0		14960		survived		11.7881		11.5424		802		740		152		152		152		152		
875		17857		0		14960		survived		11.7881		11.5424		803		740		152		152		152		152		
876		17857		0		14960		survived		11.7881		11.5424		804		740		152		152		152		152		
877		17857		0		14960		survived		11.7881		11.5424		805		740		152		152		152		152		
878		17857		0		14960		survived		11.7881		11.5424		806		740		152		152		152		152		
879		17857		0		14960		survived		11.7881		11.5424		807		740		152		152		152		152		
880		17857		0		14960		survived		11.7881		11.5424		808		740		152		152		152		152		
881		17857		0		14960		survived		11.7881		11.5424		809		740		152		152		152		152		
882		17857		0		14960		survived		11.7881		11.5424		810		740		152		152		152		152		
883		17857		0		14960		survived		11.7881		11.5424		811		740		152		152		152		152		
884		17857		0		14960		survived		11.7881		11.5424		812		740		152		152		152		152		
885		17857		0		14960		survived		11.7881		11.5424		813		740		152		152		152		152		
886		17857		0		14960		survived		11.7881		11.5424		814		740		152		152		152		152		
887		17857		0		14960		survived		11.7881		11.5424		815		740		152		152		152		152		
888		17857		0		14960		survived		11.7881		11.5424		816		740		152		152		152		152		
889		17857		0		14960		survived		11.7881		11.5424		817		740		152		152		152		152		
890		17857		0		14960		survived		11.7881		11.5424		818		740		152		152		152		152		
891		17857		0		14960		survived		11.7881		11.5424		819		740		152		152		152		152		
892		17857		0		14960		survived		11.7881		11.5424		820		740		152		152		152		152		
893		17857		0		14960		survived		11.7881		11.5424		821		740		152		152		152		152		
894		17857		0		14960		survived		11.7881		11.5424		822		740		152		152		152		152		
895		17857		0		14960		survived		11.7881		11.5424		823		740		152		152		152		152		
896		17857		0		14960		survived		11.7881		11.5424		824		740		152		152		152		152		
897		17857		0		14960		survived		11.7881		11.5424		825		740		152		152		152		152		
898		17857		0		14960		survived		11.7881		11.5424		826		740		152		152		152		152		
899		17857		0		14960		survived		11.7881		11.5424		827		740		152		152		152		152		
900		17857		0		14960		survived		11.7881		11.5424		828		740		152		152		152		152		
901		17857		0		14960		survived		11.7881		11.5424		829		740		152		152		152		152		
902		17857		0		14960		survived		11.7881		11.5424		830		740		152		152		152		152		
903		17857		0		14960		survived		11.7881		11.5424		831		740		152		152		152		152		
904		17857		0		14960		survived		11.7881		11.5424		832		740		152		152		152		152		
905		17857		0		14960		survived		11.7881		11.5424		833		740		152		152		152		152		
906		17857		0		14960		survived		11.7881		11.5424		834		740		152		152		152		152		
907		17857		0		14960		survived		11.7881		11.5424		835		740		152		152		152		152		
908		17857		0		14960		survived		11.7881		11.5424		836		740		152		152		152		152		
909		17857		0		14960		survived		11.7881		11.5424		837		740		152		152		152		152		
910		17857		0		14960		survived		11.7881		11.5424		838		740		152		152		152		152		
911		17857		0		14960		survived		11.7881		11.5424		839		740		152		152		152		152		
912		17857		0		14960		survived		11.7881		11.5424		840		740		152		152		152		152		
913		17857		0		14960		survived		11.7881		11.5424		841		740		152		152		152		152		
914		17857		0		14960		survived		11.7881		11.5424		842		740		152		152		152		152		
915		17857		0		14960		survived		11.7881		11.5424		843		740		152		152		152		152		
916		17857		0		14960		survived		11.7881		11.5424		844		740		152		152		152		152		
917		17857		0		14960		survived		11.7881		11.5424		845		740		152		152		152		152		
918		17857		0		14960		survived		11.7881		11.5424		846		740		152		152		152		152		
919		17857		0		14960		survived		11.7881		11.5424		847		740		152		152		152		152		
920		17857		0		14960		survived		11.7881		11.5424		848		740		152		152		152		152		
921		17857		0		14960		survived		11.7881		11.5424		849		740		152		152		152		152		
922		17857		0		14960		survived		11.7881		11.5424		850		740		152		152		152		152		
923		17857		0		14960		survived		11.7881		11.5424		851		740		152		152		152		152		
924		17857		0		14960		survived		11.7881		11.5424		852		740		152		152		152		152		
925		17857		0		14960		survived		11.7881		11.5424		853		740		152		152		152		152		
926		17857		0		14960		survived		11.7881		11.5424		854		740		152		152		152		152		
927		17857		0		14960		survived		11.7881		11.5424		855		740		152		152		152		152		
928		17857		0		14960		survived		11.7881		11.5424		856		740		152		152		152		152		
