gen		id		dom		parent_id		variation_type		fitness		parent_fitness		age		parent_age		num_voxels		parent_num_voxels		energy		parent_energy		material_different_from_parent		mean_material		mean_parent_material		mean_parent_diff_material
0		10		0		-1		newly_generated		0.190596		-10000000.0		0		10000000.0		166		10000000.0		73		10000000.0		
1		23		0		0		mutate_function(square-to-sin)		0.918822		0.0149995		1		1		216		216		214		216		
2		35		0		22		remove_link		1.69582		0.0259107		2		2		162		116		162		116		
3		53		0		34		remove_link		1.96475		0.0626732		3		3		136		104		136		104		
4		53		0		34		survived		1.96475		0.0626732		4		3		136		104		136		104		
5		53		0		34		survived		1.96475		0.0626732		5		3		136		104		136		104		
6		105		0		53		remove_node		4.05566		1.96475		6		6		84		136		84		136		
7		105		0		53		survived		4.05566		1.96475		7		6		84		136		84		136		
8		105		0		53		survived		4.05566		1.96475		8		6		84		136		84		136		
9		105		0		53		survived		4.05566		1.96475		9		6		84		136		84		136		
10		192		0		-1		newly_generated		4.21859		-10000000.0		0		10000000.0		216		10000000.0		216		10000000.0		
11		206		0		192		remove_node		4.44263		4.21859		1		1		216		216		216		216		
12		216		0		206		add_link		4.88972		4.44263		2		2		216		216		216		216		
13		216		0		206		survived		4.88972		4.44263		3		2		216		216		216		216		
14		216		0		206		survived		4.88972		4.44263		4		2		216		216		216		216		
15		216		0		206		survived		4.88972		4.44263		5		2		216		216		216		216		
16		285		0		216		remove_node		5.86847		4.88972		6		6		216		216		216		216		
17		285		0		216		survived		5.86847		4.88972		7		6		216		216		216		216		
18		285		0		216		survived		5.86847		4.88972		8		6		216		216		216		216		
19		285		0		216		survived		5.86847		4.88972		9		6		216		216		216		216		
20		285		0		216		survived		5.86847		4.88972		10		6		216		216		216		216		
21		285		0		216		survived		5.86847		4.88972		11		6		216		216		216		216		
22		285		0		216		survived		5.86847		4.88972		12		6		216		216		216		216		
23		412		0		285		remove_link		6.1904		5.86847		13		13		216		216		216		216		
24		412		0		285		survived		6.1904		5.86847		14		13		216		216		216		216		
25		412		0		285		survived		6.1904		5.86847		15		13		216		216		216		216		
26		412		0		285		survived		6.1904		5.86847		16		13		216		216		216		216		
27		412		0		285		survived		6.1904		5.86847		17		13		216		216		216		216		
28		412		0		285		survived		6.1904		5.86847		18		13		216		216		216		216		
29		412		0		285		survived		6.1904		5.86847		19		13		216		216		216		216		
30		412		0		285		survived		6.1904		5.86847		20		13		216		216		216		216		
31		412		0		285		survived		6.1904		5.86847		21		13		216		216		216		216		
32		412		0		285		survived		6.1904		5.86847		22		13		216		216		216		216		
33		412		0		285		survived		6.1904		5.86847		23		13		216		216		216		216		
34		412		0		285		survived		6.1904		5.86847		24		13		216		216		216		216		
35		412		0		285		survived		6.1904		5.86847		25		13		216		216		216		216		
36		412		0		285		survived		6.1904		5.86847		26		13		216		216		216		216		
37		412		0		285		survived		6.1904		5.86847		27		13		216		216		216		216		
38		412		0		285		survived		6.1904		5.86847		28		13		216		216		216		216		
39		412		0		285		survived		6.1904		5.86847		29		13		216		216		216		216		
40		412		0		285		survived		6.1904		5.86847		30		13		216		216		216		216		
41		739		0		412		add_link		6.19304		6.1904		31		31		216		216		216		216		
42		739		0		412		survived		6.19304		6.1904		32		31		216		216		216		216		
43		739		0		412		survived		6.19304		6.1904		33		31		216		216		216		216		
44		739		0		412		survived		6.19304		6.1904		34		31		216		216		216		216		
45		739		0		412		survived		6.19304		6.1904		35		31		216		216		216		216		
46		739		0		412		survived		6.19304		6.1904		36		31		216		216		216		216		
47		739		0		412		survived		6.19304		6.1904		37		31		216		216		216		216		
48		739		0		412		survived		6.19304		6.1904		38		31		216		216		216		216		
49		739		0		412		survived		6.19304		6.1904		39		31		216		216		216		216		
50		739		0		412		survived		6.19304		6.1904		40		31		216		216		216		216		
51		739		0		412		survived		6.19304		6.1904		41		31		216		216		216		216		
52		739		0		412		survived		6.19304		6.1904		42		31		216		216		216		216		
53		739		0		412		survived		6.19304		6.1904		43		31		216		216		216		216		
54		739		0		412		survived		6.19304		6.1904		44		31		216		216		216		216		
55		739		0		412		survived		6.19304		6.1904		45		31		216		216		216		216		
56		739		0		412		survived		6.19304		6.1904		46		31		216		216		216		216		
57		739		0		412		survived		6.19304		6.1904		47		31		216		216		216		216		
58		739		0		412		survived		6.19304		6.1904		48		31		216		216		216		216		
59		739		0		412		survived		6.19304		6.1904		49		31		216		216		216		216		
60		739		0		412		survived		6.19304		6.1904		50		31		216		216		216		216		
61		739		0		412		survived		6.19304		6.1904		51		31		216		216		216		216		
62		739		0		412		survived		6.19304		6.1904		52		31		216		216		216		216		
63		739		0		412		survived		6.19304		6.1904		53		31		216		216		216		216		
64		739		0		412		survived		6.19304		6.1904		54		31		216		216		216		216		
65		739		0		412		survived		6.19304		6.1904		55		31		216		216		216		216		
66		739		0		412		survived		6.19304		6.1904		56		31		216		216		216		216		
67		739		0		412		survived		6.19304		6.1904		57		31		216		216		216		216		
68		739		0		412		survived		6.19304		6.1904		58		31		216		216		216		216		
69		739		0		412		survived		6.19304		6.1904		59		31		216		216		216		216		
70		739		0		412		survived		6.19304		6.1904		60		31		216		216		216		216		
71		739		0		412		survived		6.19304		6.1904		61		31		216		216		216		216		
72		739		0		412		survived		6.19304		6.1904		62		31		216		216		216		216		
73		739		0		412		survived		6.19304		6.1904		63		31		216		216		216		216		
74		739		0		412		survived		6.19304		6.1904		64		31		216		216		216		216		
75		739		0		412		survived		6.19304		6.1904		65		31		216		216		216		216		
76		739		0		412		survived		6.19304		6.1904		66		31		216		216		216		216		
77		739		0		412		survived		6.19304		6.1904		67		31		216		216		216		216		
78		739		0		412		survived		6.19304		6.1904		68		31		216		216		216		216		
79		739		0		412		survived		6.19304		6.1904		69		31		216		216		216		216		
80		739		0		412		survived		6.19304		6.1904		70		31		216		216		216		216		
81		739		0		412		survived		6.19304		6.1904		71		31		216		216		216		216		
82		739		0		412		survived		6.19304		6.1904		72		31		216		216		216		216		
83		739		0		412		survived		6.19304		6.1904		73		31		216		216		216		216		
84		739		0		412		survived		6.19304		6.1904		74		31		216		216		216		216		
85		739		0		412		survived		6.19304		6.1904		75		31		216		216		216		216		
86		739		0		412		survived		6.19304		6.1904		76		31		216		216		216		216		
87		739		0		412		survived		6.19304		6.1904		77		31		216		216		216		216		
88		739		0		412		survived		6.19304		6.1904		78		31		216		216		216		216		
89		739		0		412		survived		6.19304		6.1904		79		31		216		216		216		216		
90		739		0		412		survived		6.19304		6.1904		80		31		216		216		216		216		
91		739		0		412		survived		6.19304		6.1904		81		31		216		216		216		216		
92		739		0		412		survived		6.19304		6.1904		82		31		216		216		216		216		
93		739		0		412		survived		6.19304		6.1904		83		31		216		216		216		216		
94		739		0		412		survived		6.19304		6.1904		84		31		216		216		216		216		
95		739		0		412		survived		6.19304		6.1904		85		31		216		216		216		216		
96		739		0		412		survived		6.19304		6.1904		86		31		216		216		216		216		
97		739		0		412		survived		6.19304		6.1904		87		31		216		216		216		216		
98		739		0		412		survived		6.19304		6.1904		88		31		216		216		216		216		
99		739		0		412		survived		6.19304		6.1904		89		31		216		216		216		216		
100		739		0		412		survived		6.19304		6.1904		90		31		216		216		216		216		
101		739		0		412		survived		6.19304		6.1904		91		31		216		216		216		216		
102		739		0		412		survived		6.19304		6.1904		92		31		216		216		216		216		
103		739		0		412		survived		6.19304		6.1904		93		31		216		216		216		216		
104		739		0		412		survived		6.19304		6.1904		94		31		216		216		216		216		
105		739		0		412		survived		6.19304		6.1904		95		31		216		216		216		216		
106		739		0		412		survived		6.19304		6.1904		96		31		216		216		216		216		
107		739		0		412		survived		6.19304		6.1904		97		31		216		216		216		216		
108		739		0		412		survived		6.19304		6.1904		98		31		216		216		216		216		
109		739		0		412		survived		6.19304		6.1904		99		31		216		216		216		216		
110		739		0		412		survived		6.19304		6.1904		100		31		216		216		216		216		
111		739		0		412		survived		6.19304		6.1904		101		31		216		216		216		216		
112		739		0		412		survived		6.19304		6.1904		102		31		216		216		216		216		
113		739		0		412		survived		6.19304		6.1904		103		31		216		216		216		216		
114		739		0		412		survived		6.19304		6.1904		104		31		216		216		216		216		
115		739		0		412		survived		6.19304		6.1904		105		31		216		216		216		216		
116		739		0		412		survived		6.19304		6.1904		106		31		216		216		216		216		
117		739		0		412		survived		6.19304		6.1904		107		31		216		216		216		216		
118		739		0		412		survived		6.19304		6.1904		108		31		216		216		216		216		
119		739		0		412		survived		6.19304		6.1904		109		31		216		216		216		216		
120		739		0		412		survived		6.19304		6.1904		110		31		216		216		216		216		
121		739		0		412		survived		6.19304		6.1904		111		31		216		216		216		216		
122		739		0		412		survived		6.19304		6.1904		112		31		216		216		216		216		
123		739		0		412		survived		6.19304		6.1904		113		31		216		216		216		216		
124		739		0		412		survived		6.19304		6.1904		114		31		216		216		216		216		
125		739		0		412		survived		6.19304		6.1904		115		31		216		216		216		216		
126		739		0		412		survived		6.19304		6.1904		116		31		216		216		216		216		
127		739		0		412		survived		6.19304		6.1904		117		31		216		216		216		216		
128		739		0		412		survived		6.19304		6.1904		118		31		216		216		216		216		
129		739		0		412		survived		6.19304		6.1904		119		31		216		216		216		216		
130		739		0		412		survived		6.19304		6.1904		120		31		216		216		216		216		
131		739		0		412		survived		6.19304		6.1904		121		31		216		216		216		216		
132		739		0		412		survived		6.19304		6.1904		122		31		216		216		216		216		
133		739		0		412		survived		6.19304		6.1904		123		31		216		216		216		216		
134		739		0		412		survived		6.19304		6.1904		124		31		216		216		216		216		
135		739		0		412		survived		6.19304		6.1904		125		31		216		216		216		216		
136		739		0		412		survived		6.19304		6.1904		126		31		216		216		216		216		
137		739		0		412		survived		6.19304		6.1904		127		31		216		216		216		216		
138		739		0		412		survived		6.19304		6.1904		128		31		216		216		216		216		
139		739		0		412		survived		6.19304		6.1904		129		31		216		216		216		216		
140		739		0		412		survived		6.19304		6.1904		130		31		216		216		216		216		
141		739		0		412		survived		6.19304		6.1904		131		31		216		216		216		216		
142		739		0		412		survived		6.19304		6.1904		132		31		216		216		216		216		
143		739		0		412		survived		6.19304		6.1904		133		31		216		216		216		216		
144		739		0		412		survived		6.19304		6.1904		134		31		216		216		216		216		
145		739		0		412		survived		6.19304		6.1904		135		31		216		216		216		216		
146		739		0		412		survived		6.19304		6.1904		136		31		216		216		216		216		
147		739		0		412		survived		6.19304		6.1904		137		31		216		216		216		216		
148		739		0		412		survived		6.19304		6.1904		138		31		216		216		216		216		
149		739		0		412		survived		6.19304		6.1904		139		31		216		216		216		216		
150		739		0		412		survived		6.19304		6.1904		140		31		216		216		216		216		
151		739		0		412		survived		6.19304		6.1904		141		31		216		216		216		216		
152		739		0		412		survived		6.19304		6.1904		142		31		216		216		216		216		
153		739		0		412		survived		6.19304		6.1904		143		31		216		216		216		216		
154		739		0		412		survived		6.19304		6.1904		144		31		216		216		216		216		
155		739		0		412		survived		6.19304		6.1904		145		31		216		216		216		216		
156		739		0		412		survived		6.19304		6.1904		146		31		216		216		216		216		
157		739		0		412		survived		6.19304		6.1904		147		31		216		216		216		216		
158		739		0		412		survived		6.19304		6.1904		148		31		216		216		216		216		
159		739		0		412		survived		6.19304		6.1904		149		31		216		216		216		216		
160		739		0		412		survived		6.19304		6.1904		150		31		216		216		216		216		
161		739		0		412		survived		6.19304		6.1904		151		31		216		216		216		216		
162		739		0		412		survived		6.19304		6.1904		152		31		216		216		216		216		
163		739		0		412		survived		6.19304		6.1904		153		31		216		216		216		216		
164		739		0		412		survived		6.19304		6.1904		154		31		216		216		216		216		
165		739		0		412		survived		6.19304		6.1904		155		31		216		216		216		216		
166		739		0		412		survived		6.19304		6.1904		156		31		216		216		216		216		
167		739		0		412		survived		6.19304		6.1904		157		31		216		216		216		216		
168		739		0		412		survived		6.19304		6.1904		158		31		216		216		216		216		
169		739		0		412		survived		6.19304		6.1904		159		31		216		216		216		216		
170		739		0		412		survived		6.19304		6.1904		160		31		216		216		216		216		
171		739		0		412		survived		6.19304		6.1904		161		31		216		216		216		216		
172		739		0		412		survived		6.19304		6.1904		162		31		216		216		216		216		
173		739		0		412		survived		6.19304		6.1904		163		31		216		216		216		216		
174		739		0		412		survived		6.19304		6.1904		164		31		216		216		216		216		
175		739		0		412		survived		6.19304		6.1904		165		31		216		216		216		216		
176		739		0		412		survived		6.19304		6.1904		166		31		216		216		216		216		
177		739		0		412		survived		6.19304		6.1904		167		31		216		216		216		216		
178		739		0		412		survived		6.19304		6.1904		168		31		216		216		216		216		
179		739		0		412		survived		6.19304		6.1904		169		31		216		216		216		216		
180		739		0		412		survived		6.19304		6.1904		170		31		216		216		216		216		
181		739		0		412		survived		6.19304		6.1904		171		31		216		216		216		216		
182		739		0		412		survived		6.19304		6.1904		172		31		216		216		216		216		
183		739		0		412		survived		6.19304		6.1904		173		31		216		216		216		216		
184		739		0		412		survived		6.19304		6.1904		174		31		216		216		216		216		
185		739		0		412		survived		6.19304		6.1904		175		31		216		216		216		216		
186		739		0		412		survived		6.19304		6.1904		176		31		216		216		216		216		
187		739		0		412		survived		6.19304		6.1904		177		31		216		216		216		216		
188		739		0		412		survived		6.19304		6.1904		178		31		216		216		216		216		
189		739		0		412		survived		6.19304		6.1904		179		31		216		216		216		216		
190		739		0		412		survived		6.19304		6.1904		180		31		216		216		216		216		
191		739		0		412		survived		6.19304		6.1904		181		31		216		216		216		216		
192		739		0		412		survived		6.19304		6.1904		182		31		216		216		216		216		
193		739		0		412		survived		6.19304		6.1904		183		31		216		216		216		216		
194		739		0		412		survived		6.19304		6.1904		184		31		216		216		216		216		
195		739		0		412		survived		6.19304		6.1904		185		31		216		216		216		216		
196		739		0		412		survived		6.19304		6.1904		186		31		216		216		216		216		
197		739		0		412		survived		6.19304		6.1904		187		31		216		216		216		216		
198		739		0		412		survived		6.19304		6.1904		188		31		216		216		216		216		
199		739		0		412		survived		6.19304		6.1904		189		31		216		216		216		216		
200		739		0		412		survived		6.19304		6.1904		190		31		216		216		216		216		
201		739		0		412		survived		6.19304		6.1904		191		31		216		216		216		216		
202		739		0		412		survived		6.19304		6.1904		192		31		216		216		216		216		
203		739		0		412		survived		6.19304		6.1904		193		31		216		216		216		216		
204		739		0		412		survived		6.19304		6.1904		194		31		216		216		216		216		
205		739		0		412		survived		6.19304		6.1904		195		31		216		216		216		216		
206		739		0		412		survived		6.19304		6.1904		196		31		216		216		216		216		
207		739		0		412		survived		6.19304		6.1904		197		31		216		216		216		216		
208		739		0		412		survived		6.19304		6.1904		198		31		216		216		216		216		
209		739		0		412		survived		6.19304		6.1904		199		31		216		216		216		216		
210		739		0		412		survived		6.19304		6.1904		200		31		216		216		216		216		
211		739		0		412		survived		6.19304		6.1904		201		31		216		216		216		216		
212		739		0		412		survived		6.19304		6.1904		202		31		216		216		216		216		
213		739		0		412		survived		6.19304		6.1904		203		31		216		216		216		216		
214		739		0		412		survived		6.19304		6.1904		204		31		216		216		216		216		
215		739		0		412		survived		6.19304		6.1904		205		31		216		216		216		216		
216		739		0		412		survived		6.19304		6.1904		206		31		216		216		216		216		
217		739		0		412		survived		6.19304		6.1904		207		31		216		216		216		216		
218		739		0		412		survived		6.19304		6.1904		208		31		216		216		216		216		
219		739		0		412		survived		6.19304		6.1904		209		31		216		216		216		216		
220		739		0		412		survived		6.19304		6.1904		210		31		216		216		216		216		
221		739		0		412		survived		6.19304		6.1904		211		31		216		216		216		216		
222		739		0		412		survived		6.19304		6.1904		212		31		216		216		216		216		
223		739		0		412		survived		6.19304		6.1904		213		31		216		216		216		216		
224		739		0		412		survived		6.19304		6.1904		214		31		216		216		216		216		
225		739		0		412		survived		6.19304		6.1904		215		31		216		216		216		216		
226		739		0		412		survived		6.19304		6.1904		216		31		216		216		216		216		
227		739		0		412		survived		6.19304		6.1904		217		31		216		216		216		216		
228		739		0		412		survived		6.19304		6.1904		218		31		216		216		216		216		
229		739		0		412		survived		6.19304		6.1904		219		31		216		216		216		216		
230		739		0		412		survived		6.19304		6.1904		220		31		216		216		216		216		
231		739		0		412		survived		6.19304		6.1904		221		31		216		216		216		216		
232		739		0		412		survived		6.19304		6.1904		222		31		216		216		216		216		
233		739		0		412		survived		6.19304		6.1904		223		31		216		216		216		216		
234		739		0		412		survived		6.19304		6.1904		224		31		216		216		216		216		
235		739		0		412		survived		6.19304		6.1904		225		31		216		216		216		216		
236		739		0		412		survived		6.19304		6.1904		226		31		216		216		216		216		
237		739		0		412		survived		6.19304		6.1904		227		31		216		216		216		216		
238		739		0		412		survived		6.19304		6.1904		228		31		216		216		216		216		
239		739		0		412		survived		6.19304		6.1904		229		31		216		216		216		216		
240		739		0		412		survived		6.19304		6.1904		230		31		216		216		216		216		
241		739		0		412		survived		6.19304		6.1904		231		31		216		216		216		216		
242		739		0		412		survived		6.19304		6.1904		232		31		216		216		216		216		
243		739		0		412		survived		6.19304		6.1904		233		31		216		216		216		216		
244		739		0		412		survived		6.19304		6.1904		234		31		216		216		216		216		
245		739		0		412		survived		6.19304		6.1904		235		31		216		216		216		216		
246		739		0		412		survived		6.19304		6.1904		236		31		216		216		216		216		
247		739		0		412		survived		6.19304		6.1904		237		31		216		216		216		216		
248		739		0		412		survived		6.19304		6.1904		238		31		216		216		216		216		
249		739		0		412		survived		6.19304		6.1904		239		31		216		216		216		216		
250		739		0		412		survived		6.19304		6.1904		240		31		216		216		216		216		
251		739		0		412		survived		6.19304		6.1904		241		31		216		216		216		216		
252		739		0		412		survived		6.19304		6.1904		242		31		216		216		216		216		
253		739		0		412		survived		6.19304		6.1904		243		31		216		216		216		216		
254		739		0		412		survived		6.19304		6.1904		244		31		216		216		216		216		
255		739		0		412		survived		6.19304		6.1904		245		31		216		216		216		216		
256		739		0		412		survived		6.19304		6.1904		246		31		216		216		216		216		
257		739		0		412		survived		6.19304		6.1904		247		31		216		216		216		216		
258		739		0		412		survived		6.19304		6.1904		248		31		216		216		216		216		
259		739		0		412		survived		6.19304		6.1904		249		31		216		216		216		216		
260		739		0		412		survived		6.19304		6.1904		250		31		216		216		216		216		
261		739		0		412		survived		6.19304		6.1904		251		31		216		216		216		216		
262		739		0		412		survived		6.19304		6.1904		252		31		216		216		216		216		
263		739		0		412		survived		6.19304		6.1904		253		31		216		216		216		216		
264		739		0		412		survived		6.19304		6.1904		254		31		216		216		216		216		
265		739		0		412		survived		6.19304		6.1904		255		31		216		216		216		216		
266		739		0		412		survived		6.19304		6.1904		256		31		216		216		216		216		
267		739		0		412		survived		6.19304		6.1904		257		31		216		216		216		216		
268		739		0		412		survived		6.19304		6.1904		258		31		216		216		216		216		
269		739		0		412		survived		6.19304		6.1904		259		31		216		216		216		216		
270		739		0		412		survived		6.19304		6.1904		260		31		216		216		216		216		
271		739		0		412		survived		6.19304		6.1904		261		31		216		216		216		216		
272		739		0		412		survived		6.19304		6.1904		262		31		216		216		216		216		
273		739		0		412		survived		6.19304		6.1904		263		31		216		216		216		216		
274		739		0		412		survived		6.19304		6.1904		264		31		216		216		216		216		
275		739		0		412		survived		6.19304		6.1904		265		31		216		216		216		216		
276		739		0		412		survived		6.19304		6.1904		266		31		216		216		216		216		
277		739		0		412		survived		6.19304		6.1904		267		31		216		216		216		216		
278		739		0		412		survived		6.19304		6.1904		268		31		216		216		216		216		
279		739		0		412		survived		6.19304		6.1904		269		31		216		216		216		216		
280		739		0		412		survived		6.19304		6.1904		270		31		216		216		216		216		
281		739		0		412		survived		6.19304		6.1904		271		31		216		216		216		216		
282		739		0		412		survived		6.19304		6.1904		272		31		216		216		216		216		
283		739		0		412		survived		6.19304		6.1904		273		31		216		216		216		216		
284		739		0		412		survived		6.19304		6.1904		274		31		216		216		216		216		
285		739		0		412		survived		6.19304		6.1904		275		31		216		216		216		216		
286		739		0		412		survived		6.19304		6.1904		276		31		216		216		216		216		
287		739		0		412		survived		6.19304		6.1904		277		31		216		216		216		216		
288		739		0		412		survived		6.19304		6.1904		278		31		216		216		216		216		
289		739		0		412		survived		6.19304		6.1904		279		31		216		216		216		216		
290		739		0		412		survived		6.19304		6.1904		280		31		216		216		216		216		
291		739		0		412		survived		6.19304		6.1904		281		31		216		216		216		216		
292		739		0		412		survived		6.19304		6.1904		282		31		216		216		216		216		
293		739		0		412		survived		6.19304		6.1904		283		31		216		216		216		216		
294		739		0		412		survived		6.19304		6.1904		284		31		216		216		216		216		
295		739		0		412		survived		6.19304		6.1904		285		31		216		216		216		216		
296		739		0		412		survived		6.19304		6.1904		286		31		216		216		216		216		
297		739		0		412		survived		6.19304		6.1904		287		31		216		216		216		216		
298		739		0		412		survived		6.19304		6.1904		288		31		216		216		216		216		
299		739		0		412		survived		6.19304		6.1904		289		31		216		216		216		216		
300		739		0		412		survived		6.19304		6.1904		290		31		216		216		216		216		
301		739		0		412		survived		6.19304		6.1904		291		31		216		216		216		216		
302		739		0		412		survived		6.19304		6.1904		292		31		216		216		216		216		
303		739		0		412		survived		6.19304		6.1904		293		31		216		216		216		216		
304		739		0		412		survived		6.19304		6.1904		294		31		216		216		216		216		
305		5492		0		5480		remove_node		6.22174		6.16971		278		278		146		145		146		145		
306		5492		0		5480		survived		6.22174		6.16971		279		278		146		145		146		145		
307		5492		0		5480		survived		6.22174		6.16971		280		278		146		145		146		145		
308		5492		0		5480		survived		6.22174		6.16971		281		278		146		145		146		145		
309		5492		0		5480		survived		6.22174		6.16971		282		278		146		145		146		145		
310		5492		0		5480		survived		6.22174		6.16971		283		278		146		145		146		145		
311		5492		0		5480		survived		6.22174		6.16971		284		278		146		145		146		145		
312		5492		0		5480		survived		6.22174		6.16971		285		278		146		145		146		145		
313		5492		0		5480		survived		6.22174		6.16971		286		278		146		145		146		145		
314		5492		0		5480		survived		6.22174		6.16971		287		278		146		145		146		145		
315		5492		0		5480		survived		6.22174		6.16971		288		278		146		145		146		145		
316		5492		0		5480		survived		6.22174		6.16971		289		278		146		145		146		145		
317		5492		0		5480		survived		6.22174		6.16971		290		278		146		145		146		145		
318		5492		0		5480		survived		6.22174		6.16971		291		278		146		145		146		145		
319		5492		0		5480		survived		6.22174		6.16971		292		278		146		145		146		145		
320		5492		0		5480		survived		6.22174		6.16971		293		278		146		145		146		145		
321		5492		0		5480		survived		6.22174		6.16971		294		278		146		145		146		145		
322		5492		0		5480		survived		6.22174		6.16971		295		278		146		145		146		145		
323		5492		0		5480		survived		6.22174		6.16971		296		278		146		145		146		145		
324		5839		0		5480		remove_node		6.22174		6.16971		297		297		145		145		145		145		
325		5839		0		5480		survived		6.22174		6.16971		298		297		145		145		145		145		
326		5839		0		5480		survived		6.22174		6.16971		299		297		145		145		145		145		
327		5839		0		5480		survived		6.22174		6.16971		300		297		145		145		145		145		
328		5839		0		5480		survived		6.22174		6.16971		301		297		145		145		145		145		
329		5839		0		5480		survived		6.22174		6.16971		302		297		145		145		145		145		
330		5839		0		5480		survived		6.22174		6.16971		303		297		145		145		145		145		
331		5839		0		5480		survived		6.22174		6.16971		304		297		145		145		145		145		
332		5839		0		5480		survived		6.22174		6.16971		305		297		145		145		145		145		
333		5839		0		5480		survived		6.22174		6.16971		306		297		145		145		145		145		
334		5839		0		5480		survived		6.22174		6.16971		307		297		145		145		145		145		
335		5839		0		5480		survived		6.22174		6.16971		308		297		145		145		145		145		
336		5839		0		5480		survived		6.22174		6.16971		309		297		145		145		145		145		
337		5839		0		5480		survived		6.22174		6.16971		310		297		145		145		145		145		
338		5839		0		5480		survived		6.22174		6.16971		311		297		145		145		145		145		
339		5839		0		5480		survived		6.22174		6.16971		312		297		145		145		145		145		
340		5839		0		5480		survived		6.22174		6.16971		313		297		145		145		145		145		
341		5839		0		5480		survived		6.22174		6.16971		314		297		145		145		145		145		
342		5839		0		5480		survived		6.22174		6.16971		315		297		145		145		145		145		
343		5839		0		5480		survived		6.22174		6.16971		316		297		145		145		145		145		
344		5839		0		5480		survived		6.22174		6.16971		317		297		145		145		145		145		
345		5839		0		5480		survived		6.22174		6.16971		318		297		145		145		145		145		
346		5839		0		5480		survived		6.22174		6.16971		319		297		145		145		145		145		
347		5839		0		5480		survived		6.22174		6.16971		320		297		145		145		145		145		
348		5839		0		5480		survived		6.22174		6.16971		321		297		145		145		145		145		
349		5839		0		5480		survived		6.22174		6.16971		322		297		145		145		145		145		
350		5839		0		5480		survived		6.22174		6.16971		323		297		145		145		145		145		
351		5839		0		5480		survived		6.22174		6.16971		324		297		145		145		145		145		
352		5839		0		5480		survived		6.22174		6.16971		325		297		145		145		145		145		
353		6363		0		6324		remove_node		6.39903		5.74707		13		13		216		216		216		216		
354		6363		0		6324		survived		6.39903		5.74707		14		13		216		216		216		216		
355		6363		0		6324		survived		6.39903		5.74707		15		13		216		216		216		216		
356		6363		0		6324		survived		6.39903		5.74707		16		13		216		216		216		216		
357		6363		0		6324		survived		6.39903		5.74707		17		13		216		216		216		216		
358		6363		0		6324		survived		6.39903		5.74707		18		13		216		216		216		216		
359		6363		0		6324		survived		6.39903		5.74707		19		13		216		216		216		216		
360		6363		0		6324		survived		6.39903		5.74707		20		13		216		216		216		216		
361		6363		0		6324		survived		6.39903		5.74707		21		13		216		216		216		216		
362		6363		0		6324		survived		6.39903		5.74707		22		13		216		216		216		216		
363		6363		0		6324		survived		6.39903		5.74707		23		13		216		216		216		216		
364		6553		0		6343		add_node		6.39903		5.09194		24		24		210		210		210		210		
365		6553		0		6343		survived		6.39903		5.09194		25		24		210		210		210		210		
366		6553		0		6343		survived		6.39903		5.09194		26		24		210		210		210		210		
367		6612		0		6561		remove_link		6.39903		5.12781		27		27		208		208		208		208		
368		6612		0		6561		survived		6.39903		5.12781		28		27		208		208		208		208		
369		6612		0		6561		survived		6.39903		5.12781		29		27		208		208		208		208		
370		6659		0		6502		mutate_function(sin-to-sqrt_abs)		6.39903		4.64018		30		30		192		192		192		192		
371		6659		0		6502		survived		6.39903		4.64018		31		30		192		192		192		192		
372		6659		0		6502		survived		6.39903		4.64018		32		30		192		192		192		192		
373		6659		0		6502		survived		6.39903		4.64018		33		30		192		192		192		192		
374		6659		0		6502		survived		6.39903		4.64018		34		30		192		192		192		192		
375		6659		0		6502		survived		6.39903		4.64018		35		30		192		192		192		192		
376		6659		0		6502		survived		6.39903		4.64018		36		30		192		192		192		192		
377		6659		0		6502		survived		6.39903		4.64018		37		30		192		192		192		192		
378		6659		0		6502		survived		6.39903		4.64018		38		30		192		192		192		192		
379		6659		0		6502		survived		6.39903		4.64018		39		30		192		192		192		192		
380		6659		0		6502		survived		6.39903		4.64018		40		30		192		192		192		192		
381		6659		0		6502		survived		6.39903		4.64018		41		30		192		192		192		192		
382		6659		0		6502		survived		6.39903		4.64018		42		30		192		192		192		192		
383		6659		0		6502		survived		6.39903		4.64018		43		30		192		192		192		192		
384		6659		0		6502		survived		6.39903		4.64018		44		30		192		192		192		192		
385		6659		0		6502		survived		6.39903		4.64018		45		30		192		192		192		192		
386		6659		0		6502		survived		6.39903		4.64018		46		30		192		192		192		192		
387		6968		0		6937		remove_link		6.39903		6.39083		47		47		192		192		192		192		
388		6968		0		6937		survived		6.39903		6.39083		48		47		192		192		192		192		
389		6968		0		6937		survived		6.39903		6.39083		49		47		192		192		192		192		
390		6968		0		6937		survived		6.39903		6.39083		50		47		192		192		192		192		
391		6968		0		6937		survived		6.39903		6.39083		51		47		192		192		192		192		
392		6968		0		6937		survived		6.39903		6.39083		52		47		192		192		192		192		
393		6968		0		6937		survived		6.39903		6.39083		53		47		192		192		192		192		
394		6968		0		6937		survived		6.39903		6.39083		54		47		192		192		192		192		
395		6968		0		6937		survived		6.39903		6.39083		55		47		192		192		192		192		
396		6968		0		6937		survived		6.39903		6.39083		56		47		192		192		192		192		
397		6968		0		6937		survived		6.39903		6.39083		57		47		192		192		192		192		
398		6968		0		6937		survived		6.39903		6.39083		58		47		192		192		192		192		
399		6968		0		6937		survived		6.39903		6.39083		59		47		192		192		192		192		
400		6968		0		6937		survived		6.39903		6.39083		60		47		192		192		192		192		
401		6968		0		6937		survived		6.39903		6.39083		61		47		192		192		192		192		
402		6968		0		6937		survived		6.39903		6.39083		62		47		192		192		192		192		
403		6968		0		6937		survived		6.39903		6.39083		63		47		192		192		192		192		
404		6968		0		6937		survived		6.39903		6.39083		64		47		192		192		192		192		
405		6968		0		6937		survived		6.39903		6.39083		65		47		192		192		192		192		
406		6968		0		6937		survived		6.39903		6.39083		66		47		192		192		192		192		
407		6968		0		6937		survived		6.39903		6.39083		67		47		192		192		192		192		
408		6968		0		6937		survived		6.39903		6.39083		68		47		192		192		192		192		
409		6968		0		6937		survived		6.39903		6.39083		69		47		192		192		192		192		
410		6968		0		6937		survived		6.39903		6.39083		70		47		192		192		192		192		
411		6968		0		6937		survived		6.39903		6.39083		71		47		192		192		192		192		
412		6968		0		6937		survived		6.39903		6.39083		72		47		192		192		192		192		
413		6968		0		6937		survived		6.39903		6.39083		73		47		192		192		192		192		
414		6968		0		6937		survived		6.39903		6.39083		74		47		192		192		192		192		
415		6968		0		6937		survived		6.39903		6.39083		75		47		192		192		192		192		
416		6968		0		6937		survived		6.39903		6.39083		76		47		192		192		192		192		
417		6968		0		6937		survived		6.39903		6.39083		77		47		192		192		192		192		
418		6968		0		6937		survived		6.39903		6.39083		78		47		192		192		192		192		
419		6968		0		6937		survived		6.39903		6.39083		79		47		192		192		192		192		
420		6968		0		6937		survived		6.39903		6.39083		80		47		192		192		192		192		
421		6968		0		6937		survived		6.39903		6.39083		81		47		192		192		192		192		
422		6968		0		6937		survived		6.39903		6.39083		82		47		192		192		192		192		
423		6968		0		6937		survived		6.39903		6.39083		83		47		192		192		192		192		
424		6968		0		6937		survived		6.39903		6.39083		84		47		192		192		192		192		
425		7647		0		7643		add_link		6.52799		6.28023		15		15		216		216		216		216		
426		7647		0		7643		survived		6.52799		6.28023		16		15		216		216		216		216		
427		7647		0		7643		survived		6.52799		6.28023		17		15		216		216		216		216		
428		7647		0		7643		survived		6.52799		6.28023		18		15		216		216		216		216		
429		7647		0		7643		survived		6.52799		6.28023		19		15		216		216		216		216		
430		7647		0		7643		survived		6.52799		6.28023		20		15		216		216		216		216		
431		7647		0		7643		survived		6.52799		6.28023		21		15		216		216		216		216		
432		7647		0		7643		survived		6.52799		6.28023		22		15		216		216		216		216		
433		7647		0		7643		survived		6.52799		6.28023		23		15		216		216		216		216		
434		7647		0		7643		survived		6.52799		6.28023		24		15		216		216		216		216		
435		7647		0		7643		survived		6.52799		6.28023		25		15		216		216		216		216		
436		7647		0		7643		survived		6.52799		6.28023		26		15		216		216		216		216		
437		7647		0		7643		survived		6.52799		6.28023		27		15		216		216		216		216		
438		7647		0		7643		survived		6.52799		6.28023		28		15		216		216		216		216		
439		7647		0		7643		survived		6.52799		6.28023		29		15		216		216		216		216		
440		7647		0		7643		survived		6.52799		6.28023		30		15		216		216		216		216		
441		7647		0		7643		survived		6.52799		6.28023		31		15		216		216		216		216		
442		7647		0		7643		survived		6.52799		6.28023		32		15		216		216		216		216		
443		7647		0		7643		survived		6.52799		6.28023		33		15		216		216		216		216		
444		7647		0		7643		survived		6.52799		6.28023		34		15		216		216		216		216		
445		7647		0		7643		survived		6.52799		6.28023		35		15		216		216		216		216		
446		7647		0		7643		survived		6.52799		6.28023		36		15		216		216		216		216		
447		7647		0		7643		survived		6.52799		6.28023		37		15		216		216		216		216		
448		7647		0		7643		survived		6.52799		6.28023		38		15		216		216		216		216		
449		7647		0		7643		survived		6.52799		6.28023		39		15		216		216		216		216		
450		7647		0		7643		survived		6.52799		6.28023		40		15		216		216		216		216		
451		7647		0		7643		survived		6.52799		6.28023		41		15		216		216		216		216		
452		7647		0		7643		survived		6.52799		6.28023		42		15		216		216		216		216		
453		7647		0		7643		survived		6.52799		6.28023		43		15		216		216		216		216		
454		7647		0		7643		survived		6.52799		6.28023		44		15		216		216		216		216		
455		7647		0		7643		survived		6.52799		6.28023		45		15		216		216		216		216		
456		7647		0		7643		survived		6.52799		6.28023		46		15		216		216		216		216		
457		7647		0		7643		survived		6.52799		6.28023		47		15		216		216		216		216		
458		7647		0		7643		survived		6.52799		6.28023		48		15		216		216		216		216		
459		7647		0		7643		survived		6.52799		6.28023		49		15		216		216		216		216		
460		7647		0		7643		survived		6.52799		6.28023		50		15		216		216		216		216		
461		7647		0		7643		survived		6.52799		6.28023		51		15		216		216		216		216		
462		7647		0		7643		survived		6.52799		6.28023		52		15		216		216		216		216		
463		7647		0		7643		survived		6.52799		6.28023		53		15		216		216		216		216		
464		7647		0		7643		survived		6.52799		6.28023		54		15		216		216		216		216		
465		7647		0		7643		survived		6.52799		6.28023		55		15		216		216		216		216		
466		7647		0		7643		survived		6.52799		6.28023		56		15		216		216		216		216		
467		7647		0		7643		survived		6.52799		6.28023		57		15		216		216		216		216		
468		7647		0		7643		survived		6.52799		6.28023		58		15		216		216		216		216		
469		7647		0		7643		survived		6.52799		6.28023		59		15		216		216		216		216		
470		7647		0		7643		survived		6.52799		6.28023		60		15		216		216		216		216		
471		7647		0		7643		survived		6.52799		6.28023		61		15		216		216		216		216		
472		7647		0		7643		survived		6.52799		6.28023		62		15		216		216		216		216		
473		7647		0		7643		survived		6.52799		6.28023		63		15		216		216		216		216		
474		8542		0		8482		mutate_function(sin-to-square)		6.58842		4.98789		16		16		216		157		216		157		
475		8542		0		8482		survived		6.58842		4.98789		17		16		216		157		216		157		
476		8572		0		8542		add_link		6.61351		6.58842		18		18		216		216		216		216		
477		8572		0		8542		survived		6.61351		6.58842		19		18		216		216		216		216		
478		8572		0		8542		survived		6.61351		6.58842		20		18		216		216		216		216		
479		8572		0		8542		survived		6.61351		6.58842		21		18		216		216		216		216		
480		8572		0		8542		survived		6.61351		6.58842		22		18		216		216		216		216		
481		8572		0		8542		survived		6.61351		6.58842		23		18		216		216		216		216		
482		8572		0		8542		survived		6.61351		6.58842		24		18		216		216		216		216		
483		8572		0		8542		survived		6.61351		6.58842		25		18		216		216		216		216		
484		8572		0		8542		survived		6.61351		6.58842		26		18		216		216		216		216		
485		8572		0		8542		survived		6.61351		6.58842		27		18		216		216		216		216		
486		8754		0		8651		mutate_weight(-0.522423965971)		7.46773		6.325		28		28		200		184		200		184		
487		8754		0		8651		survived		7.46773		6.325		29		28		200		184		200		184		
488		8754		0		8651		survived		7.46773		6.325		30		28		200		184		200		184		
489		8754		0		8651		survived		7.46773		6.325		31		28		200		184		200		184		
490		8754		0		8651		survived		7.46773		6.325		32		28		200		184		200		184		
491		8754		0		8651		survived		7.46773		6.325		33		28		200		184		200		184		
492		8754		0		8651		survived		7.46773		6.325		34		28		200		184		200		184		
493		8754		0		8651		survived		7.46773		6.325		35		28		200		184		200		184		
494		8754		0		8651		survived		7.46773		6.325		36		28		200		184		200		184		
495		8754		0		8651		survived		7.46773		6.325		37		28		200		184		200		184		
496		8754		0		8651		survived		7.46773		6.325		38		28		200		184		200		184		
497		8754		0		8651		survived		7.46773		6.325		39		28		200		184		200		184		
498		8754		0		8651		survived		7.46773		6.325		40		28		200		184		200		184		
499		8754		0		8651		survived		7.46773		6.325		41		28		200		184		200		184		
500		8754		0		8651		survived		7.46773		6.325		42		28		200		184		200		184		
501		8754		0		8651		survived		7.46773		6.325		43		28		200		184		200		184		
502		8754		0		8651		survived		7.46773		6.325		44		28		200		184		200		184		
503		8754		0		8651		survived		7.46773		6.325		45		28		200		184		200		184		
504		8754		0		8651		survived		7.46773		6.325		46		28		200		184		200		184		
505		8754		0		8651		survived		7.46773		6.325		47		28		200		184		200		184		
506		8754		0		8651		survived		7.46773		6.325		48		28		200		184		200		184		
507		8754		0		8651		survived		7.46773		6.325		49		28		200		184		200		184		
508		8754		0		8651		survived		7.46773		6.325		50		28		200		184		200		184		
509		8754		0		8651		survived		7.46773		6.325		51		28		200		184		200		184		
510		8754		0		8651		survived		7.46773		6.325		52		28		200		184		200		184		
511		8754		0		8651		survived		7.46773		6.325		53		28		200		184		200		184		
512		8754		0		8651		survived		7.46773		6.325		54		28		200		184		200		184		
513		8754		0		8651		survived		7.46773		6.325		55		28		200		184		200		184		
514		8754		0		8651		survived		7.46773		6.325		56		28		200		184		200		184		
515		8754		0		8651		survived		7.46773		6.325		57		28		200		184		200		184		
516		8754		0		8651		survived		7.46773		6.325		58		28		200		184		200		184		
517		9306		0		9235		mutate_weight(-0.130917049547)		7.48383		7.17902		59		59		198		191		198		191		
518		9306		0		9235		survived		7.48383		7.17902		60		59		198		191		198		191		
519		9306		0		9235		survived		7.48383		7.17902		61		59		198		191		198		191		
520		9306		0		9235		survived		7.48383		7.17902		62		59		198		191		198		191		
521		9306		0		9235		survived		7.48383		7.17902		63		59		198		191		198		191		
522		9306		0		9235		survived		7.48383		7.17902		64		59		198		191		198		191		
523		9306		0		9235		survived		7.48383		7.17902		65		59		198		191		198		191		
524		9306		0		9235		survived		7.48383		7.17902		66		59		198		191		198		191		
525		9306		0		9235		survived		7.48383		7.17902		67		59		198		191		198		191		
526		9306		0		9235		survived		7.48383		7.17902		68		59		198		191		198		191		
527		9497		0		9306		add_link		7.58298		7.48383		69		69		200		198		200		198		
528		9513		0		9497		add_link		7.65467		7.58298		70		70		199		200		199		200		
529		9513		0		9497		survived		7.65467		7.58298		71		70		199		200		199		200		
530		9513		0		9497		survived		7.65467		7.58298		72		70		199		200		199		200		
531		9513		0		9497		survived		7.65467		7.58298		73		70		199		200		199		200		
532		9513		0		9497		survived		7.65467		7.58298		74		70		199		200		199		200		
533		9513		0		9497		survived		7.65467		7.58298		75		70		199		200		199		200		
534		9513		0		9497		survived		7.65467		7.58298		76		70		199		200		199		200		
535		9513		0		9497		survived		7.65467		7.58298		77		70		199		200		199		200		
536		9513		0		9497		survived		7.65467		7.58298		78		70		199		200		199		200		
537		9513		0		9497		survived		7.65467		7.58298		79		70		199		200		199		200		
538		9513		0		9497		survived		7.65467		7.58298		80		70		199		200		199		200		
539		9513		0		9497		survived		7.65467		7.58298		81		70		199		200		199		200		
540		9513		0		9497		survived		7.65467		7.58298		82		70		199		200		199		200		
541		9513		0		9497		survived		7.65467		7.58298		83		70		199		200		199		200		
542		9513		0		9497		survived		7.65467		7.58298		84		70		199		200		199		200		
543		9513		0		9497		survived		7.65467		7.58298		85		70		199		200		199		200		
544		9513		0		9497		survived		7.65467		7.58298		86		70		199		200		199		200		
545		9513		0		9497		survived		7.65467		7.58298		87		70		199		200		199		200		
546		9513		0		9497		survived		7.65467		7.58298		88		70		199		200		199		200		
547		9513		0		9497		survived		7.65467		7.58298		89		70		199		200		199		200		
548		9513		0		9497		survived		7.65467		7.58298		90		70		199		200		199		200		
549		9513		0		9497		survived		7.65467		7.58298		91		70		199		200		199		200		
550		9513		0		9497		survived		7.65467		7.58298		92		70		199		200		199		200		
551		9513		0		9497		survived		7.65467		7.58298		93		70		199		200		199		200		
552		9513		0		9497		survived		7.65467		7.58298		94		70		199		200		199		200		
553		9513		0		9497		survived		7.65467		7.58298		95		70		199		200		199		200		
554		9513		0		9497		survived		7.65467		7.58298		96		70		199		200		199		200		
555		10000		0		9713		mutate_weight(0.238541243378)		8.16116		7.26303		97		97		187		191		187		191		
556		10000		0		9713		survived		8.16116		7.26303		98		97		187		191		187		191		
557		10000		0		9713		survived		8.16116		7.26303		99		97		187		191		187		191		
558		10000		0		9713		survived		8.16116		7.26303		100		97		187		191		187		191		
559		10000		0		9713		survived		8.16116		7.26303		101		97		187		191		187		191		
560		10000		0		9713		survived		8.16116		7.26303		102		97		187		191		187		191		
561		10000		0		9713		survived		8.16116		7.26303		103		97		187		191		187		191		
562		10118		0		10010		add_link		8.18614		7.95033		104		104		188		186		188		186		
563		10118		0		10010		survived		8.18614		7.95033		105		104		188		186		188		186		
564		10118		0		10010		survived		8.18614		7.95033		106		104		188		186		188		186		
565		10118		0		10010		survived		8.18614		7.95033		107		104		188		186		188		186		
566		10118		0		10010		survived		8.18614		7.95033		108		104		188		186		188		186		
567		10118		0		10010		survived		8.18614		7.95033		109		104		188		186		188		186		
568		10227		0		10118		mutate_function(neg_abs-to-neg_sqrt_abs)		8.27819		8.18614		110		110		196		188		196		188		
569		10227		0		10118		survived		8.27819		8.18614		111		110		196		188		196		188		
570		10227		0		10118		survived		8.27819		8.18614		112		110		196		188		196		188		
571		10275		0		10227		add_node		8.2801		8.27819		113		113		196		196		196		196		
572		10275		0		10227		survived		8.2801		8.27819		114		113		196		196		196		196		
573		10275		0		10227		survived		8.2801		8.27819		115		113		196		196		196		196		
574		10275		0		10227		survived		8.2801		8.27819		116		113		196		196		196		196		
575		10356		0		10010		mutate_function(neg_abs-to-neg_sqrt_abs)		8.35965		7.95033		117		117		196		186		196		186		
576		10356		0		10010		survived		8.35965		7.95033		118		117		196		186		196		186		
577		10356		0		10010		survived		8.35965		7.95033		119		117		196		186		196		186		
578		10356		0		10010		survived		8.35965		7.95033		120		117		196		186		196		186		
579		10425		0		10356		add_link		8.42514		8.35965		121		121		196		196		196		196		
580		10425		0		10356		survived		8.42514		8.35965		122		121		196		196		196		196		
581		10458		0		10425		remove_link		8.58598		8.42514		123		123		189		196		189		196		
582		10458		0		10425		survived		8.58598		8.42514		124		123		189		196		189		196		
583		10458		0		10425		survived		8.58598		8.42514		125		123		189		196		189		196		
584		10458		0		10425		survived		8.58598		8.42514		126		123		189		196		189		196		
585		10458		0		10425		survived		8.58598		8.42514		127		123		189		196		189		196		
586		10458		0		10425		survived		8.58598		8.42514		128		123		189		196		189		196		
587		10458		0		10425		survived		8.58598		8.42514		129		123		189		196		189		196		
588		10592		0		10458		mutate_weight(-0.0183290084531)		8.62052		8.58598		130		130		189		189		189		189		
589		10592		0		10458		survived		8.62052		8.58598		131		130		189		189		189		189		
590		10592		0		10458		survived		8.62052		8.58598		132		130		189		189		189		189		
591		10592		0		10458		survived		8.62052		8.58598		133		130		189		189		189		189		
592		10592		0		10458		survived		8.62052		8.58598		134		130		189		189		189		189		
593		10592		0		10458		survived		8.62052		8.58598		135		130		189		189		189		189		
594		10592		0		10458		survived		8.62052		8.58598		136		130		189		189		189		189		
595		10592		0		10458		survived		8.62052		8.58598		137		130		189		189		189		189		
596		10592		0		10458		survived		8.62052		8.58598		138		130		189		189		189		189		
597		10592		0		10458		survived		8.62052		8.58598		139		130		189		189		189		189		
598		10592		0		10458		survived		8.62052		8.58598		140		130		189		189		189		189		
599		10592		0		10458		survived		8.62052		8.58598		141		130		189		189		189		189		
600		10592		0		10458		survived		8.62052		8.58598		142		130		189		189		189		189		
601		10822		0		10643		mutate_weight(0.115144736983)		8.62094		7.39555		143		143		192		181		192		181		
602		10839		0		10630		add_node		8.8451		7.39605		144		144		182		182		182		182		
603		10839		0		10630		survived		8.8451		7.39605		145		144		182		182		182		182		
604		10839		0		10630		survived		8.8451		7.39605		146		144		182		182		182		182		
605		10839		0		10630		survived		8.8451		7.39605		147		144		182		182		182		182		
606		10839		0		10630		survived		8.8451		7.39605		148		144		182		182		182		182		
607		10930		0		10839		add_link		9.08378		8.8451		149		149		182		182		182		182		
608		10930		0		10839		survived		9.08378		8.8451		150		149		182		182		182		182		
609		10930		0		10839		survived		9.08378		8.8451		151		149		182		182		182		182		
610		10930		0		10839		survived		9.08378		8.8451		152		149		182		182		182		182		
611		10930		0		10839		survived		9.08378		8.8451		153		149		182		182		182		182		
612		10930		0		10839		survived		9.08378		8.8451		154		149		182		182		182		182		
613		10930		0		10839		survived		9.08378		8.8451		155		149		182		182		182		182		
614		10930		0		10839		survived		9.08378		8.8451		156		149		182		182		182		182		
615		11081		0		11020		mutate_function(neg_abs-to-neg_sqrt_abs)		9.10309		7.79822		157		157		182		172		182		172		
616		11081		0		11020		survived		9.10309		7.79822		158		157		182		172		182		172		
617		11081		0		11020		survived		9.10309		7.79822		159		157		182		172		182		172		
618		11081		0		11020		survived		9.10309		7.79822		160		157		182		172		182		172		
619		11081		0		11020		survived		9.10309		7.79822		161		157		182		172		182		172		
620		11081		0		11020		survived		9.10309		7.79822		162		157		182		172		182		172		
621		11081		0		11020		survived		9.10309		7.79822		163		157		182		172		182		172		
622		11081		0		11020		survived		9.10309		7.79822		164		157		182		172		182		172		
623		11081		0		11020		survived		9.10309		7.79822		165		157		182		172		182		172		
624		11081		0		11020		survived		9.10309		7.79822		166		157		182		172		182		172		
625		11081		0		11020		survived		9.10309		7.79822		167		157		182		172		182		172		
626		11265		0		11127		add_link		9.15658		7.89357		168		168		182		172		182		172		
627		11265		0		11127		survived		9.15658		7.89357		169		168		182		172		182		172		
628		11265		0		11127		survived		9.15658		7.89357		170		168		182		172		182		172		
629		11265		0		11127		survived		9.15658		7.89357		171		168		182		172		182		172		
630		11265		0		11127		survived		9.15658		7.89357		172		168		182		172		182		172		
631		11265		0		11127		survived		9.15658		7.89357		173		168		182		172		182		172		
632		11265		0		11127		survived		9.15658		7.89357		174		168		182		172		182		172		
633		11265		0		11127		survived		9.15658		7.89357		175		168		182		172		182		172		
634		11265		0		11127		survived		9.15658		7.89357		176		168		182		172		182		172		
635		11265		0		11127		survived		9.15658		7.89357		177		168		182		172		182		172		
636		11265		0		11127		survived		9.15658		7.89357		178		168		182		172		182		172		
637		11265		0		11127		survived		9.15658		7.89357		179		168		182		172		182		172		
638		11265		0		11127		survived		9.15658		7.89357		180		168		182		172		182		172		
639		11265		0		11127		survived		9.15658		7.89357		181		168		182		172		182		172		
640		11265		0		11127		survived		9.15658		7.89357		182		168		182		172		182		172		
641		11265		0		11127		survived		9.15658		7.89357		183		168		182		172		182		172		
642		11265		0		11127		survived		9.15658		7.89357		184		168		182		172		182		172		
643		11265		0		11127		survived		9.15658		7.89357		185		168		182		172		182		172		
644		11265		0		11127		survived		9.15658		7.89357		186		168		182		172		182		172		
645		11265		0		11127		survived		9.15658		7.89357		187		168		182		172		182		172		
646		11265		0		11127		survived		9.15658		7.89357		188		168		182		172		182		172		
647		11265		0		11127		survived		9.15658		7.89357		189		168		182		172		182		172		
648		11675		0		11627		add_node		9.15733		8.99317		190		190		192		180		192		180		
649		11675		0		11627		survived		9.15733		8.99317		191		190		192		180		192		180		
650		11705		0		11675		remove_link		9.19761		9.15733		192		192		188		192		188		192		
651		11705		0		11675		survived		9.19761		9.15733		193		192		188		192		188		192		
652		11737		0		11705		add_link		9.25429		9.19761		194		194		188		188		188		188		
653		11737		0		11705		survived		9.25429		9.19761		195		194		188		188		188		188		
654		11737		0		11705		survived		9.25429		9.19761		196		194		188		188		188		188		
655		11737		0		11705		survived		9.25429		9.19761		197		194		188		188		188		188		
656		11737		0		11705		survived		9.25429		9.19761		198		194		188		188		188		188		
657		11737		0		11705		survived		9.25429		9.19761		199		194		188		188		188		188		
658		11737		0		11705		survived		9.25429		9.19761		200		194		188		188		188		188		
659		11737		0		11705		survived		9.25429		9.19761		201		194		188		188		188		188		
660		11737		0		11705		survived		9.25429		9.19761		202		194		188		188		188		188		
661		11737		0		11705		survived		9.25429		9.19761		203		194		188		188		188		188		
662		11737		0		11705		survived		9.25429		9.19761		204		194		188		188		188		188		
663		11737		0		11705		survived		9.25429		9.19761		205		194		188		188		188		188		
664		11737		0		11705		survived		9.25429		9.19761		206		194		188		188		188		188		
665		11737		0		11705		survived		9.25429		9.19761		207		194		188		188		188		188		
666		11737		0		11705		survived		9.25429		9.19761		208		194		188		188		188		188		
667		11737		0		11705		survived		9.25429		9.19761		209		194		188		188		188		188		
668		11737		0		11705		survived		9.25429		9.19761		210		194		188		188		188		188		
669		11737		0		11705		survived		9.25429		9.19761		211		194		188		188		188		188		
670		11737		0		11705		survived		9.25429		9.19761		212		194		188		188		188		188		
671		11737		0		11705		survived		9.25429		9.19761		213		194		188		188		188		188		
672		11737		0		11705		survived		9.25429		9.19761		214		194		188		188		188		188		
673		11737		0		11705		survived		9.25429		9.19761		215		194		188		188		188		188		
674		11737		0		11705		survived		9.25429		9.19761		216		194		188		188		188		188		
675		11737		0		11705		survived		9.25429		9.19761		217		194		188		188		188		188		
676		11737		0		11705		survived		9.25429		9.19761		218		194		188		188		188		188		
677		11737		0		11705		survived		9.25429		9.19761		219		194		188		188		188		188		
678		11737		0		11705		survived		9.25429		9.19761		220		194		188		188		188		188		
679		11737		0		11705		survived		9.25429		9.19761		221		194		188		188		188		188		
680		11737		0		11705		survived		9.25429		9.19761		222		194		188		188		188		188		
681		11737		0		11705		survived		9.25429		9.19761		223		194		188		188		188		188		
682		11737		0		11705		survived		9.25429		9.19761		224		194		188		188		188		188		
683		11737		0		11705		survived		9.25429		9.19761		225		194		188		188		188		188		
684		11737		0		11705		survived		9.25429		9.19761		226		194		188		188		188		188		
685		11737		0		11705		survived		9.25429		9.19761		227		194		188		188		188		188		
686		11737		0		11705		survived		9.25429		9.19761		228		194		188		188		188		188		
687		11737		0		11705		survived		9.25429		9.19761		229		194		188		188		188		188		
688		12382		0		12240		mutate_function(square-to-neg_sqrt_abs)		9.35897		8.64565		230		230		187		159		187		159		
689		12382		0		12240		survived		9.35897		8.64565		231		230		187		159		187		159		
690		12382		0		12240		survived		9.35897		8.64565		232		230		187		159		187		159		
691		12382		0		12240		survived		9.35897		8.64565		233		230		187		159		187		159		
692		12382		0		12240		survived		9.35897		8.64565		234		230		187		159		187		159		
693		12382		0		12240		survived		9.35897		8.64565		235		230		187		159		187		159		
694		12382		0		12240		survived		9.35897		8.64565		236		230		187		159		187		159		
695		12382		0		12240		survived		9.35897		8.64565		237		230		187		159		187		159		
696		12382		0		12240		survived		9.35897		8.64565		238		230		187		159		187		159		
697		12382		0		12240		survived		9.35897		8.64565		239		230		187		159		187		159		
698		12382		0		12240		survived		9.35897		8.64565		240		230		187		159		187		159		
699		12382		0		12240		survived		9.35897		8.64565		241		230		187		159		187		159		
700		12382		0		12240		survived		9.35897		8.64565		242		230		187		159		187		159		
701		12629		0		12240		mutate_function(square-to-neg_sqrt_abs)		9.35897		8.64565		243		243		159		159		159		159		
702		12629		0		12240		survived		9.35897		8.64565		244		243		159		159		159		159		
703		12629		0		12240		survived		9.35897		8.64565		245		243		159		159		159		159		
704		12629		0		12240		survived		9.35897		8.64565		246		243		159		159		159		159		
705		12695		0		12382		add_node		9.408		9.35897		247		247		186		187		186		187		
706		12695		0		12382		survived		9.408		9.35897		248		247		186		187		186		187		
707		12695		0		12382		survived		9.408		9.35897		249		247		186		187		186		187		
708		12695		0		12382		survived		9.408		9.35897		250		247		186		187		186		187		
709		12695		0		12382		survived		9.408		9.35897		251		247		186		187		186		187		
710		12695		0		12382		survived		9.408		9.35897		252		247		186		187		186		187		
711		12695		0		12382		survived		9.408		9.35897		253		247		186		187		186		187		
712		12695		0		12382		survived		9.408		9.35897		254		247		186		187		186		187		
713		12695		0		12382		survived		9.408		9.35897		255		247		186		187		186		187		
714		12695		0		12382		survived		9.408		9.35897		256		247		186		187		186		187		
715		12695		0		12382		survived		9.408		9.35897		257		247		186		187		186		187		
716		12695		0		12382		survived		9.408		9.35897		258		247		186		187		186		187		
717		12695		0		12382		survived		9.408		9.35897		259		247		186		187		186		187		
718		12695		0		12382		survived		9.408		9.35897		260		247		186		187		186		187		
719		12695		0		12382		survived		9.408		9.35897		261		247		186		187		186		187		
720		12965		0		12629		add_link		9.408		9.35897		262		262		159		159		159		159		
721		12965		0		12629		survived		9.408		9.35897		263		262		159		159		159		159		
722		12965		0		12629		survived		9.408		9.35897		264		262		159		159		159		159		
723		12965		0		12629		survived		9.408		9.35897		265		262		159		159		159		159		
724		12965		0		12629		survived		9.408		9.35897		266		262		159		159		159		159		
725		12965		0		12629		survived		9.408		9.35897		267		262		159		159		159		159		
726		12965		0		12629		survived		9.408		9.35897		268		262		159		159		159		159		
727		12965		0		12629		survived		9.408		9.35897		269		262		159		159		159		159		
728		12965		0		12629		survived		9.408		9.35897		270		262		159		159		159		159		
729		12965		0		12629		survived		9.408		9.35897		271		262		159		159		159		159		
730		12965		0		12629		survived		9.408		9.35897		272		262		159		159		159		159		
731		12965		0		12629		survived		9.408		9.35897		273		262		159		159		159		159		
732		12965		0		12629		survived		9.408		9.35897		274		262		159		159		159		159		
733		13193		0		12965		mutate_weight(-0.254489448241)		9.49956		9.408		275		275		186		159		186		159		
734		13193		0		12965		survived		9.49956		9.408		276		275		186		159		186		159		
735		13193		0		12965		survived		9.49956		9.408		277		275		186		159		186		159		
736		13193		0		12965		survived		9.49956		9.408		278		275		186		159		186		159		
737		13193		0		12965		survived		9.49956		9.408		279		275		186		159		186		159		
738		13193		0		12965		survived		9.49956		9.408		280		275		186		159		186		159		
739		13193		0		12965		survived		9.49956		9.408		281		275		186		159		186		159		
740		13193		0		12965		survived		9.49956		9.408		282		275		186		159		186		159		
741		13193		0		12965		survived		9.49956		9.408		283		275		186		159		186		159		
742		13193		0		12965		survived		9.49956		9.408		284		275		186		159		186		159		
743		13193		0		12965		survived		9.49956		9.408		285		275		186		159		186		159		
744		13193		0		12965		survived		9.49956		9.408		286		275		186		159		186		159		
745		13193		0		12965		survived		9.49956		9.408		287		275		186		159		186		159		
746		13193		0		12965		survived		9.49956		9.408		288		275		186		159		186		159		
747		13193		0		12965		survived		9.49956		9.408		289		275		186		159		186		159		
748		13193		0		12965		survived		9.49956		9.408		290		275		186		159		186		159		
749		13193		0		12965		survived		9.49956		9.408		291		275		186		159		186		159		
750		13193		0		12965		survived		9.49956		9.408		292		275		186		159		186		159		
751		13193		0		12965		survived		9.49956		9.408		293		275		186		159		186		159		
752		13193		0		12965		survived		9.49956		9.408		294		275		186		159		186		159		
753		13193		0		12965		survived		9.49956		9.408		295		275		186		159		186		159		
754		13193		0		12965		survived		9.49956		9.408		296		275		186		159		186		159		
755		13193		0		12965		survived		9.49956		9.408		297		275		186		159		186		159		
756		13193		0		12965		survived		9.49956		9.408		298		275		186		159		186		159		
757		13193		0		12965		survived		9.49956		9.408		299		275		186		159		186		159		
758		13193		0		12965		survived		9.49956		9.408		300		275		186		159		186		159		
759		13193		0		12965		survived		9.49956		9.408		301		275		186		159		186		159		
760		13193		0		12965		survived		9.49956		9.408		302		275		186		159		186		159		
761		13193		0		12965		survived		9.49956		9.408		303		275		186		159		186		159		
762		13193		0		12965		survived		9.49956		9.408		304		275		186		159		186		159		
763		13193		0		12965		survived		9.49956		9.408		305		275		186		159		186		159		
764		13193		0		12965		survived		9.49956		9.408		306		275		186		159		186		159		
765		13193		0		12965		survived		9.49956		9.408		307		275		186		159		186		159		
766		13193		0		12965		survived		9.49956		9.408		308		275		186		159		186		159		
767		13193		0		12965		survived		9.49956		9.408		309		275		186		159		186		159		
768		13193		0		12965		survived		9.49956		9.408		310		275		186		159		186		159		
769		13193		0		12965		survived		9.49956		9.408		311		275		186		159		186		159		
770		13193		0		12965		survived		9.49956		9.408		312		275		186		159		186		159		
771		13193		0		12965		survived		9.49956		9.408		313		275		186		159		186		159		
772		13193		0		12965		survived		9.49956		9.408		314		275		186		159		186		159		
773		13193		0		12965		survived		9.49956		9.408		315		275		186		159		186		159		
774		13193		0		12965		survived		9.49956		9.408		316		275		186		159		186		159		
775		13957		0		13193		mutate_weight(-0.0887874614592)		9.50834		9.49956		317		317		186		186		186		186		
776		13957		0		13193		survived		9.50834		9.49956		318		317		186		186		186		186		
777		13957		0		13193		survived		9.50834		9.49956		319		317		186		186		186		186		
778		13957		0		13193		survived		9.50834		9.49956		320		317		186		186		186		186		
779		13957		0		13193		survived		9.50834		9.49956		321		317		186		186		186		186		
780		13957		0		13193		survived		9.50834		9.49956		322		317		186		186		186		186		
781		13957		0		13193		survived		9.50834		9.49956		323		317		186		186		186		186		
782		13957		0		13193		survived		9.50834		9.49956		324		317		186		186		186		186		
783		13957		0		13193		survived		9.50834		9.49956		325		317		186		186		186		186		
784		13957		0		13193		survived		9.50834		9.49956		326		317		186		186		186		186		
785		13957		0		13193		survived		9.50834		9.49956		327		317		186		186		186		186		
786		13957		0		13193		survived		9.50834		9.49956		328		317		186		186		186		186		
787		13957		0		13193		survived		9.50834		9.49956		329		317		186		186		186		186		
788		13957		0		13193		survived		9.50834		9.49956		330		317		186		186		186		186		
789		13957		0		13193		survived		9.50834		9.49956		331		317		186		186		186		186		
790		13957		0		13193		survived		9.50834		9.49956		332		317		186		186		186		186		
791		13957		0		13193		survived		9.50834		9.49956		333		317		186		186		186		186		
792		13957		0		13193		survived		9.50834		9.49956		334		317		186		186		186		186		
793		13957		0		13193		survived		9.50834		9.49956		335		317		186		186		186		186		
794		13957		0		13193		survived		9.50834		9.49956		336		317		186		186		186		186		
795		13957		0		13193		survived		9.50834		9.49956		337		317		186		186		186		186		
796		13957		0		13193		survived		9.50834		9.49956		338		317		186		186		186		186		
797		13957		0		13193		survived		9.50834		9.49956		339		317		186		186		186		186		
798		13957		0		13193		survived		9.50834		9.49956		340		317		186		186		186		186		
799		13957		0		13193		survived		9.50834		9.49956		341		317		186		186		186		186		
800		13957		0		13193		survived		9.50834		9.49956		342		317		186		186		186		186		
801		13957		0		13193		survived		9.50834		9.49956		343		317		186		186		186		186		
802		13957		0		13193		survived		9.50834		9.49956		344		317		186		186		186		186		
803		13957		0		13193		survived		9.50834		9.49956		345		317		186		186		186		186		
804		13957		0		13193		survived		9.50834		9.49956		346		317		186		186		186		186		
805		13957		0		13193		survived		9.50834		9.49956		347		317		186		186		186		186		
806		13957		0		13193		survived		9.50834		9.49956		348		317		186		186		186		186		
807		14524		0		14391		mutate_function(neg_sqrt_abs-to-absolute)		9.50834		6.5723		349		349		152		152		152		152		
808		14524		0		14391		survived		9.50834		6.5723		350		349		152		152		152		152		
809		14524		0		14391		survived		9.50834		6.5723		351		349		152		152		152		152		
810		14524		0		14391		survived		9.50834		6.5723		352		349		152		152		152		152		
811		14524		0		14391		survived		9.50834		6.5723		353		349		152		152		152		152		
812		14524		0		14391		survived		9.50834		6.5723		354		349		152		152		152		152		
813		14524		0		14391		survived		9.50834		6.5723		355		349		152		152		152		152		
814		14524		0		14391		survived		9.50834		6.5723		356		349		152		152		152		152		
815		14524		0		14391		survived		9.50834		6.5723		357		349		152		152		152		152		
816		14524		0		14391		survived		9.50834		6.5723		358		349		152		152		152		152		
817		14524		0		14391		survived		9.50834		6.5723		359		349		152		152		152		152		
818		14524		0		14391		survived		9.50834		6.5723		360		349		152		152		152		152		
819		14524		0		14391		survived		9.50834		6.5723		361		349		152		152		152		152		
820		14524		0		14391		survived		9.50834		6.5723		362		349		152		152		152		152		
821		14524		0		14391		survived		9.50834		6.5723		363		349		152		152		152		152		
822		14524		0		14391		survived		9.50834		6.5723		364		349		152		152		152		152		
823		14524		0		14391		survived		9.50834		6.5723		365		349		152		152		152		152		
824		14524		0		14391		survived		9.50834		6.5723		366		349		152		152		152		152		
825		14524		0		14391		survived		9.50834		6.5723		367		349		152		152		152		152		
826		14524		0		14391		survived		9.50834		6.5723		368		349		152		152		152		152		
827		14524		0		14391		survived		9.50834		6.5723		369		349		152		152		152		152		
828		14524		0		14391		survived		9.50834		6.5723		370		349		152		152		152		152		
829		14524		0		14391		survived		9.50834		6.5723		371		349		152		152		152		152		
830		14524		0		14391		survived		9.50834		6.5723		372		349		152		152		152		152		
831		14524		0		14391		survived		9.50834		6.5723		373		349		152		152		152		152		
832		14524		0		14391		survived		9.50834		6.5723		374		349		152		152		152		152		
833		14524		0		14391		survived		9.50834		6.5723		375		349		152		152		152		152		
834		14524		0		14391		survived		9.50834		6.5723		376		349		152		152		152		152		
835		14524		0		14391		survived		9.50834		6.5723		377		349		152		152		152		152		
836		14524		0		14391		survived		9.50834		6.5723		378		349		152		152		152		152		
837		14524		0		14391		survived		9.50834		6.5723		379		349		152		152		152		152		
838		14524		0		14391		survived		9.50834		6.5723		380		349		152		152		152		152		
839		14524		0		14391		survived		9.50834		6.5723		381		349		152		152		152		152		
840		14524		0		14391		survived		9.50834		6.5723		382		349		152		152		152		152		
841		14524		0		14391		survived		9.50834		6.5723		383		349		152		152		152		152		
842		14524		0		14391		survived		9.50834		6.5723		384		349		152		152		152		152		
843		14524		0		14391		survived		9.50834		6.5723		385		349		152		152		152		152		
844		14524		0		14391		survived		9.50834		6.5723		386		349		152		152		152		152		
845		14524		0		14391		survived		9.50834		6.5723		387		349		152		152		152		152		
846		14524		0		14391		survived		9.50834		6.5723		388		349		152		152		152		152		
847		14524		0		14391		survived		9.50834		6.5723		389		349		152		152		152		152		
848		14524		0		14391		survived		9.50834		6.5723		390		349		152		152		152		152		
849		14524		0		14391		survived		9.50834		6.5723		391		349		152		152		152		152		
850		14524		0		14391		survived		9.50834		6.5723		392		349		152		152		152		152		
851		14524		0		14391		survived		9.50834		6.5723		393		349		152		152		152		152		
852		14524		0		14391		survived		9.50834		6.5723		394		349		152		152		152		152		
853		14524		0		14391		survived		9.50834		6.5723		395		349		152		152		152		152		
854		14524		0		14391		survived		9.50834		6.5723		396		349		152		152		152		152		
855		14524		0		14391		survived		9.50834		6.5723		397		349		152		152		152		152		
856		14524		0		14391		survived		9.50834		6.5723		398		349		152		152		152		152		
857		14524		0		14391		survived		9.50834		6.5723		399		349		152		152		152		152		
858		14524		0		14391		survived		9.50834		6.5723		400		349		152		152		152		152		
859		14524		0		14391		survived		9.50834		6.5723		401		349		152		152		152		152		
860		14524		0		14391		survived		9.50834		6.5723		402		349		152		152		152		152		
861		14524		0		14391		survived		9.50834		6.5723		403		349		152		152		152		152		
862		14524		0		14391		survived		9.50834		6.5723		404		349		152		152		152		152		
863		14524		0		14391		survived		9.50834		6.5723		405		349		152		152		152		152		
864		14524		0		14391		survived		9.50834		6.5723		406		349		152		152		152		152		
865		14524		0		14391		survived		9.50834		6.5723		407		349		152		152		152		152		
866		14524		0		14391		survived		9.50834		6.5723		408		349		152		152		152		152		
867		14524		0		14391		survived		9.50834		6.5723		409		349		152		152		152		152		
868		14524		0		14391		survived		9.50834		6.5723		410		349		152		152		152		152		
869		14524		0		14391		survived		9.50834		6.5723		411		349		152		152		152		152		
870		14524		0		14391		survived		9.50834		6.5723		412		349		152		152		152		152		
871		14524		0		14391		survived		9.50834		6.5723		413		349		152		152		152		152		
872		14524		0		14391		survived		9.50834		6.5723		414		349		152		152		152		152		
873		14524		0		14391		survived		9.50834		6.5723		415		349		152		152		152		152		
874		14524		0		14391		survived		9.50834		6.5723		416		349		152		152		152		152		
875		14524		0		14391		survived		9.50834		6.5723		417		349		152		152		152		152		
876		14524		0		14391		survived		9.50834		6.5723		418		349		152		152		152		152		
877		14524		0		14391		survived		9.50834		6.5723		419		349		152		152		152		152		
878		14524		0		14391		survived		9.50834		6.5723		420		349		152		152		152		152		
879		14524		0		14391		survived		9.50834		6.5723		421		349		152		152		152		152		
880		14524		0		14391		survived		9.50834		6.5723		422		349		152		152		152		152		
881		14524		0		14391		survived		9.50834		6.5723		423		349		152		152		152		152		
882		14524		0		14391		survived		9.50834		6.5723		424		349		152		152		152		152		
883		14524		0		14391		survived		9.50834		6.5723		425		349		152		152		152		152		
884		14524		0		14391		survived		9.50834		6.5723		426		349		152		152		152		152		
885		14524		0		14391		survived		9.50834		6.5723		427		349		152		152		152		152		
886		14524		0		14391		survived		9.50834		6.5723		428		349		152		152		152		152		
887		14524		0		14391		survived		9.50834		6.5723		429		349		152		152		152		152		
888		14524		0		14391		survived		9.50834		6.5723		430		349		152		152		152		152		
889		14524		0		14391		survived		9.50834		6.5723		431		349		152		152		152		152		
890		14524		0		14391		survived		9.50834		6.5723		432		349		152		152		152		152		
891		14524		0		14391		survived		9.50834		6.5723		433		349		152		152		152		152		
892		14524		0		14391		survived		9.50834		6.5723		434		349		152		152		152		152		
893		14524		0		14391		survived		9.50834		6.5723		435		349		152		152		152		152		
894		14524		0		14391		survived		9.50834		6.5723		436		349		152		152		152		152		
895		14524		0		14391		survived		9.50834		6.5723		437		349		152		152		152		152		
896		14524		0		14391		survived		9.50834		6.5723		438		349		152		152		152		152		
897		14524		0		14391		survived		9.50834		6.5723		439		349		152		152		152		152		
898		14524		0		14391		survived		9.50834		6.5723		440		349		152		152		152		152		
899		14524		0		14391		survived		9.50834		6.5723		441		349		152		152		152		152		
900		14524		0		14391		survived		9.50834		6.5723		442		349		152		152		152		152		
901		14524		0		14391		survived		9.50834		6.5723		443		349		152		152		152		152		
902		14524		0		14391		survived		9.50834		6.5723		444		349		152		152		152		152		
903		14524		0		14391		survived		9.50834		6.5723		445		349		152		152		152		152		
904		14524		0		14391		survived		9.50834		6.5723		446		349		152		152		152		152		
905		14524		0		14391		survived		9.50834		6.5723		447		349		152		152		152		152		
906		14524		0		14391		survived		9.50834		6.5723		448		349		152		152		152		152		
907		14524		0		14391		survived		9.50834		6.5723		449		349		152		152		152		152		
908		14524		0		14391		survived		9.50834		6.5723		450		349		152		152		152		152		
909		14524		0		14391		survived		9.50834		6.5723		451		349		152		152		152		152		
910		14524		0		14391		survived		9.50834		6.5723		452		349		152		152		152		152		
911		14524		0		14391		survived		9.50834		6.5723		453		349		152		152		152		152		
912		14524		0		14391		survived		9.50834		6.5723		454		349		152		152		152		152		
913		14524		0		14391		survived		9.50834		6.5723		455		349		152		152		152		152		
914		14524		0		14391		survived		9.50834		6.5723		456		349		152		152		152		152		
915		14524		0		14391		survived		9.50834		6.5723		457		349		152		152		152		152		
916		14524		0		14391		survived		9.50834		6.5723		458		349		152		152		152		152		
917		14524		0		14391		survived		9.50834		6.5723		459		349		152		152		152		152		
918		14524		0		14391		survived		9.50834		6.5723		460		349		152		152		152		152		
919		14524		0		14391		survived		9.50834		6.5723		461		349		152		152		152		152		
920		14524		0		14391		survived		9.50834		6.5723		462		349		152		152		152		152		
921		14524		0		14391		survived		9.50834		6.5723		463		349		152		152		152		152		
922		14524		0		14391		survived		9.50834		6.5723		464		349		152		152		152		152		
923		14524		0		14391		survived		9.50834		6.5723		465		349		152		152		152		152		
924		14524		0		14391		survived		9.50834		6.5723		466		349		152		152		152		152		
925		14524		0		14391		survived		9.50834		6.5723		467		349		152		152		152		152		
926		14524		0		14391		survived		9.50834		6.5723		468		349		152		152		152		152		
927		14524		0		14391		survived		9.50834		6.5723		469		349		152		152		152		152		
928		14524		0		14391		survived		9.50834		6.5723		470		349		152		152		152		152		
929		14524		0		14391		survived		9.50834		6.5723		471		349		152		152		152		152		
930		14524		0		14391		survived		9.50834		6.5723		472		349		152		152		152		152		
931		14524		0		14391		survived		9.50834		6.5723		473		349		152		152		152		152		
932		14524		0		14391		survived		9.50834		6.5723		474		349		152		152		152		152		
933		14524		0		14391		survived		9.50834		6.5723		475		349		152		152		152		152		
934		14524		0		14391		survived		9.50834		6.5723		476		349		152		152		152		152		
935		14524		0		14391		survived		9.50834		6.5723		477		349		152		152		152		152		
936		14524		0		14391		survived		9.50834		6.5723		478		349		152		152		152		152		
937		14524		0		14391		survived		9.50834		6.5723		479		349		152		152		152		152		
