gen		id		dom		parent_id		variation_type		fitness		parent_fitness		age		parent_age		num_voxels		parent_num_voxels		energy		parent_energy		material_different_from_parent		mean_material		mean_parent_material		mean_parent_diff_material
0		9		0		-1		newly_generated		0.526139		-10000000.0		0		10000000.0		216		10000000.0		95		10000000.0		
1		24		0		11		mutate_function(absolute-to-sin)		0.90017		0.0265777		1		1		71		216		71		216		
2		50		0		-1		newly_generated		2.38567		-10000000.0		0		10000000.0		216		10000000.0		150		10000000.0		
3		50		0		-1		survived		2.38567		-10000000.0		1		10000000.0		216		10000000.0		150		10000000.0		
4		82		0		50		add_link		2.87396		2.38567		2		2		216		216		154		150		
5		93		0		50		remove_link		3.36606		2.38567		3		3		216		216		162		150		
6		93		0		50		survived		3.36606		2.38567		4		3		216		216		162		150		
7		131		0		105		mutate_function(neg_square-to-sqrt_abs)		3.37405		3.249		5		5		216		216		156		156		
8		131		0		105		survived		3.37405		3.249		6		5		216		216		156		156		
9		174		0		-1		newly_generated		3.37481		-10000000.0		0		10000000.0		216		10000000.0		212		10000000.0		
10		189		0		174		mutate_function(neg_sqrt_abs-to-square)		4.03669		3.37481		1		1		216		216		212		212		
11		189		0		174		survived		4.03669		3.37481		2		1		216		216		212		212		
12		189		0		174		survived		4.03669		3.37481		3		1		216		216		212		212		
13		189		0		174		survived		4.03669		3.37481		4		1		216		216		212		212		
14		189		0		174		survived		4.03669		3.37481		5		1		216		216		212		212		
15		189		0		174		survived		4.03669		3.37481		6		1		216		216		212		212		
16		189		0		174		survived		4.03669		3.37481		7		1		216		216		212		212		
17		189		0		174		survived		4.03669		3.37481		8		1		216		216		212		212		
18		189		0		174		survived		4.03669		3.37481		9		1		216		216		212		212		
19		189		0		174		survived		4.03669		3.37481		10		1		216		216		212		212		
20		189		0		174		survived		4.03669		3.37481		11		1		216		216		212		212		
21		189		0		174		survived		4.03669		3.37481		12		1		216		216		212		212		
22		189		0		174		survived		4.03669		3.37481		13		1		216		216		212		212		
23		189		0		174		survived		4.03669		3.37481		14		1		216		216		212		212		
24		189		0		174		survived		4.03669		3.37481		15		1		216		216		212		212		
25		189		0		174		survived		4.03669		3.37481		16		1		216		216		212		212		
26		189		0		174		survived		4.03669		3.37481		17		1		216		216		212		212		
27		189		0		174		survived		4.03669		3.37481		18		1		216		216		212		212		
28		189		0		174		survived		4.03669		3.37481		19		1		216		216		212		212		
29		520		0		513		mutate_weight(0.118588897689)		4.03669		4.00112		20		20		216		216		210		210		
30		520		0		513		survived		4.03669		4.00112		21		20		216		216		210		210		
31		520		0		513		survived		4.03669		4.00112		22		20		216		216		210		210		
32		520		0		513		survived		4.03669		4.00112		23		20		216		216		210		210		
33		520		0		513		survived		4.03669		4.00112		24		20		216		216		210		210		
34		520		0		513		survived		4.03669		4.00112		25		20		216		216		210		210		
35		640		0		620		add_node		4.07004		3.80283		26		26		216		216		158		184		
36		640		0		620		survived		4.07004		3.80283		27		26		216		216		158		184		
37		640		0		620		survived		4.07004		3.80283		28		26		216		216		158		184		
38		640		0		620		survived		4.07004		3.80283		29		26		216		216		158		184		
39		640		0		620		survived		4.07004		3.80283		30		26		216		216		158		184		
40		720		0		579		mutate_weight(0.464130546795)		4.92819		3.86847		9		9		216		216		216		216		
41		720		0		579		survived		4.92819		3.86847		10		9		216		216		216		216		
42		768		0		-1		newly_generated		5.55503		-10000000.0		0		10000000.0		210		10000000.0		210		10000000.0		
43		776		0		768		remove_link		5.7215		5.55503		1		1		210		210		210		210		
44		792		0		776		remove_node		6.00074		5.7215		2		2		216		210		216		210		
45		821		0		776		remove_link		6.00074		5.7215		3		3		210		210		210		210		
46		831		0		776		remove_node		6.00074		5.7215		4		4		210		210		210		210		
47		831		0		776		survived		6.00074		5.7215		5		4		210		210		210		210		
48		831		0		776		survived		6.00074		5.7215		6		4		210		210		210		210		
49		831		0		776		survived		6.00074		5.7215		7		4		210		210		210		210		
50		831		0		776		survived		6.00074		5.7215		8		4		210		210		210		210		
51		831		0		776		survived		6.00074		5.7215		9		4		210		210		210		210		
52		831		0		776		survived		6.00074		5.7215		10		4		210		210		210		210		
53		831		0		776		survived		6.00074		5.7215		11		4		210		210		210		210		
54		973		0		831		add_node		6.36917		6.00074		12		12		216		210		216		210		
55		973		0		831		survived		6.36917		6.00074		13		12		216		210		216		210		
56		973		0		831		survived		6.36917		6.00074		14		12		216		210		216		210		
57		973		0		831		survived		6.36917		6.00074		15		12		216		210		216		210		
58		973		0		831		survived		6.36917		6.00074		16		12		216		210		216		210		
59		973		0		831		survived		6.36917		6.00074		17		12		216		210		216		210		
60		1080		0		973		remove_link		6.42529		6.36917		18		18		216		216		216		216		
61		1080		0		973		survived		6.42529		6.36917		19		18		216		216		216		216		
62		1080		0		973		survived		6.42529		6.36917		20		18		216		216		216		216		
63		1080		0		973		survived		6.42529		6.36917		21		18		216		216		216		216		
64		1080		0		973		survived		6.42529		6.36917		22		18		216		216		216		216		
65		1080		0		973		survived		6.42529		6.36917		23		18		216		216		216		216		
66		1080		0		973		survived		6.42529		6.36917		24		18		216		216		216		216		
67		1080		0		973		survived		6.42529		6.36917		25		18		216		216		216		216		
68		1080		0		973		survived		6.42529		6.36917		26		18		216		216		216		216		
69		1080		0		973		survived		6.42529		6.36917		27		18		216		216		216		216		
70		1080		0		973		survived		6.42529		6.36917		28		18		216		216		216		216		
71		1080		0		973		survived		6.42529		6.36917		29		18		216		216		216		216		
72		1080		0		973		survived		6.42529		6.36917		30		18		216		216		216		216		
73		1080		0		973		survived		6.42529		6.36917		31		18		216		216		216		216		
74		1080		0		973		survived		6.42529		6.36917		32		18		216		216		216		216		
75		1080		0		973		survived		6.42529		6.36917		33		18		216		216		216		216		
76		1080		0		973		survived		6.42529		6.36917		34		18		216		216		216		216		
77		1080		0		973		survived		6.42529		6.36917		35		18		216		216		216		216		
78		1080		0		973		survived		6.42529		6.36917		36		18		216		216		216		216		
79		1080		0		973		survived		6.42529		6.36917		37		18		216		216		216		216		
80		1080		0		973		survived		6.42529		6.36917		38		18		216		216		216		216		
81		1080		0		973		survived		6.42529		6.36917		39		18		216		216		216		216		
82		1080		0		973		survived		6.42529		6.36917		40		18		216		216		216		216		
83		1080		0		973		survived		6.42529		6.36917		41		18		216		216		216		216		
84		1080		0		973		survived		6.42529		6.36917		42		18		216		216		216		216		
85		1080		0		973		survived		6.42529		6.36917		43		18		216		216		216		216		
86		1080		0		973		survived		6.42529		6.36917		44		18		216		216		216		216		
87		1080		0		973		survived		6.42529		6.36917		45		18		216		216		216		216		
88		1080		0		973		survived		6.42529		6.36917		46		18		216		216		216		216		
89		1080		0		973		survived		6.42529		6.36917		47		18		216		216		216		216		
90		1080		0		973		survived		6.42529		6.36917		48		18		216		216		216		216		
91		1080		0		973		survived		6.42529		6.36917		49		18		216		216		216		216		
92		1080		0		973		survived		6.42529		6.36917		50		18		216		216		216		216		
93		1080		0		973		survived		6.42529		6.36917		51		18		216		216		216		216		
94		1080		0		973		survived		6.42529		6.36917		52		18		216		216		216		216		
95		1080		0		973		survived		6.42529		6.36917		53		18		216		216		216		216		
96		1739		0		1710		remove_link		6.42529		6.40095		54		54		216		216		216		216		
97		1739		0		1710		survived		6.42529		6.40095		55		54		216		216		216		216		
98		1739		0		1710		survived		6.42529		6.40095		56		54		216		216		216		216		
99		1739		0		1710		survived		6.42529		6.40095		57		54		216		216		216		216		
100		1739		0		1710		survived		6.42529		6.40095		58		54		216		216		216		216		
101		1739		0		1710		survived		6.42529		6.40095		59		54		216		216		216		216		
102		1739		0		1710		survived		6.42529		6.40095		60		54		216		216		216		216		
103		1739		0		1710		survived		6.42529		6.40095		61		54		216		216		216		216		
104		1739		0		1710		survived		6.42529		6.40095		62		54		216		216		216		216		
105		1739		0		1710		survived		6.42529		6.40095		63		54		216		216		216		216		
106		1912		0		1881		remove_link		6.50764		6.33519		22		22		216		216		216		216		
107		1912		0		1881		survived		6.50764		6.33519		23		22		216		216		216		216		
108		1949		0		1861		mutate_weight(-0.685876355209)		6.83331		6.2565		66		66		210		216		204		210		
109		1949		0		1861		survived		6.83331		6.2565		67		66		210		216		204		210		
110		1949		0		1861		survived		6.83331		6.2565		68		66		210		216		204		210		
111		1949		0		1861		survived		6.83331		6.2565		69		66		210		216		204		210		
112		2017		0		1949		mutate_function(sin-to-square)		7.39181		6.83331		70		70		210		210		210		204		
113		2017		0		1949		survived		7.39181		6.83331		71		70		210		210		210		204		
114		2017		0		1949		survived		7.39181		6.83331		72		70		210		210		210		204		
115		2017		0		1949		survived		7.39181		6.83331		73		70		210		210		210		204		
116		2098		0		1949		mutate_weight(0.0657039035897)		7.39181		6.83331		74		74		210		210		204		204		
117		2098		0		1949		survived		7.39181		6.83331		75		74		210		210		204		204		
118		2125		0		2098		mutate_weight(-0.241216859467)		8.28246		7.39181		76		76		198		210		198		204		
119		2125		0		2098		survived		8.28246		7.39181		77		76		198		210		198		204		
120		2125		0		2098		survived		8.28246		7.39181		78		76		198		210		198		204		
121		2125		0		2098		survived		8.28246		7.39181		79		76		198		210		198		204		
122		2125		0		2098		survived		8.28246		7.39181		80		76		198		210		198		204		
123		2125		0		2098		survived		8.28246		7.39181		81		76		198		210		198		204		
124		2125		0		2098		survived		8.28246		7.39181		82		76		198		210		198		204		
125		2125		0		2098		survived		8.28246		7.39181		83		76		198		210		198		204		
126		2125		0		2098		survived		8.28246		7.39181		84		76		198		210		198		204		
127		2125		0		2098		survived		8.28246		7.39181		85		76		198		210		198		204		
128		2125		0		2098		survived		8.28246		7.39181		86		76		198		210		198		204		
129		2125		0		2098		survived		8.28246		7.39181		87		76		198		210		198		204		
130		2125		0		2098		survived		8.28246		7.39181		88		76		198		210		198		204		
131		2125		0		2098		survived		8.28246		7.39181		89		76		198		210		198		204		
132		2125		0		2098		survived		8.28246		7.39181		90		76		198		210		198		204		
133		2392		0		2125		mutate_function(sin-to-neg_square)		8.61808		8.28246		91		91		192		198		192		198		
134		2392		0		2125		survived		8.61808		8.28246		92		91		192		198		192		198		
135		2392		0		2125		survived		8.61808		8.28246		93		91		192		198		192		198		
136		2392		0		2125		survived		8.61808		8.28246		94		91		192		198		192		198		
137		2392		0		2125		survived		8.61808		8.28246		95		91		192		198		192		198		
138		2392		0		2125		survived		8.61808		8.28246		96		91		192		198		192		198		
139		2392		0		2125		survived		8.61808		8.28246		97		91		192		198		192		198		
140		2392		0		2125		survived		8.61808		8.28246		98		91		192		198		192		198		
141		2541		0		2519		mutate_weight(-0.287661124113)		8.64975		8.53675		99		99		191		190		191		190		
142		2541		0		2519		survived		8.64975		8.53675		100		99		191		190		191		190		
143		2541		0		2519		survived		8.64975		8.53675		101		99		191		190		191		190		
144		2541		0		2519		survived		8.64975		8.53675		102		99		191		190		191		190		
145		2541		0		2519		survived		8.64975		8.53675		103		99		191		190		191		190		
146		2541		0		2519		survived		8.64975		8.53675		104		99		191		190		191		190		
147		2541		0		2519		survived		8.64975		8.53675		105		99		191		190		191		190		
148		2541		0		2519		survived		8.64975		8.53675		106		99		191		190		191		190		
149		2541		0		2519		survived		8.64975		8.53675		107		99		191		190		191		190		
150		2541		0		2519		survived		8.64975		8.53675		108		99		191		190		191		190		
151		2541		0		2519		survived		8.64975		8.53675		109		99		191		190		191		190		
152		2541		0		2519		survived		8.64975		8.53675		110		99		191		190		191		190		
153		2541		0		2519		survived		8.64975		8.53675		111		99		191		190		191		190		
154		2541		0		2519		survived		8.64975		8.53675		112		99		191		190		191		190		
155		2541		0		2519		survived		8.64975		8.53675		113		99		191		190		191		190		
156		2541		0		2519		survived		8.64975		8.53675		114		99		191		190		191		190		
157		2541		0		2519		survived		8.64975		8.53675		115		99		191		190		191		190		
158		2541		0		2519		survived		8.64975		8.53675		116		99		191		190		191		190		
159		2541		0		2519		survived		8.64975		8.53675		117		99		191		190		191		190		
160		2541		0		2519		survived		8.64975		8.53675		118		99		191		190		191		190		
161		2541		0		2519		survived		8.64975		8.53675		119		99		191		190		191		190		
162		2541		0		2519		survived		8.64975		8.53675		120		99		191		190		191		190		
163		2541		0		2519		survived		8.64975		8.53675		121		99		191		190		191		190		
164		2541		0		2519		survived		8.64975		8.53675		122		99		191		190		191		190		
165		2541		0		2519		survived		8.64975		8.53675		123		99		191		190		191		190		
166		2541		0		2519		survived		8.64975		8.53675		124		99		191		190		191		190		
167		2541		0		2519		survived		8.64975		8.53675		125		99		191		190		191		190		
168		2541		0		2519		survived		8.64975		8.53675		126		99		191		190		191		190		
169		2541		0		2519		survived		8.64975		8.53675		127		99		191		190		191		190		
170		2541		0		2519		survived		8.64975		8.53675		128		99		191		190		191		190		
171		2541		0		2519		survived		8.64975		8.53675		129		99		191		190		191		190		
172		2541		0		2519		survived		8.64975		8.53675		130		99		191		190		191		190		
173		2541		0		2519		survived		8.64975		8.53675		131		99		191		190		191		190		
174		2541		0		2519		survived		8.64975		8.53675		132		99		191		190		191		190		
175		2541		0		2519		survived		8.64975		8.53675		133		99		191		190		191		190		
176		2541		0		2519		survived		8.64975		8.53675		134		99		191		190		191		190		
177		2541		0		2519		survived		8.64975		8.53675		135		99		191		190		191		190		
178		2541		0		2519		survived		8.64975		8.53675		136		99		191		190		191		190		
179		2541		0		2519		survived		8.64975		8.53675		137		99		191		190		191		190		
180		2541		0		2519		survived		8.64975		8.53675		138		99		191		190		191		190		
181		2541		0		2519		survived		8.64975		8.53675		139		99		191		190		191		190		
182		2541		0		2519		survived		8.64975		8.53675		140		99		191		190		191		190		
183		2541		0		2519		survived		8.64975		8.53675		141		99		191		190		191		190		
184		2541		0		2519		survived		8.64975		8.53675		142		99		191		190		191		190		
185		2541		0		2519		survived		8.64975		8.53675		143		99		191		190		191		190		
186		2541		0		2519		survived		8.64975		8.53675		144		99		191		190		191		190		
187		2541		0		2519		survived		8.64975		8.53675		145		99		191		190		191		190		
188		2541		0		2519		survived		8.64975		8.53675		146		99		191		190		191		190		
189		2541		0		2519		survived		8.64975		8.53675		147		99		191		190		191		190		
190		2541		0		2519		survived		8.64975		8.53675		148		99		191		190		191		190		
191		2541		0		2519		survived		8.64975		8.53675		149		99		191		190		191		190		
192		2541		0		2519		survived		8.64975		8.53675		150		99		191		190		191		190		
193		2541		0		2519		survived		8.64975		8.53675		151		99		191		190		191		190		
194		2541		0		2519		survived		8.64975		8.53675		152		99		191		190		191		190		
195		2541		0		2519		survived		8.64975		8.53675		153		99		191		190		191		190		
196		2541		0		2519		survived		8.64975		8.53675		154		99		191		190		191		190		
197		2541		0		2519		survived		8.64975		8.53675		155		99		191		190		191		190		
198		2541		0		2519		survived		8.64975		8.53675		156		99		191		190		191		190		
199		2541		0		2519		survived		8.64975		8.53675		157		99		191		190		191		190		
200		2541		0		2519		survived		8.64975		8.53675		158		99		191		190		191		190		
201		2541		0		2519		survived		8.64975		8.53675		159		99		191		190		191		190		
202		2541		0		2519		survived		8.64975		8.53675		160		99		191		190		191		190		
203		2541		0		2519		survived		8.64975		8.53675		161		99		191		190		191		190		
204		2541		0		2519		survived		8.64975		8.53675		162		99		191		190		191		190		
205		2541		0		2519		survived		8.64975		8.53675		163		99		191		190		191		190		
206		2541		0		2519		survived		8.64975		8.53675		164		99		191		190		191		190		
207		2541		0		2519		survived		8.64975		8.53675		165		99		191		190		191		190		
208		2541		0		2519		survived		8.64975		8.53675		166		99		191		190		191		190		
209		2541		0		2519		survived		8.64975		8.53675		167		99		191		190		191		190		
210		2541		0		2519		survived		8.64975		8.53675		168		99		191		190		191		190		
211		2541		0		2519		survived		8.64975		8.53675		169		99		191		190		191		190		
212		2541		0		2519		survived		8.64975		8.53675		170		99		191		190		191		190		
213		2541		0		2519		survived		8.64975		8.53675		171		99		191		190		191		190		
214		2541		0		2519		survived		8.64975		8.53675		172		99		191		190		191		190		
215		2541		0		2519		survived		8.64975		8.53675		173		99		191		190		191		190		
216		2541		0		2519		survived		8.64975		8.53675		174		99		191		190		191		190		
217		2541		0		2519		survived		8.64975		8.53675		175		99		191		190		191		190		
218		2541		0		2519		survived		8.64975		8.53675		176		99		191		190		191		190		
219		2541		0		2519		survived		8.64975		8.53675		177		99		191		190		191		190		
220		2541		0		2519		survived		8.64975		8.53675		178		99		191		190		191		190		
221		2541		0		2519		survived		8.64975		8.53675		179		99		191		190		191		190		
222		2541		0		2519		survived		8.64975		8.53675		180		99		191		190		191		190		
223		2541		0		2519		survived		8.64975		8.53675		181		99		191		190		191		190		
224		2541		0		2519		survived		8.64975		8.53675		182		99		191		190		191		190		
225		2541		0		2519		survived		8.64975		8.53675		183		99		191		190		191		190		
226		2541		0		2519		survived		8.64975		8.53675		184		99		191		190		191		190		
227		2541		0		2519		survived		8.64975		8.53675		185		99		191		190		191		190		
228		2541		0		2519		survived		8.64975		8.53675		186		99		191		190		191		190		
229		2541		0		2519		survived		8.64975		8.53675		187		99		191		190		191		190		
230		2541		0		2519		survived		8.64975		8.53675		188		99		191		190		191		190		
231		2541		0		2519		survived		8.64975		8.53675		189		99		191		190		191		190		
232		2541		0		2519		survived		8.64975		8.53675		190		99		191		190		191		190		
233		2541		0		2519		survived		8.64975		8.53675		191		99		191		190		191		190		
234		2541		0		2519		survived		8.64975		8.53675		192		99		191		190		191		190		
235		2541		0		2519		survived		8.64975		8.53675		193		99		191		190		191		190		
236		2541		0		2519		survived		8.64975		8.53675		194		99		191		190		191		190		
237		2541		0		2519		survived		8.64975		8.53675		195		99		191		190		191		190		
238		2541		0		2519		survived		8.64975		8.53675		196		99		191		190		191		190		
239		2541		0		2519		survived		8.64975		8.53675		197		99		191		190		191		190		
240		2541		0		2519		survived		8.64975		8.53675		198		99		191		190		191		190		
241		2541		0		2519		survived		8.64975		8.53675		199		99		191		190		191		190		
242		2541		0		2519		survived		8.64975		8.53675		200		99		191		190		191		190		
243		2541		0		2519		survived		8.64975		8.53675		201		99		191		190		191		190		
244		2541		0		2519		survived		8.64975		8.53675		202		99		191		190		191		190		
245		2541		0		2519		survived		8.64975		8.53675		203		99		191		190		191		190		
246		2541		0		2519		survived		8.64975		8.53675		204		99		191		190		191		190		
247		2541		0		2519		survived		8.64975		8.53675		205		99		191		190		191		190		
248		2541		0		2519		survived		8.64975		8.53675		206		99		191		190		191		190		
249		2541		0		2519		survived		8.64975		8.53675		207		99		191		190		191		190		
250		2541		0		2519		survived		8.64975		8.53675		208		99		191		190		191		190		
251		2541		0		2519		survived		8.64975		8.53675		209		99		191		190		191		190		
252		2541		0		2519		survived		8.64975		8.53675		210		99		191		190		191		190		
253		2541		0		2519		survived		8.64975		8.53675		211		99		191		190		191		190		
254		2541		0		2519		survived		8.64975		8.53675		212		99		191		190		191		190		
255		2541		0		2519		survived		8.64975		8.53675		213		99		191		190		191		190		
256		2541		0		2519		survived		8.64975		8.53675		214		99		191		190		191		190		
257		2541		0		2519		survived		8.64975		8.53675		215		99		191		190		191		190		
258		2541		0		2519		survived		8.64975		8.53675		216		99		191		190		191		190		
259		2541		0		2519		survived		8.64975		8.53675		217		99		191		190		191		190		
260		2541		0		2519		survived		8.64975		8.53675		218		99		191		190		191		190		
261		2541		0		2519		survived		8.64975		8.53675		219		99		191		190		191		190		
262		2541		0		2519		survived		8.64975		8.53675		220		99		191		190		191		190		
263		2541		0		2519		survived		8.64975		8.53675		221		99		191		190		191		190		
264		2541		0		2519		survived		8.64975		8.53675		222		99		191		190		191		190		
265		2541		0		2519		survived		8.64975		8.53675		223		99		191		190		191		190		
266		2541		0		2519		survived		8.64975		8.53675		224		99		191		190		191		190		
267		2541		0		2519		survived		8.64975		8.53675		225		99		191		190		191		190		
268		2541		0		2519		survived		8.64975		8.53675		226		99		191		190		191		190		
269		2541		0		2519		survived		8.64975		8.53675		227		99		191		190		191		190		
270		2541		0		2519		survived		8.64975		8.53675		228		99		191		190		191		190		
271		2541		0		2519		survived		8.64975		8.53675		229		99		191		190		191		190		
272		2541		0		2519		survived		8.64975		8.53675		230		99		191		190		191		190		
273		2541		0		2519		survived		8.64975		8.53675		231		99		191		190		191		190		
274		2541		0		2519		survived		8.64975		8.53675		232		99		191		190		191		190		
275		2541		0		2519		survived		8.64975		8.53675		233		99		191		190		191		190		
276		2541		0		2519		survived		8.64975		8.53675		234		99		191		190		191		190		
277		2541		0		2519		survived		8.64975		8.53675		235		99		191		190		191		190		
278		2541		0		2519		survived		8.64975		8.53675		236		99		191		190		191		190		
279		2541		0		2519		survived		8.64975		8.53675		237		99		191		190		191		190		
280		2541		0		2519		survived		8.64975		8.53675		238		99		191		190		191		190		
281		2541		0		2519		survived		8.64975		8.53675		239		99		191		190		191		190		
282		2541		0		2519		survived		8.64975		8.53675		240		99		191		190		191		190		
283		2541		0		2519		survived		8.64975		8.53675		241		99		191		190		191		190		
284		2541		0		2519		survived		8.64975		8.53675		242		99		191		190		191		190		
285		2541		0		2519		survived		8.64975		8.53675		243		99		191		190		191		190		
286		2541		0		2519		survived		8.64975		8.53675		244		99		191		190		191		190		
287		2541		0		2519		survived		8.64975		8.53675		245		99		191		190		191		190		
288		2541		0		2519		survived		8.64975		8.53675		246		99		191		190		191		190		
289		2541		0		2519		survived		8.64975		8.53675		247		99		191		190		191		190		
290		2541		0		2519		survived		8.64975		8.53675		248		99		191		190		191		190		
291		2541		0		2519		survived		8.64975		8.53675		249		99		191		190		191		190		
292		2541		0		2519		survived		8.64975		8.53675		250		99		191		190		191		190		
293		2541		0		2519		survived		8.64975		8.53675		251		99		191		190		191		190		
294		2541		0		2519		survived		8.64975		8.53675		252		99		191		190		191		190		
295		2541		0		2519		survived		8.64975		8.53675		253		99		191		190		191		190		
296		2541		0		2519		survived		8.64975		8.53675		254		99		191		190		191		190		
297		2541		0		2519		survived		8.64975		8.53675		255		99		191		190		191		190		
298		2541		0		2519		survived		8.64975		8.53675		256		99		191		190		191		190		
299		2541		0		2519		survived		8.64975		8.53675		257		99		191		190		191		190		
300		2541		0		2519		survived		8.64975		8.53675		258		99		191		190		191		190		
301		2541		0		2519		survived		8.64975		8.53675		259		99		191		190		191		190		
302		2541		0		2519		survived		8.64975		8.53675		260		99		191		190		191		190		
303		2541		0		2519		survived		8.64975		8.53675		261		99		191		190		191		190		
304		2541		0		2519		survived		8.64975		8.53675		262		99		191		190		191		190		
305		2541		0		2519		survived		8.64975		8.53675		263		99		191		190		191		190		
306		2541		0		2519		survived		8.64975		8.53675		264		99		191		190		191		190		
307		2541		0		2519		survived		8.64975		8.53675		265		99		191		190		191		190		
308		2541		0		2519		survived		8.64975		8.53675		266		99		191		190		191		190		
309		2541		0		2519		survived		8.64975		8.53675		267		99		191		190		191		190		
310		2541		0		2519		survived		8.64975		8.53675		268		99		191		190		191		190		
311		2541		0		2519		survived		8.64975		8.53675		269		99		191		190		191		190		
312		2541		0		2519		survived		8.64975		8.53675		270		99		191		190		191		190		
313		2541		0		2519		survived		8.64975		8.53675		271		99		191		190		191		190		
314		2541		0		2519		survived		8.64975		8.53675		272		99		191		190		191		190		
315		2541		0		2519		survived		8.64975		8.53675		273		99		191		190		191		190		
316		2541		0		2519		survived		8.64975		8.53675		274		99		191		190		191		190		
317		2541		0		2519		survived		8.64975		8.53675		275		99		191		190		191		190		
318		2541		0		2519		survived		8.64975		8.53675		276		99		191		190		191		190		
319		2541		0		2519		survived		8.64975		8.53675		277		99		191		190		191		190		
320		2541		0		2519		survived		8.64975		8.53675		278		99		191		190		191		190		
321		2541		0		2519		survived		8.64975		8.53675		279		99		191		190		191		190		
322		2541		0		2519		survived		8.64975		8.53675		280		99		191		190		191		190		
323		2541		0		2519		survived		8.64975		8.53675		281		99		191		190		191		190		
324		2541		0		2519		survived		8.64975		8.53675		282		99		191		190		191		190		
325		2541		0		2519		survived		8.64975		8.53675		283		99		191		190		191		190		
326		2541		0		2519		survived		8.64975		8.53675		284		99		191		190		191		190		
327		2541		0		2519		survived		8.64975		8.53675		285		99		191		190		191		190		
328		2541		0		2519		survived		8.64975		8.53675		286		99		191		190		191		190		
329		2541		0		2519		survived		8.64975		8.53675		287		99		191		190		191		190		
330		2541		0		2519		survived		8.64975		8.53675		288		99		191		190		191		190		
331		2541		0		2519		survived		8.64975		8.53675		289		99		191		190		191		190		
332		2541		0		2519		survived		8.64975		8.53675		290		99		191		190		191		190		
333		2541		0		2519		survived		8.64975		8.53675		291		99		191		190		191		190		
334		2541		0		2519		survived		8.64975		8.53675		292		99		191		190		191		190		
335		2541		0		2519		survived		8.64975		8.53675		293		99		191		190		191		190		
336		2541		0		2519		survived		8.64975		8.53675		294		99		191		190		191		190		
337		2541		0		2519		survived		8.64975		8.53675		295		99		191		190		191		190		
338		2541		0		2519		survived		8.64975		8.53675		296		99		191		190		191		190		
339		2541		0		2519		survived		8.64975		8.53675		297		99		191		190		191		190		
340		2541		0		2519		survived		8.64975		8.53675		298		99		191		190		191		190		
341		2541		0		2519		survived		8.64975		8.53675		299		99		191		190		191		190		
342		2541		0		2519		survived		8.64975		8.53675		300		99		191		190		191		190		
343		2541		0		2519		survived		8.64975		8.53675		301		99		191		190		191		190		
344		2541		0		2519		survived		8.64975		8.53675		302		99		191		190		191		190		
345		2541		0		2519		survived		8.64975		8.53675		303		99		191		190		191		190		
346		2541		0		2519		survived		8.64975		8.53675		304		99		191		190		191		190		
347		2541		0		2519		survived		8.64975		8.53675		305		99		191		190		191		190		
348		2541		0		2519		survived		8.64975		8.53675		306		99		191		190		191		190		
349		2541		0		2519		survived		8.64975		8.53675		307		99		191		190		191		190		
350		2541		0		2519		survived		8.64975		8.53675		308		99		191		190		191		190		
351		2541		0		2519		survived		8.64975		8.53675		309		99		191		190		191		190		
352		2541		0		2519		survived		8.64975		8.53675		310		99		191		190		191		190		
353		2541		0		2519		survived		8.64975		8.53675		311		99		191		190		191		190		
354		2541		0		2519		survived		8.64975		8.53675		312		99		191		190		191		190		
355		2541		0		2519		survived		8.64975		8.53675		313		99		191		190		191		190		
356		2541		0		2519		survived		8.64975		8.53675		314		99		191		190		191		190		
357		2541		0		2519		survived		8.64975		8.53675		315		99		191		190		191		190		
358		2541		0		2519		survived		8.64975		8.53675		316		99		191		190		191		190		
359		2541		0		2519		survived		8.64975		8.53675		317		99		191		190		191		190		
360		2541		0		2519		survived		8.64975		8.53675		318		99		191		190		191		190		
361		2541		0		2519		survived		8.64975		8.53675		319		99		191		190		191		190		
362		2541		0		2519		survived		8.64975		8.53675		320		99		191		190		191		190		
363		2541		0		2519		survived		8.64975		8.53675		321		99		191		190		191		190		
364		2541		0		2519		survived		8.64975		8.53675		322		99		191		190		191		190		
365		2541		0		2519		survived		8.64975		8.53675		323		99		191		190		191		190		
366		2541		0		2519		survived		8.64975		8.53675		324		99		191		190		191		190		
367		2541		0		2519		survived		8.64975		8.53675		325		99		191		190		191		190		
368		2541		0		2519		survived		8.64975		8.53675		326		99		191		190		191		190		
369		2541		0		2519		survived		8.64975		8.53675		327		99		191		190		191		190		
370		2541		0		2519		survived		8.64975		8.53675		328		99		191		190		191		190		
371		2541		0		2519		survived		8.64975		8.53675		329		99		191		190		191		190		
372		6700		0		3959		add_link		8.66415		8.62883		330		330		180		162		180		162		
373		6700		0		3959		survived		8.66415		8.62883		331		330		180		162		180		162		
374		6700		0		3959		survived		8.66415		8.62883		332		330		180		162		180		162		
375		6700		0		3959		survived		8.66415		8.62883		333		330		180		162		180		162		
376		6700		0		3959		survived		8.66415		8.62883		334		330		180		162		180		162		
377		6700		0		3959		survived		8.66415		8.62883		335		330		180		162		180		162		
378		6700		0		3959		survived		8.66415		8.62883		336		330		180		162		180		162		
379		6700		0		3959		survived		8.66415		8.62883		337		330		180		162		180		162		
380		6700		0		3959		survived		8.66415		8.62883		338		330		180		162		180		162		
381		6700		0		3959		survived		8.66415		8.62883		339		330		180		162		180		162		
382		6700		0		3959		survived		8.66415		8.62883		340		330		180		162		180		162		
383		6700		0		3959		survived		8.66415		8.62883		341		330		180		162		180		162		
384		6700		0		3959		survived		8.66415		8.62883		342		330		180		162		180		162		
385		6700		0		3959		survived		8.66415		8.62883		343		330		180		162		180		162		
386		6700		0		3959		survived		8.66415		8.62883		344		330		180		162		180		162		
387		6700		0		3959		survived		8.66415		8.62883		345		330		180		162		180		162		
388		6700		0		3959		survived		8.66415		8.62883		346		330		180		162		180		162		
389		6700		0		3959		survived		8.66415		8.62883		347		330		180		162		180		162		
390		6700		0		3959		survived		8.66415		8.62883		348		330		180		162		180		162		
391		6700		0		3959		survived		8.66415		8.62883		349		330		180		162		180		162		
392		6700		0		3959		survived		8.66415		8.62883		350		330		180		162		180		162		
393		6700		0		3959		survived		8.66415		8.62883		351		330		180		162		180		162		
394		6700		0		3959		survived		8.66415		8.62883		352		330		180		162		180		162		
395		6700		0		3959		survived		8.66415		8.62883		353		330		180		162		180		162		
396		6700		0		3959		survived		8.66415		8.62883		354		330		180		162		180		162		
397		6700		0		3959		survived		8.66415		8.62883		355		330		180		162		180		162		
398		6700		0		3959		survived		8.66415		8.62883		356		330		180		162		180		162		
399		6700		0		3959		survived		8.66415		8.62883		357		330		180		162		180		162		
400		6700		0		3959		survived		8.66415		8.62883		358		330		180		162		180		162		
401		6700		0		3959		survived		8.66415		8.62883		359		330		180		162		180		162		
402		6700		0		3959		survived		8.66415		8.62883		360		330		180		162		180		162		
403		6700		0		3959		survived		8.66415		8.62883		361		330		180		162		180		162		
404		6700		0		3959		survived		8.66415		8.62883		362		330		180		162		180		162		
405		6700		0		3959		survived		8.66415		8.62883		363		330		180		162		180		162		
406		6700		0		3959		survived		8.66415		8.62883		364		330		180		162		180		162		
407		6700		0		3959		survived		8.66415		8.62883		365		330		180		162		180		162		
408		6700		0		3959		survived		8.66415		8.62883		366		330		180		162		180		162		
409		6700		0		3959		survived		8.66415		8.62883		367		330		180		162		180		162		
410		6700		0		3959		survived		8.66415		8.62883		368		330		180		162		180		162		
411		6700		0		3959		survived		8.66415		8.62883		369		330		180		162		180		162		
412		6700		0		3959		survived		8.66415		8.62883		370		330		180		162		180		162		
413		6700		0		3959		survived		8.66415		8.62883		371		330		180		162		180		162		
414		6700		0		3959		survived		8.66415		8.62883		372		330		180		162		180		162		
415		6700		0		3959		survived		8.66415		8.62883		373		330		180		162		180		162		
416		6700		0		3959		survived		8.66415		8.62883		374		330		180		162		180		162		
417		6700		0		3959		survived		8.66415		8.62883		375		330		180		162		180		162		
418		6700		0		3959		survived		8.66415		8.62883		376		330		180		162		180		162		
419		6700		0		3959		survived		8.66415		8.62883		377		330		180		162		180		162		
420		6700		0		3959		survived		8.66415		8.62883		378		330		180		162		180		162		
421		6700		0		3959		survived		8.66415		8.62883		379		330		180		162		180		162		
422		6700		0		3959		survived		8.66415		8.62883		380		330		180		162		180		162		
423		6700		0		3959		survived		8.66415		8.62883		381		330		180		162		180		162		
424		6700		0		3959		survived		8.66415		8.62883		382		330		180		162		180		162		
425		6700		0		3959		survived		8.66415		8.62883		383		330		180		162		180		162		
426		6700		0		3959		survived		8.66415		8.62883		384		330		180		162		180		162		
427		6700		0		3959		survived		8.66415		8.62883		385		330		180		162		180		162		
428		6700		0		3959		survived		8.66415		8.62883		386		330		180		162		180		162		
429		6700		0		3959		survived		8.66415		8.62883		387		330		180		162		180		162		
430		6700		0		3959		survived		8.66415		8.62883		388		330		180		162		180		162		
431		6700		0		3959		survived		8.66415		8.62883		389		330		180		162		180		162		
432		6700		0		3959		survived		8.66415		8.62883		390		330		180		162		180		162		
433		6700		0		3959		survived		8.66415		8.62883		391		330		180		162		180		162		
434		6700		0		3959		survived		8.66415		8.62883		392		330		180		162		180		162		
435		6700		0		3959		survived		8.66415		8.62883		393		330		180		162		180		162		
436		6700		0		3959		survived		8.66415		8.62883		394		330		180		162		180		162		
437		6700		0		3959		survived		8.66415		8.62883		395		330		180		162		180		162		
438		6700		0		3959		survived		8.66415		8.62883		396		330		180		162		180		162		
439		6700		0		3959		survived		8.66415		8.62883		397		330		180		162		180		162		
440		6700		0		3959		survived		8.66415		8.62883		398		330		180		162		180		162		
441		6700		0		3959		survived		8.66415		8.62883		399		330		180		162		180		162		
442		6700		0		3959		survived		8.66415		8.62883		400		330		180		162		180		162		
443		6700		0		3959		survived		8.66415		8.62883		401		330		180		162		180		162		
444		6700		0		3959		survived		8.66415		8.62883		402		330		180		162		180		162		
445		6700		0		3959		survived		8.66415		8.62883		403		330		180		162		180		162		
446		6700		0		3959		survived		8.66415		8.62883		404		330		180		162		180		162		
447		6700		0		3959		survived		8.66415		8.62883		405		330		180		162		180		162		
448		6700		0		3959		survived		8.66415		8.62883		406		330		180		162		180		162		
449		6700		0		3959		survived		8.66415		8.62883		407		330		180		162		180		162		
450		6700		0		3959		survived		8.66415		8.62883		408		330		180		162		180		162		
451		6700		0		3959		survived		8.66415		8.62883		409		330		180		162		180		162		
452		6700		0		3959		survived		8.66415		8.62883		410		330		180		162		180		162		
453		6700		0		3959		survived		8.66415		8.62883		411		330		180		162		180		162		
454		6700		0		3959		survived		8.66415		8.62883		412		330		180		162		180		162		
455		6700		0		3959		survived		8.66415		8.62883		413		330		180		162		180		162		
456		6700		0		3959		survived		8.66415		8.62883		414		330		180		162		180		162		
457		6700		0		3959		survived		8.66415		8.62883		415		330		180		162		180		162		
458		6700		0		3959		survived		8.66415		8.62883		416		330		180		162		180		162		
459		6700		0		3959		survived		8.66415		8.62883		417		330		180		162		180		162		
460		6700		0		3959		survived		8.66415		8.62883		418		330		180		162		180		162		
461		6700		0		3959		survived		8.66415		8.62883		419		330		180		162		180		162		
462		6700		0		3959		survived		8.66415		8.62883		420		330		180		162		180		162		
463		6700		0		3959		survived		8.66415		8.62883		421		330		180		162		180		162		
464		6700		0		3959		survived		8.66415		8.62883		422		330		180		162		180		162		
465		6700		0		3959		survived		8.66415		8.62883		423		330		180		162		180		162		
466		6700		0		3959		survived		8.66415		8.62883		424		330		180		162		180		162		
467		6700		0		3959		survived		8.66415		8.62883		425		330		180		162		180		162		
468		6700		0		3959		survived		8.66415		8.62883		426		330		180		162		180		162		
469		6700		0		3959		survived		8.66415		8.62883		427		330		180		162		180		162		
470		6700		0		3959		survived		8.66415		8.62883		428		330		180		162		180		162		
471		6700		0		3959		survived		8.66415		8.62883		429		330		180		162		180		162		
472		6700		0		3959		survived		8.66415		8.62883		430		330		180		162		180		162		
473		6700		0		3959		survived		8.66415		8.62883		431		330		180		162		180		162		
474		6700		0		3959		survived		8.66415		8.62883		432		330		180		162		180		162		
475		6700		0		3959		survived		8.66415		8.62883		433		330		180		162		180		162		
476		6700		0		3959		survived		8.66415		8.62883		434		330		180		162		180		162		
477		6700		0		3959		survived		8.66415		8.62883		435		330		180		162		180		162		
478		6700		0		3959		survived		8.66415		8.62883		436		330		180		162		180		162		
479		6700		0		3959		survived		8.66415		8.62883		437		330		180		162		180		162		
480		6700		0		3959		survived		8.66415		8.62883		438		330		180		162		180		162		
481		6700		0		3959		survived		8.66415		8.62883		439		330		180		162		180		162		
482		6700		0		3959		survived		8.66415		8.62883		440		330		180		162		180		162		
483		6700		0		3959		survived		8.66415		8.62883		441		330		180		162		180		162		
484		6700		0		3959		survived		8.66415		8.62883		442		330		180		162		180		162		
485		6700		0		3959		survived		8.66415		8.62883		443		330		180		162		180		162		
486		6700		0		3959		survived		8.66415		8.62883		444		330		180		162		180		162		
487		6700		0		3959		survived		8.66415		8.62883		445		330		180		162		180		162		
488		6700		0		3959		survived		8.66415		8.62883		446		330		180		162		180		162		
489		6700		0		3959		survived		8.66415		8.62883		447		330		180		162		180		162		
490		6700		0		3959		survived		8.66415		8.62883		448		330		180		162		180		162		
491		6700		0		3959		survived		8.66415		8.62883		449		330		180		162		180		162		
492		6700		0		3959		survived		8.66415		8.62883		450		330		180		162		180		162		
493		6700		0		3959		survived		8.66415		8.62883		451		330		180		162		180		162		
494		6700		0		3959		survived		8.66415		8.62883		452		330		180		162		180		162		
495		6700		0		3959		survived		8.66415		8.62883		453		330		180		162		180		162		
496		6700		0		3959		survived		8.66415		8.62883		454		330		180		162		180		162		
497		6700		0		3959		survived		8.66415		8.62883		455		330		180		162		180		162		
498		6700		0		3959		survived		8.66415		8.62883		456		330		180		162		180		162		
499		6700		0		3959		survived		8.66415		8.62883		457		330		180		162		180		162		
500		6700		0		3959		survived		8.66415		8.62883		458		330		180		162		180		162		
501		6700		0		3959		survived		8.66415		8.62883		459		330		180		162		180		162		
502		9046		0		8933		remove_link		8.66415		8.45002		460		460		168		168		168		168		
503		9046		0		8933		survived		8.66415		8.45002		461		460		168		168		168		168		
504		9046		0		8933		survived		8.66415		8.45002		462		460		168		168		168		168		
505		9046		0		8933		survived		8.66415		8.45002		463		460		168		168		168		168		
506		9046		0		8933		survived		8.66415		8.45002		464		460		168		168		168		168		
507		9046		0		8933		survived		8.66415		8.45002		465		460		168		168		168		168		
508		9145		0		9046		mutate_weight(0.215341078549)		9.27662		8.66415		466		466		186		168		186		168		
509		9145		0		9046		survived		9.27662		8.66415		467		466		186		168		186		168		
510		9145		0		9046		survived		9.27662		8.66415		468		466		186		168		186		168		
511		9145		0		9046		survived		9.27662		8.66415		469		466		186		168		186		168		
512		9213		0		9203		add_node		9.27662		8.95365		470		470		185		185		185		185		
513		9213		0		9203		survived		9.27662		8.95365		471		470		185		185		185		185		
514		9213		0		9203		survived		9.27662		8.95365		472		470		185		185		185		185		
515		9271		0		9213		remove_link		9.31046		9.27662		473		473		186		185		186		185		
516		9271		0		9213		survived		9.31046		9.27662		474		473		186		185		186		185		
517		9271		0		9213		survived		9.31046		9.27662		475		473		186		185		186		185		
518		9271		0		9213		survived		9.31046		9.27662		476		473		186		185		186		185		
519		9271		0		9213		survived		9.31046		9.27662		477		473		186		185		186		185		
520		9271		0		9213		survived		9.31046		9.27662		478		473		186		185		186		185		
521		9271		0		9213		survived		9.31046		9.27662		479		473		186		185		186		185		
522		9405		0		9271		remove_link		9.36799		9.31046		480		480		186		186		186		186		
523		9405		0		9271		survived		9.36799		9.31046		481		480		186		186		186		186		
524		9405		0		9271		survived		9.36799		9.31046		482		480		186		186		186		186		
525		9405		0		9271		survived		9.36799		9.31046		483		480		186		186		186		186		
526		9405		0		9271		survived		9.36799		9.31046		484		480		186		186		186		186		
527		9405		0		9271		survived		9.36799		9.31046		485		480		186		186		186		186		
528		9405		0		9271		survived		9.36799		9.31046		486		480		186		186		186		186		
529		9405		0		9271		survived		9.36799		9.31046		487		480		186		186		186		186		
530		9405		0		9271		survived		9.36799		9.31046		488		480		186		186		186		186		
531		9405		0		9271		survived		9.36799		9.31046		489		480		186		186		186		186		
532		9405		0		9271		survived		9.36799		9.31046		490		480		186		186		186		186		
533		9405		0		9271		survived		9.36799		9.31046		491		480		186		186		186		186		
534		9405		0		9271		survived		9.36799		9.31046		492		480		186		186		186		186		
535		9405		0		9271		survived		9.36799		9.31046		493		480		186		186		186		186		
536		9405		0		9271		survived		9.36799		9.31046		494		480		186		186		186		186		
537		9405		0		9271		survived		9.36799		9.31046		495		480		186		186		186		186		
538		9405		0		9271		survived		9.36799		9.31046		496		480		186		186		186		186		
539		9405		0		9271		survived		9.36799		9.31046		497		480		186		186		186		186		
540		9405		0		9271		survived		9.36799		9.31046		498		480		186		186		186		186		
541		9405		0		9271		survived		9.36799		9.31046		499		480		186		186		186		186		
542		9405		0		9271		survived		9.36799		9.31046		500		480		186		186		186		186		
543		9405		0		9271		survived		9.36799		9.31046		501		480		186		186		186		186		
544		9405		0		9271		survived		9.36799		9.31046		502		480		186		186		186		186		
545		9405		0		9271		survived		9.36799		9.31046		503		480		186		186		186		186		
546		9405		0		9271		survived		9.36799		9.31046		504		480		186		186		186		186		
547		9405		0		9271		survived		9.36799		9.31046		505		480		186		186		186		186		
548		9405		0		9271		survived		9.36799		9.31046		506		480		186		186		186		186		
549		9405		0		9271		survived		9.36799		9.31046		507		480		186		186		186		186		
550		9405		0		9271		survived		9.36799		9.31046		508		480		186		186		186		186		
551		9405		0		9271		survived		9.36799		9.31046		509		480		186		186		186		186		
552		9405		0		9271		survived		9.36799		9.31046		510		480		186		186		186		186		
553		9405		0		9271		survived		9.36799		9.31046		511		480		186		186		186		186		
554		9405		0		9271		survived		9.36799		9.31046		512		480		186		186		186		186		
555		9405		0		9271		survived		9.36799		9.31046		513		480		186		186		186		186		
556		9405		0		9271		survived		9.36799		9.31046		514		480		186		186		186		186		
557		9405		0		9271		survived		9.36799		9.31046		515		480		186		186		186		186		
558		9405		0		9271		survived		9.36799		9.31046		516		480		186		186		186		186		
559		9405		0		9271		survived		9.36799		9.31046		517		480		186		186		186		186		
560		9405		0		9271		survived		9.36799		9.31046		518		480		186		186		186		186		
561		9405		0		9271		survived		9.36799		9.31046		519		480		186		186		186		186		
562		9405		0		9271		survived		9.36799		9.31046		520		480		186		186		186		186		
563		9405		0		9271		survived		9.36799		9.31046		521		480		186		186		186		186		
564		9405		0		9271		survived		9.36799		9.31046		522		480		186		186		186		186		
565		9405		0		9271		survived		9.36799		9.31046		523		480		186		186		186		186		
566		9405		0		9271		survived		9.36799		9.31046		524		480		186		186		186		186		
567		9405		0		9271		survived		9.36799		9.31046		525		480		186		186		186		186		
568		9405		0		9271		survived		9.36799		9.31046		526		480		186		186		186		186		
569		9405		0		9271		survived		9.36799		9.31046		527		480		186		186		186		186		
570		9405		0		9271		survived		9.36799		9.31046		528		480		186		186		186		186		
571		9405		0		9271		survived		9.36799		9.31046		529		480		186		186		186		186		
572		9405		0		9271		survived		9.36799		9.31046		530		480		186		186		186		186		
573		10322		0		9405		add_link		9.42439		9.36799		531		531		186		186		186		186		
574		10322		0		9405		survived		9.42439		9.36799		532		531		186		186		186		186		
575		10322		0		9405		survived		9.42439		9.36799		533		531		186		186		186		186		
576		10322		0		9405		survived		9.42439		9.36799		534		531		186		186		186		186		
577		10322		0		9405		survived		9.42439		9.36799		535		531		186		186		186		186		
578		10322		0		9405		survived		9.42439		9.36799		536		531		186		186		186		186		
579		10322		0		9405		survived		9.42439		9.36799		537		531		186		186		186		186		
580		10322		0		9405		survived		9.42439		9.36799		538		531		186		186		186		186		
581		10322		0		9405		survived		9.42439		9.36799		539		531		186		186		186		186		
582		10322		0		9405		survived		9.42439		9.36799		540		531		186		186		186		186		
583		10322		0		9405		survived		9.42439		9.36799		541		531		186		186		186		186		
584		10322		0		9405		survived		9.42439		9.36799		542		531		186		186		186		186		
585		10322		0		9405		survived		9.42439		9.36799		543		531		186		186		186		186		
586		10554		0		10404		mutate_weight(-1.06001181793)		9.42439		8.82564		544		544		172		172		172		172		
587		10554		0		10404		survived		9.42439		8.82564		545		544		172		172		172		172		
588		10554		0		10404		survived		9.42439		8.82564		546		544		172		172		172		172		
589		10554		0		10404		survived		9.42439		8.82564		547		544		172		172		172		172		
590		10554		0		10404		survived		9.42439		8.82564		548		544		172		172		172		172		
591		10554		0		10404		survived		9.42439		8.82564		549		544		172		172		172		172		
592		10554		0		10404		survived		9.42439		8.82564		550		544		172		172		172		172		
593		10554		0		10404		survived		9.42439		8.82564		551		544		172		172		172		172		
594		10554		0		10404		survived		9.42439		8.82564		552		544		172		172		172		172		
595		10554		0		10404		survived		9.42439		8.82564		553		544		172		172		172		172		
596		10554		0		10404		survived		9.42439		8.82564		554		544		172		172		172		172		
597		10554		0		10404		survived		9.42439		8.82564		555		544		172		172		172		172		
598		10554		0		10404		survived		9.42439		8.82564		556		544		172		172		172		172		
599		10554		0		10404		survived		9.42439		8.82564		557		544		172		172		172		172		
600		10554		0		10404		survived		9.42439		8.82564		558		544		172		172		172		172		
601		10554		0		10404		survived		9.42439		8.82564		559		544		172		172		172		172		
602		10554		0		10404		survived		9.42439		8.82564		560		544		172		172		172		172		
603		10554		0		10404		survived		9.42439		8.82564		561		544		172		172		172		172		
604		10554		0		10404		survived		9.42439		8.82564		562		544		172		172		172		172		
605		10554		0		10404		survived		9.42439		8.82564		563		544		172		172		172		172		
606		10554		0		10404		survived		9.42439		8.82564		564		544		172		172		172		172		
607		10554		0		10404		survived		9.42439		8.82564		565		544		172		172		172		172		
608		10554		0		10404		survived		9.42439		8.82564		566		544		172		172		172		172		
609		10554		0		10404		survived		9.42439		8.82564		567		544		172		172		172		172		
610		10554		0		10404		survived		9.42439		8.82564		568		544		172		172		172		172		
611		10554		0		10404		survived		9.42439		8.82564		569		544		172		172		172		172		
612		10554		0		10404		survived		9.42439		8.82564		570		544		172		172		172		172		
613		10554		0		10404		survived		9.42439		8.82564		571		544		172		172		172		172		
614		10554		0		10404		survived		9.42439		8.82564		572		544		172		172		172		172		
615		10554		0		10404		survived		9.42439		8.82564		573		544		172		172		172		172		
616		10554		0		10404		survived		9.42439		8.82564		574		544		172		172		172		172		
617		10554		0		10404		survived		9.42439		8.82564		575		544		172		172		172		172		
618		10554		0		10404		survived		9.42439		8.82564		576		544		172		172		172		172		
619		10554		0		10404		survived		9.42439		8.82564		577		544		172		172		172		172		
620		10554		0		10404		survived		9.42439		8.82564		578		544		172		172		172		172		
621		10554		0		10404		survived		9.42439		8.82564		579		544		172		172		172		172		
622		10554		0		10404		survived		9.42439		8.82564		580		544		172		172		172		172		
623		10554		0		10404		survived		9.42439		8.82564		581		544		172		172		172		172		
624		10554		0		10404		survived		9.42439		8.82564		582		544		172		172		172		172		
625		10554		0		10404		survived		9.42439		8.82564		583		544		172		172		172		172		
626		10554		0		10404		survived		9.42439		8.82564		584		544		172		172		172		172		
627		10554		0		10404		survived		9.42439		8.82564		585		544		172		172		172		172		
628		10554		0		10404		survived		9.42439		8.82564		586		544		172		172		172		172		
629		10554		0		10404		survived		9.42439		8.82564		587		544		172		172		172		172		
630		10554		0		10404		survived		9.42439		8.82564		588		544		172		172		172		172		
631		10554		0		10404		survived		9.42439		8.82564		589		544		172		172		172		172		
632		11376		0		11361		remove_node		9.42439		9.25507		590		590		172		172		172		172		
633		11376		0		11361		survived		9.42439		9.25507		591		590		172		172		172		172		
634		11376		0		11361		survived		9.42439		9.25507		592		590		172		172		172		172		
635		11376		0		11361		survived		9.42439		9.25507		593		590		172		172		172		172		
636		11376		0		11361		survived		9.42439		9.25507		594		590		172		172		172		172		
637		11376		0		11361		survived		9.42439		9.25507		595		590		172		172		172		172		
638		11376		0		11361		survived		9.42439		9.25507		596		590		172		172		172		172		
639		11376		0		11361		survived		9.42439		9.25507		597		590		172		172		172		172		
640		11376		0		11361		survived		9.42439		9.25507		598		590		172		172		172		172		
641		11376		0		11361		survived		9.42439		9.25507		599		590		172		172		172		172		
642		11376		0		11361		survived		9.42439		9.25507		600		590		172		172		172		172		
643		11376		0		11361		survived		9.42439		9.25507		601		590		172		172		172		172		
644		11591		0		11376		mutate_function(neg_square-to-absolute)		9.52986		9.42439		602		602		184		172		184		172		
645		11591		0		11376		survived		9.52986		9.42439		603		602		184		172		184		172		
646		11591		0		11376		survived		9.52986		9.42439		604		602		184		172		184		172		
647		11654		0		11627		remove_node		9.52986		2.79448		605		605		184		184		148		148		
648		11654		0		11627		survived		9.52986		2.79448		606		605		184		184		148		148		
649		11654		0		11627		survived		9.52986		2.79448		607		605		184		184		148		148		
650		11654		0		11627		survived		9.52986		2.79448		608		605		184		184		148		148		
651		11654		0		11627		survived		9.52986		2.79448		609		605		184		184		148		148		
652		11654		0		11627		survived		9.52986		2.79448		610		605		184		184		148		148		
653		11654		0		11627		survived		9.52986		2.79448		611		605		184		184		148		148		
654		11654		0		11627		survived		9.52986		2.79448		612		605		184		184		148		148		
655		11654		0		11627		survived		9.52986		2.79448		613		605		184		184		148		148		
656		11654		0		11627		survived		9.52986		2.79448		614		605		184		184		148		148		
657		11654		0		11627		survived		9.52986		2.79448		615		605		184		184		148		148		
658		11654		0		11627		survived		9.52986		2.79448		616		605		184		184		148		148		
659		11654		0		11627		survived		9.52986		2.79448		617		605		184		184		148		148		
660		11654		0		11627		survived		9.52986		2.79448		618		605		184		184		148		148		
661		11654		0		11627		survived		9.52986		2.79448		619		605		184		184		148		148		
662		11654		0		11627		survived		9.52986		2.79448		620		605		184		184		148		148		
663		11654		0		11627		survived		9.52986		2.79448		621		605		184		184		148		148		
664		11654		0		11627		survived		9.52986		2.79448		622		605		184		184		148		148		
665		11654		0		11627		survived		9.52986		2.79448		623		605		184		184		148		148		
666		11654		0		11627		survived		9.52986		2.79448		624		605		184		184		148		148		
667		11654		0		11627		survived		9.52986		2.79448		625		605		184		184		148		148		
668		11654		0		11627		survived		9.52986		2.79448		626		605		184		184		148		148		
669		11654		0		11627		survived		9.52986		2.79448		627		605		184		184		148		148		
670		11654		0		11627		survived		9.52986		2.79448		628		605		184		184		148		148		
671		11654		0		11627		survived		9.52986		2.79448		629		605		184		184		148		148		
672		11654		0		11627		survived		9.52986		2.79448		630		605		184		184		148		148		
673		11654		0		11627		survived		9.52986		2.79448		631		605		184		184		148		148		
674		11654		0		11627		survived		9.52986		2.79448		632		605		184		184		148		148		
675		11654		0		11627		survived		9.52986		2.79448		633		605		184		184		148		148		
676		11654		0		11627		survived		9.52986		2.79448		634		605		184		184		148		148		
677		11654		0		11627		survived		9.52986		2.79448		635		605		184		184		148		148		
678		11654		0		11627		survived		9.52986		2.79448		636		605		184		184		148		148		
679		11654		0		11627		survived		9.52986		2.79448		637		605		184		184		148		148		
680		11654		0		11627		survived		9.52986		2.79448		638		605		184		184		148		148		
681		11654		0		11627		survived		9.52986		2.79448		639		605		184		184		148		148		
682		11654		0		11627		survived		9.52986		2.79448		640		605		184		184		148		148		
683		11654		0		11627		survived		9.52986		2.79448		641		605		184		184		148		148		
684		11654		0		11627		survived		9.52986		2.79448		642		605		184		184		148		148		
685		11654		0		11627		survived		9.52986		2.79448		643		605		184		184		148		148		
686		11654		0		11627		survived		9.52986		2.79448		644		605		184		184		148		148		
687		11654		0		11627		survived		9.52986		2.79448		645		605		184		184		148		148		
688		11654		0		11627		survived		9.52986		2.79448		646		605		184		184		148		148		
689		11654		0		11627		survived		9.52986		2.79448		647		605		184		184		148		148		
690		11654		0		11627		survived		9.52986		2.79448		648		605		184		184		148		148		
691		11654		0		11627		survived		9.52986		2.79448		649		605		184		184		148		148		
692		11654		0		11627		survived		9.52986		2.79448		650		605		184		184		148		148		
693		11654		0		11627		survived		9.52986		2.79448		651		605		184		184		148		148		
694		11654		0		11627		survived		9.52986		2.79448		652		605		184		184		148		148		
695		11654		0		11627		survived		9.52986		2.79448		653		605		184		184		148		148		
696		11654		0		11627		survived		9.52986		2.79448		654		605		184		184		148		148		
697		11654		0		11627		survived		9.52986		2.79448		655		605		184		184		148		148		
698		11654		0		11627		survived		9.52986		2.79448		656		605		184		184		148		148		
699		11654		0		11627		survived		9.52986		2.79448		657		605		184		184		148		148		
700		11654		0		11627		survived		9.52986		2.79448		658		605		184		184		148		148		
701		11654		0		11627		survived		9.52986		2.79448		659		605		184		184		148		148		
702		11654		0		11627		survived		9.52986		2.79448		660		605		184		184		148		148		
703		11654		0		11627		survived		9.52986		2.79448		661		605		184		184		148		148		
704		11654		0		11627		survived		9.52986		2.79448		662		605		184		184		148		148		
705		11654		0		11627		survived		9.52986		2.79448		663		605		184		184		148		148		
706		11654		0		11627		survived		9.52986		2.79448		664		605		184		184		148		148		
707		11654		0		11627		survived		9.52986		2.79448		665		605		184		184		148		148		
708		11654		0		11627		survived		9.52986		2.79448		666		605		184		184		148		148		
709		11654		0		11627		survived		9.52986		2.79448		667		605		184		184		148		148		
710		11654		0		11627		survived		9.52986		2.79448		668		605		184		184		148		148		
711		11654		0		11627		survived		9.52986		2.79448		669		605		184		184		148		148		
712		11654		0		11627		survived		9.52986		2.79448		670		605		184		184		148		148		
713		11654		0		11627		survived		9.52986		2.79448		671		605		184		184		148		148		
714		11654		0		11627		survived		9.52986		2.79448		672		605		184		184		148		148		
715		11654		0		11627		survived		9.52986		2.79448		673		605		184		184		148		148		
716		11654		0		11627		survived		9.52986		2.79448		674		605		184		184		148		148		
717		11654		0		11627		survived		9.52986		2.79448		675		605		184		184		148		148		
718		11654		0		11627		survived		9.52986		2.79448		676		605		184		184		148		148		
719		11654		0		11627		survived		9.52986		2.79448		677		605		184		184		148		148		
720		11654		0		11627		survived		9.52986		2.79448		678		605		184		184		148		148		
721		11654		0		11627		survived		9.52986		2.79448		679		605		184		184		148		148		
722		11654		0		11627		survived		9.52986		2.79448		680		605		184		184		148		148		
723		11654		0		11627		survived		9.52986		2.79448		681		605		184		184		148		148		
724		11654		0		11627		survived		9.52986		2.79448		682		605		184		184		148		148		
725		11654		0		11627		survived		9.52986		2.79448		683		605		184		184		148		148		
726		11654		0		11627		survived		9.52986		2.79448		684		605		184		184		148		148		
727		11654		0		11627		survived		9.52986		2.79448		685		605		184		184		148		148		
728		11654		0		11627		survived		9.52986		2.79448		686		605		184		184		148		148		
729		11654		0		11627		survived		9.52986		2.79448		687		605		184		184		148		148		
730		11654		0		11627		survived		9.52986		2.79448		688		605		184		184		148		148		
731		11654		0		11627		survived		9.52986		2.79448		689		605		184		184		148		148		
732		11654		0		11627		survived		9.52986		2.79448		690		605		184		184		148		148		
733		11654		0		11627		survived		9.52986		2.79448		691		605		184		184		148		148		
734		11654		0		11627		survived		9.52986		2.79448		692		605		184		184		148		148		
735		11654		0		11627		survived		9.52986		2.79448		693		605		184		184		148		148		
736		11654		0		11627		survived		9.52986		2.79448		694		605		184		184		148		148		
737		11654		0		11627		survived		9.52986		2.79448		695		605		184		184		148		148		
738		11654		0		11627		survived		9.52986		2.79448		696		605		184		184		148		148		
739		11654		0		11627		survived		9.52986		2.79448		697		605		184		184		148		148		
740		11654		0		11627		survived		9.52986		2.79448		698		605		184		184		148		148		
741		11654		0		11627		survived		9.52986		2.79448		699		605		184		184		148		148		
742		11654		0		11627		survived		9.52986		2.79448		700		605		184		184		148		148		
743		11654		0		11627		survived		9.52986		2.79448		701		605		184		184		148		148		
744		11654		0		11627		survived		9.52986		2.79448		702		605		184		184		148		148		
745		11654		0		11627		survived		9.52986		2.79448		703		605		184		184		148		148		
746		11654		0		11627		survived		9.52986		2.79448		704		605		184		184		148		148		
747		13447		0		13430		mutate_function(neg_sqrt_abs-to-neg_abs)		9.52986		9.42439		705		705		184		184		148		148		
748		13447		0		13430		survived		9.52986		9.42439		706		705		184		184		148		148		
749		13447		0		13430		survived		9.52986		9.42439		707		705		184		184		148		148		
750		13447		0		13430		survived		9.52986		9.42439		708		705		184		184		148		148		
751		13447		0		13430		survived		9.52986		9.42439		709		705		184		184		148		148		
752		13447		0		13430		survived		9.52986		9.42439		710		705		184		184		148		148		
753		13447		0		13430		survived		9.52986		9.42439		711		705		184		184		148		148		
754		13447		0		13430		survived		9.52986		9.42439		712		705		184		184		148		148		
755		13447		0		13430		survived		9.52986		9.42439		713		705		184		184		148		148		
756		13447		0		13430		survived		9.52986		9.42439		714		705		184		184		148		148		
757		13447		0		13430		survived		9.52986		9.42439		715		705		184		184		148		148		
758		13447		0		13430		survived		9.52986		9.42439		716		705		184		184		148		148		
759		13447		0		13430		survived		9.52986		9.42439		717		705		184		184		148		148		
760		13447		0		13430		survived		9.52986		9.42439		718		705		184		184		148		148		
761		13447		0		13430		survived		9.52986		9.42439		719		705		184		184		148		148		
762		13447		0		13430		survived		9.52986		9.42439		720		705		184		184		148		148		
763		13447		0		13430		survived		9.52986		9.42439		721		705		184		184		148		148		
764		13447		0		13430		survived		9.52986		9.42439		722		705		184		184		148		148		
765		13447		0		13430		survived		9.52986		9.42439		723		705		184		184		148		148		
766		13447		0		13430		survived		9.52986		9.42439		724		705		184		184		148		148		
767		13447		0		13430		survived		9.52986		9.42439		725		705		184		184		148		148		
768		13447		0		13430		survived		9.52986		9.42439		726		705		184		184		148		148		
769		13447		0		13430		survived		9.52986		9.42439		727		705		184		184		148		148		
770		13869		0		11376		mutate_function(neg_square-to-absolute)		9.52986		9.42439		728		728		172		172		172		172		
771		13869		0		11376		survived		9.52986		9.42439		729		728		172		172		172		172		
772		13869		0		11376		survived		9.52986		9.42439		730		728		172		172		172		172		
773		13869		0		11376		survived		9.52986		9.42439		731		728		172		172		172		172		
774		13869		0		11376		survived		9.52986		9.42439		732		728		172		172		172		172		
775		13869		0		11376		survived		9.52986		9.42439		733		728		172		172		172		172		
776		13869		0		11376		survived		9.52986		9.42439		734		728		172		172		172		172		
777		13869		0		11376		survived		9.52986		9.42439		735		728		172		172		172		172		
778		13869		0		11376		survived		9.52986		9.42439		736		728		172		172		172		172		
779		13869		0		11376		survived		9.52986		9.42439		737		728		172		172		172		172		
780		13869		0		11376		survived		9.52986		9.42439		738		728		172		172		172		172		
781		13869		0		11376		survived		9.52986		9.42439		739		728		172		172		172		172		
782		13869		0		11376		survived		9.52986		9.42439		740		728		172		172		172		172		
783		13869		0		11376		survived		9.52986		9.42439		741		728		172		172		172		172		
784		13869		0		11376		survived		9.52986		9.42439		742		728		172		172		172		172		
785		13869		0		11376		survived		9.52986		9.42439		743		728		172		172		172		172		
786		13869		0		11376		survived		9.52986		9.42439		744		728		172		172		172		172		
787		13869		0		11376		survived		9.52986		9.42439		745		728		172		172		172		172		
788		13869		0		11376		survived		9.52986		9.42439		746		728		172		172		172		172		
789		13869		0		11376		survived		9.52986		9.42439		747		728		172		172		172		172		
790		13869		0		11376		survived		9.52986		9.42439		748		728		172		172		172		172		
791		13869		0		11376		survived		9.52986		9.42439		749		728		172		172		172		172		
792		13869		0		11376		survived		9.52986		9.42439		750		728		172		172		172		172		
793		13869		0		11376		survived		9.52986		9.42439		751		728		172		172		172		172		
794		13869		0		11376		survived		9.52986		9.42439		752		728		172		172		172		172		
795		13869		0		11376		survived		9.52986		9.42439		753		728		172		172		172		172		
796		13869		0		11376		survived		9.52986		9.42439		754		728		172		172		172		172		
797		13869		0		11376		survived		9.52986		9.42439		755		728		172		172		172		172		
798		13869		0		11376		survived		9.52986		9.42439		756		728		172		172		172		172		
799		13869		0		11376		survived		9.52986		9.42439		757		728		172		172		172		172		
800		13869		0		11376		survived		9.52986		9.42439		758		728		172		172		172		172		
801		13869		0		11376		survived		9.52986		9.42439		759		728		172		172		172		172		
802		13869		0		11376		survived		9.52986		9.42439		760		728		172		172		172		172		
803		13869		0		11376		survived		9.52986		9.42439		761		728		172		172		172		172		
804		13869		0		11376		survived		9.52986		9.42439		762		728		172		172		172		172		
805		13869		0		11376		survived		9.52986		9.42439		763		728		172		172		172		172		
806		13869		0		11376		survived		9.52986		9.42439		764		728		172		172		172		172		
807		13869		0		11376		survived		9.52986		9.42439		765		728		172		172		172		172		
808		13869		0		11376		survived		9.52986		9.42439		766		728		172		172		172		172		
809		13869		0		11376		survived		9.52986		9.42439		767		728		172		172		172		172		
810		13869		0		11376		survived		9.52986		9.42439		768		728		172		172		172		172		
811		13869		0		11376		survived		9.52986		9.42439		769		728		172		172		172		172		
812		13869		0		11376		survived		9.52986		9.42439		770		728		172		172		172		172		
813		13869		0		11376		survived		9.52986		9.42439		771		728		172		172		172		172		
814		13869		0		11376		survived		9.52986		9.42439		772		728		172		172		172		172		
815		13869		0		11376		survived		9.52986		9.42439		773		728		172		172		172		172		
816		13869		0		11376		survived		9.52986		9.42439		774		728		172		172		172		172		
817		13869		0		11376		survived		9.52986		9.42439		775		728		172		172		172		172		
818		13869		0		11376		survived		9.52986		9.42439		776		728		172		172		172		172		
819		13869		0		11376		survived		9.52986		9.42439		777		728		172		172		172		172		
820		13869		0		11376		survived		9.52986		9.42439		778		728		172		172		172		172		
821		13869		0		11376		survived		9.52986		9.42439		779		728		172		172		172		172		
822		13869		0		11376		survived		9.52986		9.42439		780		728		172		172		172		172		
823		13869		0		11376		survived		9.52986		9.42439		781		728		172		172		172		172		
824		13869		0		11376		survived		9.52986		9.42439		782		728		172		172		172		172		
825		13869		0		11376		survived		9.52986		9.42439		783		728		172		172		172		172		
