gen		id		dom		parent_id		variation_type		fitness		parent_fitness		age		parent_age		num_voxels		parent_num_voxels		energy		parent_energy		material_different_from_parent		mean_material		mean_parent_material		mean_parent_diff_material
0		14		0		-1		newly_generated		5.0697		-10000000.0		0		10000000.0		216		10000000.0		216		10000000.0		
1		14		0		-1		survived		5.0697		-10000000.0		1		10000000.0		216		10000000.0		216		10000000.0		
2		43		0		14		add_link		5.15008		5.0697		2		2		216		216		216		216		
3		43		0		14		survived		5.15008		5.0697		3		2		216		216		216		216		
4		43		0		14		survived		5.15008		5.0697		4		2		216		216		216		216		
5		101		0		43		mutate_weight(-0.216043334314)		5.2988		5.15008		5		5		216		216		216		216		
6		101		0		43		survived		5.2988		5.15008		6		5		216		216		216		216		
7		101		0		43		survived		5.2988		5.15008		7		5		216		216		216		216		
8		101		0		43		survived		5.2988		5.15008		8		5		216		216		216		216		
9		165		0		146		add_link		5.41632		5.03187		7		7		216		216		216		216		
10		185		0		165		add_link		5.45797		5.41632		8		8		216		216		216		216		
11		198		0		185		add_link		5.48211		5.45797		9		9		216		216		216		216		
12		198		0		185		survived		5.48211		5.45797		10		9		216		216		216		216		
13		198		0		185		survived		5.48211		5.45797		11		9		216		216		216		216		
14		198		0		185		survived		5.48211		5.45797		12		9		216		216		216		216		
15		198		0		185		survived		5.48211		5.45797		13		9		216		216		216		216		
16		198		0		185		survived		5.48211		5.45797		14		9		216		216		216		216		
17		198		0		185		survived		5.48211		5.45797		15		9		216		216		216		216		
18		198		0		185		survived		5.48211		5.45797		16		9		216		216		216		216		
19		198		0		185		survived		5.48211		5.45797		17		9		216		216		216		216		
20		198		0		185		survived		5.48211		5.45797		18		9		216		216		216		216		
21		198		0		185		survived		5.48211		5.45797		19		9		216		216		216		216		
22		401		0		198		add_node		5.49052		5.48211		20		20		216		216		216		216		
23		401		0		198		survived		5.49052		5.48211		21		20		216		216		216		216		
24		401		0		198		survived		5.49052		5.48211		22		20		216		216		216		216		
25		401		0		198		survived		5.49052		5.48211		23		20		216		216		216		216		
26		401		0		198		survived		5.49052		5.48211		24		20		216		216		216		216		
27		401		0		198		survived		5.49052		5.48211		25		20		216		216		216		216		
28		401		0		198		survived		5.49052		5.48211		26		20		216		216		216		216		
29		401		0		198		survived		5.49052		5.48211		27		20		216		216		216		216		
30		540		0		401		mutate_weight(-0.171275848991)		5.58802		5.49052		28		28		216		216		216		216		
31		540		0		401		survived		5.58802		5.49052		29		28		216		216		216		216		
32		540		0		401		survived		5.58802		5.49052		30		28		216		216		216		216		
33		540		0		401		survived		5.58802		5.49052		31		28		216		216		216		216		
34		612		0		540		mutate_weight(0.131499102643)		5.6506		5.58802		32		32		216		216		216		216		
35		612		0		540		survived		5.6506		5.58802		33		32		216		216		216		216		
36		645		0		612		remove_node		5.7468		5.6506		34		34		216		216		216		216		
37		645		0		612		survived		5.7468		5.6506		35		34		216		216		216		216		
38		684		0		645		add_link		5.76127		5.7468		36		36		216		216		216		216		
39		684		0		645		survived		5.76127		5.7468		37		36		216		216		216		216		
40		684		0		645		survived		5.76127		5.7468		38		36		216		216		216		216		
41		684		0		645		survived		5.76127		5.7468		39		36		216		216		216		216		
42		684		0		645		survived		5.76127		5.7468		40		36		216		216		216		216		
43		684		0		645		survived		5.76127		5.7468		41		36		216		216		216		216		
44		684		0		645		survived		5.76127		5.7468		42		36		216		216		216		216		
45		822		0		-1		newly_generated		6.14943		-10000000.0		0		10000000.0		216		10000000.0		216		10000000.0		
46		838		0		650		remove_link		6.5903		4.44535		44		44		206		143		206		143		
47		838		0		650		survived		6.5903		4.44535		45		44		206		143		206		143		
48		838		0		650		survived		6.5903		4.44535		46		44		206		143		206		143		
49		838		0		650		survived		6.5903		4.44535		47		44		206		143		206		143		
50		903		0		838		add_node		6.65481		6.5903		48		48		206		206		206		206		
51		903		0		838		survived		6.65481		6.5903		49		48		206		206		206		206		
52		941		0		903		remove_link		6.6763		6.65481		50		50		206		206		206		206		
53		941		0		903		survived		6.6763		6.65481		51		50		206		206		206		206		
54		941		0		903		survived		6.6763		6.65481		52		50		206		206		206		206		
55		941		0		903		survived		6.6763		6.65481		53		50		206		206		206		206		
56		941		0		903		survived		6.6763		6.65481		54		50		206		206		206		206		
57		941		0		903		survived		6.6763		6.65481		55		50		206		206		206		206		
58		941		0		903		survived		6.6763		6.65481		56		50		206		206		206		206		
59		941		0		903		survived		6.6763		6.65481		57		50		206		206		206		206		
60		941		0		903		survived		6.6763		6.65481		58		50		206		206		206		206		
61		941		0		903		survived		6.6763		6.65481		59		50		206		206		206		206		
62		941		0		903		survived		6.6763		6.65481		60		50		206		206		206		206		
63		941		0		903		survived		6.6763		6.65481		61		50		206		206		206		206		
64		941		0		903		survived		6.6763		6.65481		62		50		206		206		206		206		
65		941		0		903		survived		6.6763		6.65481		63		50		206		206		206		206		
66		941		0		903		survived		6.6763		6.65481		64		50		206		206		206		206		
67		941		0		903		survived		6.6763		6.65481		65		50		206		206		206		206		
68		941		0		903		survived		6.6763		6.65481		66		50		206		206		206		206		
69		941		0		903		survived		6.6763		6.65481		67		50		206		206		206		206		
70		941		0		903		survived		6.6763		6.65481		68		50		206		206		206		206		
71		941		0		903		survived		6.6763		6.65481		69		50		206		206		206		206		
72		941		0		903		survived		6.6763		6.65481		70		50		206		206		206		206		
73		941		0		903		survived		6.6763		6.65481		71		50		206		206		206		206		
74		941		0		903		survived		6.6763		6.65481		72		50		206		206		206		206		
75		941		0		903		survived		6.6763		6.65481		73		50		206		206		206		206		
76		941		0		903		survived		6.6763		6.65481		74		50		206		206		206		206		
77		941		0		903		survived		6.6763		6.65481		75		50		206		206		206		206		
78		941		0		903		survived		6.6763		6.65481		76		50		206		206		206		206		
79		941		0		903		survived		6.6763		6.65481		77		50		206		206		206		206		
80		941		0		903		survived		6.6763		6.65481		78		50		206		206		206		206		
81		941		0		903		survived		6.6763		6.65481		79		50		206		206		206		206		
82		1481		0		941		remove_node		7.14659		6.6763		80		80		206		206		206		206		
83		1481		0		941		survived		7.14659		6.6763		81		80		206		206		206		206		
84		1481		0		941		survived		7.14659		6.6763		82		80		206		206		206		206		
85		1481		0		941		survived		7.14659		6.6763		83		80		206		206		206		206		
86		1481		0		941		survived		7.14659		6.6763		84		80		206		206		206		206		
87		1481		0		941		survived		7.14659		6.6763		85		80		206		206		206		206		
88		1481		0		941		survived		7.14659		6.6763		86		80		206		206		206		206		
89		1481		0		941		survived		7.14659		6.6763		87		80		206		206		206		206		
90		1481		0		941		survived		7.14659		6.6763		88		80		206		206		206		206		
91		1481		0		941		survived		7.14659		6.6763		89		80		206		206		206		206		
92		1481		0		941		survived		7.14659		6.6763		90		80		206		206		206		206		
93		1481		0		941		survived		7.14659		6.6763		91		80		206		206		206		206		
94		1481		0		941		survived		7.14659		6.6763		92		80		206		206		206		206		
95		1481		0		941		survived		7.14659		6.6763		93		80		206		206		206		206		
96		1481		0		941		survived		7.14659		6.6763		94		80		206		206		206		206		
97		1481		0		941		survived		7.14659		6.6763		95		80		206		206		206		206		
98		1771		0		1481		mutate_weight(0.0890958535488)		7.61835		7.14659		96		96		196		206		196		206		
99		1771		0		1481		survived		7.61835		7.14659		97		96		196		206		196		206		
100		1771		0		1481		survived		7.61835		7.14659		98		96		196		206		196		206		
101		1771		0		1481		survived		7.61835		7.14659		99		96		196		206		196		206		
102		1771		0		1481		survived		7.61835		7.14659		100		96		196		206		196		206		
103		1771		0		1481		survived		7.61835		7.14659		101		96		196		206		196		206		
104		1771		0		1481		survived		7.61835		7.14659		102		96		196		206		196		206		
105		1771		0		1481		survived		7.61835		7.14659		103		96		196		206		196		206		
106		1771		0		1481		survived		7.61835		7.14659		104		96		196		206		196		206		
107		1771		0		1481		survived		7.61835		7.14659		105		96		196		206		196		206		
108		1771		0		1481		survived		7.61835		7.14659		106		96		196		206		196		206		
109		1771		0		1481		survived		7.61835		7.14659		107		96		196		206		196		206		
110		1771		0		1481		survived		7.61835		7.14659		108		96		196		206		196		206		
111		1771		0		1481		survived		7.61835		7.14659		109		96		196		206		196		206		
112		1771		0		1481		survived		7.61835		7.14659		110		96		196		206		196		206		
113		1771		0		1481		survived		7.61835		7.14659		111		96		196		206		196		206		
114		1771		0		1481		survived		7.61835		7.14659		112		96		196		206		196		206		
115		1771		0		1481		survived		7.61835		7.14659		113		96		196		206		196		206		
116		2087		0		1771		mutate_weight(-0.0416976981034)		7.65237		7.61835		114		114		192		196		192		196		
117		2087		0		1771		survived		7.65237		7.61835		115		114		192		196		192		196		
118		2087		0		1771		survived		7.65237		7.61835		116		114		192		196		192		196		
119		2087		0		1771		survived		7.65237		7.61835		117		114		192		196		192		196		
120		2087		0		1771		survived		7.65237		7.61835		118		114		192		196		192		196		
121		2087		0		1771		survived		7.65237		7.61835		119		114		192		196		192		196		
122		2087		0		1771		survived		7.65237		7.61835		120		114		192		196		192		196		
123		2087		0		1771		survived		7.65237		7.61835		121		114		192		196		192		196		
124		2087		0		1771		survived		7.65237		7.61835		122		114		192		196		192		196		
125		2087		0		1771		survived		7.65237		7.61835		123		114		192		196		192		196		
126		2087		0		1771		survived		7.65237		7.61835		124		114		192		196		192		196		
127		2087		0		1771		survived		7.65237		7.61835		125		114		192		196		192		196		
128		2087		0		1771		survived		7.65237		7.61835		126		114		192		196		192		196		
129		2087		0		1771		survived		7.65237		7.61835		127		114		192		196		192		196		
130		2087		0		1771		survived		7.65237		7.61835		128		114		192		196		192		196		
131		2087		0		1771		survived		7.65237		7.61835		129		114		192		196		192		196		
132		2087		0		1771		survived		7.65237		7.61835		130		114		192		196		192		196		
133		2087		0		1771		survived		7.65237		7.61835		131		114		192		196		192		196		
134		2087		0		1771		survived		7.65237		7.61835		132		114		192		196		192		196		
135		2087		0		1771		survived		7.65237		7.61835		133		114		192		196		192		196		
136		2087		0		1771		survived		7.65237		7.61835		134		114		192		196		192		196		
137		2087		0		1771		survived		7.65237		7.61835		135		114		192		196		192		196		
138		2087		0		1771		survived		7.65237		7.61835		136		114		192		196		192		196		
139		2087		0		1771		survived		7.65237		7.61835		137		114		192		196		192		196		
140		2087		0		1771		survived		7.65237		7.61835		138		114		192		196		192		196		
141		2087		0		1771		survived		7.65237		7.61835		139		114		192		196		192		196		
142		2087		0		1771		survived		7.65237		7.61835		140		114		192		196		192		196		
143		2087		0		1771		survived		7.65237		7.61835		141		114		192		196		192		196		
144		2087		0		1771		survived		7.65237		7.61835		142		114		192		196		192		196		
145		2087		0		1771		survived		7.65237		7.61835		143		114		192		196		192		196		
146		2087		0		1771		survived		7.65237		7.61835		144		114		192		196		192		196		
147		2087		0		1771		survived		7.65237		7.61835		145		114		192		196		192		196		
148		2087		0		1771		survived		7.65237		7.61835		146		114		192		196		192		196		
149		2087		0		1771		survived		7.65237		7.61835		147		114		192		196		192		196		
150		2087		0		1771		survived		7.65237		7.61835		148		114		192		196		192		196		
151		2087		0		1771		survived		7.65237		7.61835		149		114		192		196		192		196		
152		2087		0		1771		survived		7.65237		7.61835		150		114		192		196		192		196		
153		2087		0		1771		survived		7.65237		7.61835		151		114		192		196		192		196		
154		2087		0		1771		survived		7.65237		7.61835		152		114		192		196		192		196		
155		2796		0		2775		mutate_weight(-0.831408004563)		7.99836		6.67914		153		153		192		192		192		192		
156		2796		0		2775		survived		7.99836		6.67914		154		153		192		192		192		192		
157		2796		0		2775		survived		7.99836		6.67914		155		153		192		192		192		192		
158		2796		0		2775		survived		7.99836		6.67914		156		153		192		192		192		192		
159		2868		0		2796		remove_link		8.26831		7.99836		157		157		192		192		192		192		
160		2885		0		2868		mutate_weight(-0.290676500831)		8.5131		8.26831		158		158		192		192		192		192		
161		2885		0		2868		survived		8.5131		8.26831		159		158		192		192		192		192		
162		2885		0		2868		survived		8.5131		8.26831		160		158		192		192		192		192		
163		2885		0		2868		survived		8.5131		8.26831		161		158		192		192		192		192		
164		2885		0		2868		survived		8.5131		8.26831		162		158		192		192		192		192		
165		2885		0		2868		survived		8.5131		8.26831		163		158		192		192		192		192		
166		2885		0		2868		survived		8.5131		8.26831		164		158		192		192		192		192		
167		3014		0		2885		add_link		8.83002		8.5131		165		165		187		192		187		192		
168		3014		0		2885		survived		8.83002		8.5131		166		165		187		192		187		192		
169		3014		0		2885		survived		8.83002		8.5131		167		165		187		192		187		192		
170		3014		0		2885		survived		8.83002		8.5131		168		165		187		192		187		192		
171		3087		0		3014		remove_link		8.94441		8.83002		169		169		186		187		186		187		
172		3087		0		3014		survived		8.94441		8.83002		170		169		186		187		186		187		
173		3087		0		3014		survived		8.94441		8.83002		171		169		186		187		186		187		
174		3087		0		3014		survived		8.94441		8.83002		172		169		186		187		186		187		
175		3087		0		3014		survived		8.94441		8.83002		173		169		186		187		186		187		
176		3087		0		3014		survived		8.94441		8.83002		174		169		186		187		186		187		
177		3087		0		3014		survived		8.94441		8.83002		175		169		186		187		186		187		
178		3087		0		3014		survived		8.94441		8.83002		176		169		186		187		186		187		
179		3087		0		3014		survived		8.94441		8.83002		177		169		186		187		186		187		
180		3087		0		3014		survived		8.94441		8.83002		178		169		186		187		186		187		
181		3087		0		3014		survived		8.94441		8.83002		179		169		186		187		186		187		
182		3087		0		3014		survived		8.94441		8.83002		180		169		186		187		186		187		
183		3087		0		3014		survived		8.94441		8.83002		181		169		186		187		186		187		
184		3087		0		3014		survived		8.94441		8.83002		182		169		186		187		186		187		
185		3087		0		3014		survived		8.94441		8.83002		183		169		186		187		186		187		
186		3087		0		3014		survived		8.94441		8.83002		184		169		186		187		186		187		
187		3087		0		3014		survived		8.94441		8.83002		185		169		186		187		186		187		
188		3087		0		3014		survived		8.94441		8.83002		186		169		186		187		186		187		
189		3087		0		3014		survived		8.94441		8.83002		187		169		186		187		186		187		
190		3087		0		3014		survived		8.94441		8.83002		188		169		186		187		186		187		
191		3087		0		3014		survived		8.94441		8.83002		189		169		186		187		186		187		
192		3087		0		3014		survived		8.94441		8.83002		190		169		186		187		186		187		
193		3087		0		3014		survived		8.94441		8.83002		191		169		186		187		186		187		
194		3087		0		3014		survived		8.94441		8.83002		192		169		186		187		186		187		
195		3087		0		3014		survived		8.94441		8.83002		193		169		186		187		186		187		
196		3087		0		3014		survived		8.94441		8.83002		194		169		186		187		186		187		
197		3087		0		3014		survived		8.94441		8.83002		195		169		186		187		186		187		
198		3569		0		3481		add_node		8.94441		7.02746		196		196		180		180		180		180		
199		3569		0		3481		survived		8.94441		7.02746		197		196		180		180		180		180		
200		3569		0		3481		survived		8.94441		7.02746		198		196		180		180		180		180		
201		3569		0		3481		survived		8.94441		7.02746		199		196		180		180		180		180		
202		3569		0		3481		survived		8.94441		7.02746		200		196		180		180		180		180		
203		3569		0		3481		survived		8.94441		7.02746		201		196		180		180		180		180		
204		3569		0		3481		survived		8.94441		7.02746		202		196		180		180		180		180		
205		3569		0		3481		survived		8.94441		7.02746		203		196		180		180		180		180		
206		3569		0		3481		survived		8.94441		7.02746		204		196		180		180		180		180		
207		3569		0		3481		survived		8.94441		7.02746		205		196		180		180		180		180		
208		3569		0		3481		survived		8.94441		7.02746		206		196		180		180		180		180		
209		3569		0		3481		survived		8.94441		7.02746		207		196		180		180		180		180		
210		3569		0		3481		survived		8.94441		7.02746		208		196		180		180		180		180		
211		3569		0		3481		survived		8.94441		7.02746		209		196		180		180		180		180		
212		3569		0		3481		survived		8.94441		7.02746		210		196		180		180		180		180		
213		3569		0		3481		survived		8.94441		7.02746		211		196		180		180		180		180		
214		3569		0		3481		survived		8.94441		7.02746		212		196		180		180		180		180		
215		3569		0		3481		survived		8.94441		7.02746		213		196		180		180		180		180		
216		3569		0		3481		survived		8.94441		7.02746		214		196		180		180		180		180		
217		3569		0		3481		survived		8.94441		7.02746		215		196		180		180		180		180		
218		3569		0		3481		survived		8.94441		7.02746		216		196		180		180		180		180		
219		3569		0		3481		survived		8.94441		7.02746		217		196		180		180		180		180		
220		3569		0		3481		survived		8.94441		7.02746		218		196		180		180		180		180		
221		3569		0		3481		survived		8.94441		7.02746		219		196		180		180		180		180		
222		3569		0		3481		survived		8.94441		7.02746		220		196		180		180		180		180		
223		3569		0		3481		survived		8.94441		7.02746		221		196		180		180		180		180		
224		3569		0		3481		survived		8.94441		7.02746		222		196		180		180		180		180		
225		3569		0		3481		survived		8.94441		7.02746		223		196		180		180		180		180		
226		3569		0		3481		survived		8.94441		7.02746		224		196		180		180		180		180		
227		3569		0		3481		survived		8.94441		7.02746		225		196		180		180		180		180		
228		3569		0		3481		survived		8.94441		7.02746		226		196		180		180		180		180		
229		3569		0		3481		survived		8.94441		7.02746		227		196		180		180		180		180		
230		3569		0		3481		survived		8.94441		7.02746		228		196		180		180		180		180		
231		3569		0		3481		survived		8.94441		7.02746		229		196		180		180		180		180		
232		3569		0		3481		survived		8.94441		7.02746		230		196		180		180		180		180		
233		3569		0		3481		survived		8.94441		7.02746		231		196		180		180		180		180		
234		3569		0		3481		survived		8.94441		7.02746		232		196		180		180		180		180		
235		3569		0		3481		survived		8.94441		7.02746		233		196		180		180		180		180		
236		3569		0		3481		survived		8.94441		7.02746		234		196		180		180		180		180		
237		3569		0		3481		survived		8.94441		7.02746		235		196		180		180		180		180		
238		3569		0		3481		survived		8.94441		7.02746		236		196		180		180		180		180		
239		3569		0		3481		survived		8.94441		7.02746		237		196		180		180		180		180		
240		3569		0		3481		survived		8.94441		7.02746		238		196		180		180		180		180		
241		3569		0		3481		survived		8.94441		7.02746		239		196		180		180		180		180		
242		3569		0		3481		survived		8.94441		7.02746		240		196		180		180		180		180		
243		3569		0		3481		survived		8.94441		7.02746		241		196		180		180		180		180		
244		3569		0		3481		survived		8.94441		7.02746		242		196		180		180		180		180		
245		3569		0		3481		survived		8.94441		7.02746		243		196		180		180		180		180		
246		3569		0		3481		survived		8.94441		7.02746		244		196		180		180		180		180		
247		3569		0		3481		survived		8.94441		7.02746		245		196		180		180		180		180		
248		3569		0		3481		survived		8.94441		7.02746		246		196		180		180		180		180		
249		3569		0		3481		survived		8.94441		7.02746		247		196		180		180		180		180		
250		3569		0		3481		survived		8.94441		7.02746		248		196		180		180		180		180		
251		3569		0		3481		survived		8.94441		7.02746		249		196		180		180		180		180		
252		3569		0		3481		survived		8.94441		7.02746		250		196		180		180		180		180		
253		3569		0		3481		survived		8.94441		7.02746		251		196		180		180		180		180		
254		3569		0		3481		survived		8.94441		7.02746		252		196		180		180		180		180		
255		3569		0		3481		survived		8.94441		7.02746		253		196		180		180		180		180		
256		3569		0		3481		survived		8.94441		7.02746		254		196		180		180		180		180		
257		3569		0		3481		survived		8.94441		7.02746		255		196		180		180		180		180		
258		3569		0		3481		survived		8.94441		7.02746		256		196		180		180		180		180		
259		3569		0		3481		survived		8.94441		7.02746		257		196		180		180		180		180		
260		3569		0		3481		survived		8.94441		7.02746		258		196		180		180		180		180		
261		3569		0		3481		survived		8.94441		7.02746		259		196		180		180		180		180		
262		3569		0		3481		survived		8.94441		7.02746		260		196		180		180		180		180		
263		3569		0		3481		survived		8.94441		7.02746		261		196		180		180		180		180		
264		3569		0		3481		survived		8.94441		7.02746		262		196		180		180		180		180		
265		3569		0		3481		survived		8.94441		7.02746		263		196		180		180		180		180		
266		3569		0		3481		survived		8.94441		7.02746		264		196		180		180		180		180		
267		4812		0		4793		remove_node		8.94441		8.87901		265		265		180		180		180		180		
268		4812		0		4793		survived		8.94441		8.87901		266		265		180		180		180		180		
269		4812		0		4793		survived		8.94441		8.87901		267		265		180		180		180		180		
270		4812		0		4793		survived		8.94441		8.87901		268		265		180		180		180		180		
271		4812		0		4793		survived		8.94441		8.87901		269		265		180		180		180		180		
272		4812		0		4793		survived		8.94441		8.87901		270		265		180		180		180		180		
273		4812		0		4793		survived		8.94441		8.87901		271		265		180		180		180		180		
274		4812		0		4793		survived		8.94441		8.87901		272		265		180		180		180		180		
275		4812		0		4793		survived		8.94441		8.87901		273		265		180		180		180		180		
276		4812		0		4793		survived		8.94441		8.87901		274		265		180		180		180		180		
277		4812		0		4793		survived		8.94441		8.87901		275		265		180		180		180		180		
278		4812		0		4793		survived		8.94441		8.87901		276		265		180		180		180		180		
279		4812		0		4793		survived		8.94441		8.87901		277		265		180		180		180		180		
280		4812		0		4793		survived		8.94441		8.87901		278		265		180		180		180		180		
281		4812		0		4793		survived		8.94441		8.87901		279		265		180		180		180		180		
282		4812		0		4793		survived		8.94441		8.87901		280		265		180		180		180		180		
283		4812		0		4793		survived		8.94441		8.87901		281		265		180		180		180		180		
284		4812		0		4793		survived		8.94441		8.87901		282		265		180		180		180		180		
285		4812		0		4793		survived		8.94441		8.87901		283		265		180		180		180		180		
286		4812		0		4793		survived		8.94441		8.87901		284		265		180		180		180		180		
287		4812		0		4793		survived		8.94441		8.87901		285		265		180		180		180		180		
288		4812		0		4793		survived		8.94441		8.87901		286		265		180		180		180		180		
289		4812		0		4793		survived		8.94441		8.87901		287		265		180		180		180		180		
290		4812		0		4793		survived		8.94441		8.87901		288		265		180		180		180		180		
291		4812		0		4793		survived		8.94441		8.87901		289		265		180		180		180		180		
292		4812		0		4793		survived		8.94441		8.87901		290		265		180		180		180		180		
293		4812		0		4793		survived		8.94441		8.87901		291		265		180		180		180		180		
294		4812		0		4793		survived		8.94441		8.87901		292		265		180		180		180		180		
295		4812		0		4793		survived		8.94441		8.87901		293		265		180		180		180		180		
296		4812		0		4793		survived		8.94441		8.87901		294		265		180		180		180		180		
297		4812		0		4793		survived		8.94441		8.87901		295		265		180		180		180		180		
298		4812		0		4793		survived		8.94441		8.87901		296		265		180		180		180		180		
299		4812		0		4793		survived		8.94441		8.87901		297		265		180		180		180		180		
300		4812		0		4793		survived		8.94441		8.87901		298		265		180		180		180		180		
301		4812		0		4793		survived		8.94441		8.87901		299		265		180		180		180		180		
302		4812		0		4793		survived		8.94441		8.87901		300		265		180		180		180		180		
303		4812		0		4793		survived		8.94441		8.87901		301		265		180		180		180		180		
304		4812		0		4793		survived		8.94441		8.87901		302		265		180		180		180		180		
305		4812		0		4793		survived		8.94441		8.87901		303		265		180		180		180		180		
306		4812		0		4793		survived		8.94441		8.87901		304		265		180		180		180		180		
307		4812		0		4793		survived		8.94441		8.87901		305		265		180		180		180		180		
308		4812		0		4793		survived		8.94441		8.87901		306		265		180		180		180		180		
309		4812		0		4793		survived		8.94441		8.87901		307		265		180		180		180		180		
310		4812		0		4793		survived		8.94441		8.87901		308		265		180		180		180		180		
311		4812		0		4793		survived		8.94441		8.87901		309		265		180		180		180		180		
312		4812		0		4793		survived		8.94441		8.87901		310		265		180		180		180		180		
313		4812		0		4793		survived		8.94441		8.87901		311		265		180		180		180		180		
314		4812		0		4793		survived		8.94441		8.87901		312		265		180		180		180		180		
315		4812		0		4793		survived		8.94441		8.87901		313		265		180		180		180		180		
316		4812		0		4793		survived		8.94441		8.87901		314		265		180		180		180		180		
317		4812		0		4793		survived		8.94441		8.87901		315		265		180		180		180		180		
318		4812		0		4793		survived		8.94441		8.87901		316		265		180		180		180		180		
319		4812		0		4793		survived		8.94441		8.87901		317		265		180		180		180		180		
320		4812		0		4793		survived		8.94441		8.87901		318		265		180		180		180		180		
321		4812		0		4793		survived		8.94441		8.87901		319		265		180		180		180		180		
322		4812		0		4793		survived		8.94441		8.87901		320		265		180		180		180		180		
323		4812		0		4793		survived		8.94441		8.87901		321		265		180		180		180		180		
324		4812		0		4793		survived		8.94441		8.87901		322		265		180		180		180		180		
325		4812		0		4793		survived		8.94441		8.87901		323		265		180		180		180		180		
326		4812		0		4793		survived		8.94441		8.87901		324		265		180		180		180		180		
327		4812		0		4793		survived		8.94441		8.87901		325		265		180		180		180		180		
328		4812		0		4793		survived		8.94441		8.87901		326		265		180		180		180		180		
329		4812		0		4793		survived		8.94441		8.87901		327		265		180		180		180		180		
330		4812		0		4793		survived		8.94441		8.87901		328		265		180		180		180		180		
331		4812		0		4793		survived		8.94441		8.87901		329		265		180		180		180		180		
332		4812		0		4793		survived		8.94441		8.87901		330		265		180		180		180		180		
333		4812		0		4793		survived		8.94441		8.87901		331		265		180		180		180		180		
334		4812		0		4793		survived		8.94441		8.87901		332		265		180		180		180		180		
335		4812		0		4793		survived		8.94441		8.87901		333		265		180		180		180		180		
336		4812		0		4793		survived		8.94441		8.87901		334		265		180		180		180		180		
337		4812		0		4793		survived		8.94441		8.87901		335		265		180		180		180		180		
338		4812		0		4793		survived		8.94441		8.87901		336		265		180		180		180		180		
339		4812		0		4793		survived		8.94441		8.87901		337		265		180		180		180		180		
340		4812		0		4793		survived		8.94441		8.87901		338		265		180		180		180		180		
341		4812		0		4793		survived		8.94441		8.87901		339		265		180		180		180		180		
342		4812		0		4793		survived		8.94441		8.87901		340		265		180		180		180		180		
343		4812		0		4793		survived		8.94441		8.87901		341		265		180		180		180		180		
344		4812		0		4793		survived		8.94441		8.87901		342		265		180		180		180		180		
345		4812		0		4793		survived		8.94441		8.87901		343		265		180		180		180		180		
346		4812		0		4793		survived		8.94441		8.87901		344		265		180		180		180		180		
347		4812		0		4793		survived		8.94441		8.87901		345		265		180		180		180		180		
348		4812		0		4793		survived		8.94441		8.87901		346		265		180		180		180		180		
349		4812		0		4793		survived		8.94441		8.87901		347		265		180		180		180		180		
350		4812		0		4793		survived		8.94441		8.87901		348		265		180		180		180		180		
351		4812		0		4793		survived		8.94441		8.87901		349		265		180		180		180		180		
352		4812		0		4793		survived		8.94441		8.87901		350		265		180		180		180		180		
353		4812		0		4793		survived		8.94441		8.87901		351		265		180		180		180		180		
354		4812		0		4793		survived		8.94441		8.87901		352		265		180		180		180		180		
355		4812		0		4793		survived		8.94441		8.87901		353		265		180		180		180		180		
356		4812		0		4793		survived		8.94441		8.87901		354		265		180		180		180		180		
357		4812		0		4793		survived		8.94441		8.87901		355		265		180		180		180		180		
358		4812		0		4793		survived		8.94441		8.87901		356		265		180		180		180		180		
359		4812		0		4793		survived		8.94441		8.87901		357		265		180		180		180		180		
360		4812		0		4793		survived		8.94441		8.87901		358		265		180		180		180		180		
361		4812		0		4793		survived		8.94441		8.87901		359		265		180		180		180		180		
362		4812		0		4793		survived		8.94441		8.87901		360		265		180		180		180		180		
363		4812		0		4793		survived		8.94441		8.87901		361		265		180		180		180		180		
364		4812		0		4793		survived		8.94441		8.87901		362		265		180		180		180		180		
365		4812		0		4793		survived		8.94441		8.87901		363		265		180		180		180		180		
366		4812		0		4793		survived		8.94441		8.87901		364		265		180		180		180		180		
367		4812		0		4793		survived		8.94441		8.87901		365		265		180		180		180		180		
368		4812		0		4793		survived		8.94441		8.87901		366		265		180		180		180		180		
369		4812		0		4793		survived		8.94441		8.87901		367		265		180		180		180		180		
370		4812		0		4793		survived		8.94441		8.87901		368		265		180		180		180		180		
371		4812		0		4793		survived		8.94441		8.87901		369		265		180		180		180		180		
372		4812		0		4793		survived		8.94441		8.87901		370		265		180		180		180		180		
373		4812		0		4793		survived		8.94441		8.87901		371		265		180		180		180		180		
374		4812		0		4793		survived		8.94441		8.87901		372		265		180		180		180		180		
375		4812		0		4793		survived		8.94441		8.87901		373		265		180		180		180		180		
376		4812		0		4793		survived		8.94441		8.87901		374		265		180		180		180		180		
377		4812		0		4793		survived		8.94441		8.87901		375		265		180		180		180		180		
378		4812		0		4793		survived		8.94441		8.87901		376		265		180		180		180		180		
379		4812		0		4793		survived		8.94441		8.87901		377		265		180		180		180		180		
380		4812		0		4793		survived		8.94441		8.87901		378		265		180		180		180		180		
381		4812		0		4793		survived		8.94441		8.87901		379		265		180		180		180		180		
382		4812		0		4793		survived		8.94441		8.87901		380		265		180		180		180		180		
383		4812		0		4793		survived		8.94441		8.87901		381		265		180		180		180		180		
384		4812		0		4793		survived		8.94441		8.87901		382		265		180		180		180		180		
385		4812		0		4793		survived		8.94441		8.87901		383		265		180		180		180		180		
386		4812		0		4793		survived		8.94441		8.87901		384		265		180		180		180		180		
387		4812		0		4793		survived		8.94441		8.87901		385		265		180		180		180		180		
388		4812		0		4793		survived		8.94441		8.87901		386		265		180		180		180		180		
389		4812		0		4793		survived		8.94441		8.87901		387		265		180		180		180		180		
390		4812		0		4793		survived		8.94441		8.87901		388		265		180		180		180		180		
391		4812		0		4793		survived		8.94441		8.87901		389		265		180		180		180		180		
392		4812		0		4793		survived		8.94441		8.87901		390		265		180		180		180		180		
393		4812		0		4793		survived		8.94441		8.87901		391		265		180		180		180		180		
394		4812		0		4793		survived		8.94441		8.87901		392		265		180		180		180		180		
395		4812		0		4793		survived		8.94441		8.87901		393		265		180		180		180		180		
396		4812		0		4793		survived		8.94441		8.87901		394		265		180		180		180		180		
397		4812		0		4793		survived		8.94441		8.87901		395		265		180		180		180		180		
398		4812		0		4793		survived		8.94441		8.87901		396		265		180		180		180		180		
399		4812		0		4793		survived		8.94441		8.87901		397		265		180		180		180		180		
400		4812		0		4793		survived		8.94441		8.87901		398		265		180		180		180		180		
401		4812		0		4793		survived		8.94441		8.87901		399		265		180		180		180		180		
402		4812		0		4793		survived		8.94441		8.87901		400		265		180		180		180		180		
403		4812		0		4793		survived		8.94441		8.87901		401		265		180		180		180		180		
404		4812		0		4793		survived		8.94441		8.87901		402		265		180		180		180		180		
405		4812		0		4793		survived		8.94441		8.87901		403		265		180		180		180		180		
406		4812		0		4793		survived		8.94441		8.87901		404		265		180		180		180		180		
407		4812		0		4793		survived		8.94441		8.87901		405		265		180		180		180		180		
408		4812		0		4793		survived		8.94441		8.87901		406		265		180		180		180		180		
409		4812		0		4793		survived		8.94441		8.87901		407		265		180		180		180		180		
410		4812		0		4793		survived		8.94441		8.87901		408		265		180		180		180		180		
411		4812		0		4793		survived		8.94441		8.87901		409		265		180		180		180		180		
412		4812		0		4793		survived		8.94441		8.87901		410		265		180		180		180		180		
413		4812		0		4793		survived		8.94441		8.87901		411		265		180		180		180		180		
414		4812		0		4793		survived		8.94441		8.87901		412		265		180		180		180		180		
415		4812		0		4793		survived		8.94441		8.87901		413		265		180		180		180		180		
416		7498		0		4812		add_node		9.07528		8.94441		414		414		186		180		186		180		
417		7498		0		4812		survived		9.07528		8.94441		415		414		186		180		186		180		
418		7498		0		4812		survived		9.07528		8.94441		416		414		186		180		186		180		
419		7498		0		4812		survived		9.07528		8.94441		417		414		186		180		186		180		
420		7498		0		4812		survived		9.07528		8.94441		418		414		186		180		186		180		
421		7498		0		4812		survived		9.07528		8.94441		419		414		186		180		186		180		
422		7498		0		4812		survived		9.07528		8.94441		420		414		186		180		186		180		
423		7498		0		4812		survived		9.07528		8.94441		421		414		186		180		186		180		
424		7498		0		4812		survived		9.07528		8.94441		422		414		186		180		186		180		
425		7498		0		4812		survived		9.07528		8.94441		423		414		186		180		186		180		
426		7498		0		4812		survived		9.07528		8.94441		424		414		186		180		186		180		
427		7498		0		4812		survived		9.07528		8.94441		425		414		186		180		186		180		
428		7498		0		4812		survived		9.07528		8.94441		426		414		186		180		186		180		
429		7498		0		4812		survived		9.07528		8.94441		427		414		186		180		186		180		
430		7498		0		4812		survived		9.07528		8.94441		428		414		186		180		186		180		
431		7498		0		4812		survived		9.07528		8.94441		429		414		186		180		186		180		
432		7498		0		4812		survived		9.07528		8.94441		430		414		186		180		186		180		
433		7498		0		4812		survived		9.07528		8.94441		431		414		186		180		186		180		
434		7498		0		4812		survived		9.07528		8.94441		432		414		186		180		186		180		
435		7498		0		4812		survived		9.07528		8.94441		433		414		186		180		186		180		
436		7498		0		4812		survived		9.07528		8.94441		434		414		186		180		186		180		
437		7498		0		4812		survived		9.07528		8.94441		435		414		186		180		186		180		
438		7498		0		4812		survived		9.07528		8.94441		436		414		186		180		186		180		
439		7498		0		4812		survived		9.07528		8.94441		437		414		186		180		186		180		
440		7498		0		4812		survived		9.07528		8.94441		438		414		186		180		186		180		
441		7498		0		4812		survived		9.07528		8.94441		439		414		186		180		186		180		
442		7498		0		4812		survived		9.07528		8.94441		440		414		186		180		186		180		
443		7498		0		4812		survived		9.07528		8.94441		441		414		186		180		186		180		
444		7498		0		4812		survived		9.07528		8.94441		442		414		186		180		186		180		
445		7498		0		4812		survived		9.07528		8.94441		443		414		186		180		186		180		
446		7498		0		4812		survived		9.07528		8.94441		444		414		186		180		186		180		
447		7498		0		4812		survived		9.07528		8.94441		445		414		186		180		186		180		
448		7498		0		4812		survived		9.07528		8.94441		446		414		186		180		186		180		
449		7498		0		4812		survived		9.07528		8.94441		447		414		186		180		186		180		
450		7498		0		4812		survived		9.07528		8.94441		448		414		186		180		186		180		
451		7498		0		4812		survived		9.07528		8.94441		449		414		186		180		186		180		
452		7498		0		4812		survived		9.07528		8.94441		450		414		186		180		186		180		
453		7498		0		4812		survived		9.07528		8.94441		451		414		186		180		186		180		
454		7498		0		4812		survived		9.07528		8.94441		452		414		186		180		186		180		
455		7498		0		4812		survived		9.07528		8.94441		453		414		186		180		186		180		
456		7498		0		4812		survived		9.07528		8.94441		454		414		186		180		186		180		
457		7498		0		4812		survived		9.07528		8.94441		455		414		186		180		186		180		
458		7498		0		4812		survived		9.07528		8.94441		456		414		186		180		186		180		
459		7498		0		4812		survived		9.07528		8.94441		457		414		186		180		186		180		
460		7498		0		4812		survived		9.07528		8.94441		458		414		186		180		186		180		
461		7498		0		4812		survived		9.07528		8.94441		459		414		186		180		186		180		
462		7498		0		4812		survived		9.07528		8.94441		460		414		186		180		186		180		
463		7498		0		4812		survived		9.07528		8.94441		461		414		186		180		186		180		
464		7498		0		4812		survived		9.07528		8.94441		462		414		186		180		186		180		
465		7498		0		4812		survived		9.07528		8.94441		463		414		186		180		186		180		
466		7498		0		4812		survived		9.07528		8.94441		464		414		186		180		186		180		
467		7498		0		4812		survived		9.07528		8.94441		465		414		186		180		186		180		
468		7498		0		4812		survived		9.07528		8.94441		466		414		186		180		186		180		
469		7498		0		4812		survived		9.07528		8.94441		467		414		186		180		186		180		
470		7498		0		4812		survived		9.07528		8.94441		468		414		186		180		186		180		
471		7498		0		4812		survived		9.07528		8.94441		469		414		186		180		186		180		
472		7498		0		4812		survived		9.07528		8.94441		470		414		186		180		186		180		
473		7498		0		4812		survived		9.07528		8.94441		471		414		186		180		186		180		
474		7498		0		4812		survived		9.07528		8.94441		472		414		186		180		186		180		
475		7498		0		4812		survived		9.07528		8.94441		473		414		186		180		186		180		
476		7498		0		4812		survived		9.07528		8.94441		474		414		186		180		186		180		
477		7498		0		4812		survived		9.07528		8.94441		475		414		186		180		186		180		
478		7498		0		4812		survived		9.07528		8.94441		476		414		186		180		186		180		
479		7498		0		4812		survived		9.07528		8.94441		477		414		186		180		186		180		
480		7498		0		4812		survived		9.07528		8.94441		478		414		186		180		186		180		
481		7498		0		4812		survived		9.07528		8.94441		479		414		186		180		186		180		
482		7498		0		4812		survived		9.07528		8.94441		480		414		186		180		186		180		
483		7498		0		4812		survived		9.07528		8.94441		481		414		186		180		186		180		
484		7498		0		4812		survived		9.07528		8.94441		482		414		186		180		186		180		
485		7498		0		4812		survived		9.07528		8.94441		483		414		186		180		186		180		
486		7498		0		4812		survived		9.07528		8.94441		484		414		186		180		186		180		
487		7498		0		4812		survived		9.07528		8.94441		485		414		186		180		186		180		
488		7498		0		4812		survived		9.07528		8.94441		486		414		186		180		186		180		
489		7498		0		4812		survived		9.07528		8.94441		487		414		186		180		186		180		
490		7498		0		4812		survived		9.07528		8.94441		488		414		186		180		186		180		
491		7498		0		4812		survived		9.07528		8.94441		489		414		186		180		186		180		
492		7498		0		4812		survived		9.07528		8.94441		490		414		186		180		186		180		
493		7498		0		4812		survived		9.07528		8.94441		491		414		186		180		186		180		
494		7498		0		4812		survived		9.07528		8.94441		492		414		186		180		186		180		
495		7498		0		4812		survived		9.07528		8.94441		493		414		186		180		186		180		
496		7498		0		4812		survived		9.07528		8.94441		494		414		186		180		186		180		
497		7498		0		4812		survived		9.07528		8.94441		495		414		186		180		186		180		
498		7498		0		4812		survived		9.07528		8.94441		496		414		186		180		186		180		
499		7498		0		4812		survived		9.07528		8.94441		497		414		186		180		186		180		
500		7498		0		4812		survived		9.07528		8.94441		498		414		186		180		186		180		
501		7498		0		4812		survived		9.07528		8.94441		499		414		186		180		186		180		
502		7498		0		4812		survived		9.07528		8.94441		500		414		186		180		186		180		
503		7498		0		4812		survived		9.07528		8.94441		501		414		186		180		186		180		
504		7498		0		4812		survived		9.07528		8.94441		502		414		186		180		186		180		
505		7498		0		4812		survived		9.07528		8.94441		503		414		186		180		186		180		
506		7498		0		4812		survived		9.07528		8.94441		504		414		186		180		186		180		
507		7498		0		4812		survived		9.07528		8.94441		505		414		186		180		186		180		
508		7498		0		4812		survived		9.07528		8.94441		506		414		186		180		186		180		
509		7498		0		4812		survived		9.07528		8.94441		507		414		186		180		186		180		
510		7498		0		4812		survived		9.07528		8.94441		508		414		186		180		186		180		
511		7498		0		4812		survived		9.07528		8.94441		509		414		186		180		186		180		
512		7498		0		4812		survived		9.07528		8.94441		510		414		186		180		186		180		
513		7498		0		4812		survived		9.07528		8.94441		511		414		186		180		186		180		
514		7498		0		4812		survived		9.07528		8.94441		512		414		186		180		186		180		
515		7498		0		4812		survived		9.07528		8.94441		513		414		186		180		186		180		
516		7498		0		4812		survived		9.07528		8.94441		514		414		186		180		186		180		
517		7498		0		4812		survived		9.07528		8.94441		515		414		186		180		186		180		
518		7498		0		4812		survived		9.07528		8.94441		516		414		186		180		186		180		
519		7498		0		4812		survived		9.07528		8.94441		517		414		186		180		186		180		
520		7498		0		4812		survived		9.07528		8.94441		518		414		186		180		186		180		
521		7498		0		4812		survived		9.07528		8.94441		519		414		186		180		186		180		
522		7498		0		4812		survived		9.07528		8.94441		520		414		186		180		186		180		
523		7498		0		4812		survived		9.07528		8.94441		521		414		186		180		186		180		
524		7498		0		4812		survived		9.07528		8.94441		522		414		186		180		186		180		
525		7498		0		4812		survived		9.07528		8.94441		523		414		186		180		186		180		
526		7498		0		4812		survived		9.07528		8.94441		524		414		186		180		186		180		
527		7498		0		4812		survived		9.07528		8.94441		525		414		186		180		186		180		
528		7498		0		4812		survived		9.07528		8.94441		526		414		186		180		186		180		
529		7498		0		4812		survived		9.07528		8.94441		527		414		186		180		186		180		
530		7498		0		4812		survived		9.07528		8.94441		528		414		186		180		186		180		
531		7498		0		4812		survived		9.07528		8.94441		529		414		186		180		186		180		
532		7498		0		4812		survived		9.07528		8.94441		530		414		186		180		186		180		
533		7498		0		4812		survived		9.07528		8.94441		531		414		186		180		186		180		
534		7498		0		4812		survived		9.07528		8.94441		532		414		186		180		186		180		
535		7498		0		4812		survived		9.07528		8.94441		533		414		186		180		186		180		
536		7498		0		4812		survived		9.07528		8.94441		534		414		186		180		186		180		
537		7498		0		4812		survived		9.07528		8.94441		535		414		186		180		186		180		
538		7498		0		4812		survived		9.07528		8.94441		536		414		186		180		186		180		
539		7498		0		4812		survived		9.07528		8.94441		537		414		186		180		186		180		
540		7498		0		4812		survived		9.07528		8.94441		538		414		186		180		186		180		
541		7498		0		4812		survived		9.07528		8.94441		539		414		186		180		186		180		
542		7498		0		4812		survived		9.07528		8.94441		540		414		186		180		186		180		
543		7498		0		4812		survived		9.07528		8.94441		541		414		186		180		186		180		
544		7498		0		4812		survived		9.07528		8.94441		542		414		186		180		186		180		
545		7498		0		4812		survived		9.07528		8.94441		543		414		186		180		186		180		
546		7498		0		4812		survived		9.07528		8.94441		544		414		186		180		186		180		
547		7498		0		4812		survived		9.07528		8.94441		545		414		186		180		186		180		
548		7498		0		4812		survived		9.07528		8.94441		546		414		186		180		186		180		
549		7498		0		4812		survived		9.07528		8.94441		547		414		186		180		186		180		
550		7498		0		4812		survived		9.07528		8.94441		548		414		186		180		186		180		
551		7498		0		4812		survived		9.07528		8.94441		549		414		186		180		186		180		
552		7498		0		4812		survived		9.07528		8.94441		550		414		186		180		186		180		
553		7498		0		4812		survived		9.07528		8.94441		551		414		186		180		186		180		
554		7498		0		4812		survived		9.07528		8.94441		552		414		186		180		186		180		
555		7498		0		4812		survived		9.07528		8.94441		553		414		186		180		186		180		
556		7498		0		4812		survived		9.07528		8.94441		554		414		186		180		186		180		
557		7498		0		4812		survived		9.07528		8.94441		555		414		186		180		186		180		
558		7498		0		4812		survived		9.07528		8.94441		556		414		186		180		186		180		
559		7498		0		4812		survived		9.07528		8.94441		557		414		186		180		186		180		
560		7498		0		4812		survived		9.07528		8.94441		558		414		186		180		186		180		
561		7498		0		4812		survived		9.07528		8.94441		559		414		186		180		186		180		
562		7498		0		4812		survived		9.07528		8.94441		560		414		186		180		186		180		
563		7498		0		4812		survived		9.07528		8.94441		561		414		186		180		186		180		
564		7498		0		4812		survived		9.07528		8.94441		562		414		186		180		186		180		
565		7498		0		4812		survived		9.07528		8.94441		563		414		186		180		186		180		
566		7498		0		4812		survived		9.07528		8.94441		564		414		186		180		186		180		
567		7498		0		4812		survived		9.07528		8.94441		565		414		186		180		186		180		
568		7498		0		4812		survived		9.07528		8.94441		566		414		186		180		186		180		
569		7498		0		4812		survived		9.07528		8.94441		567		414		186		180		186		180		
570		7498		0		4812		survived		9.07528		8.94441		568		414		186		180		186		180		
571		7498		0		4812		survived		9.07528		8.94441		569		414		186		180		186		180		
572		7498		0		4812		survived		9.07528		8.94441		570		414		186		180		186		180		
573		7498		0		4812		survived		9.07528		8.94441		571		414		186		180		186		180		
574		7498		0		4812		survived		9.07528		8.94441		572		414		186		180		186		180		
575		7498		0		4812		survived		9.07528		8.94441		573		414		186		180		186		180		
576		7498		0		4812		survived		9.07528		8.94441		574		414		186		180		186		180		
577		7498		0		4812		survived		9.07528		8.94441		575		414		186		180		186		180		
578		7498		0		4812		survived		9.07528		8.94441		576		414		186		180		186		180		
579		7498		0		4812		survived		9.07528		8.94441		577		414		186		180		186		180		
580		7498		0		4812		survived		9.07528		8.94441		578		414		186		180		186		180		
581		7498		0		4812		survived		9.07528		8.94441		579		414		186		180		186		180		
582		7498		0		4812		survived		9.07528		8.94441		580		414		186		180		186		180		
583		7498		0		4812		survived		9.07528		8.94441		581		414		186		180		186		180		
584		7498		0		4812		survived		9.07528		8.94441		582		414		186		180		186		180		
585		7498		0		4812		survived		9.07528		8.94441		583		414		186		180		186		180		
586		7498		0		4812		survived		9.07528		8.94441		584		414		186		180		186		180		
587		7498		0		4812		survived		9.07528		8.94441		585		414		186		180		186		180		
588		7498		0		4812		survived		9.07528		8.94441		586		414		186		180		186		180		
589		7498		0		4812		survived		9.07528		8.94441		587		414		186		180		186		180		
590		7498		0		4812		survived		9.07528		8.94441		588		414		186		180		186		180		
591		7498		0		4812		survived		9.07528		8.94441		589		414		186		180		186		180		
592		7498		0		4812		survived		9.07528		8.94441		590		414		186		180		186		180		
593		7498		0		4812		survived		9.07528		8.94441		591		414		186		180		186		180		
594		7498		0		4812		survived		9.07528		8.94441		592		414		186		180		186		180		
595		7498		0		4812		survived		9.07528		8.94441		593		414		186		180		186		180		
596		7498		0		4812		survived		9.07528		8.94441		594		414		186		180		186		180		
597		7498		0		4812		survived		9.07528		8.94441		595		414		186		180		186		180		
598		7498		0		4812		survived		9.07528		8.94441		596		414		186		180		186		180		
599		7498		0		4812		survived		9.07528		8.94441		597		414		186		180		186		180		
600		7498		0		4812		survived		9.07528		8.94441		598		414		186		180		186		180		
601		7498		0		4812		survived		9.07528		8.94441		599		414		186		180		186		180		
602		7498		0		4812		survived		9.07528		8.94441		600		414		186		180		186		180		
603		7498		0		4812		survived		9.07528		8.94441		601		414		186		180		186		180		
604		7498		0		4812		survived		9.07528		8.94441		602		414		186		180		186		180		
605		7498		0		4812		survived		9.07528		8.94441		603		414		186		180		186		180		
606		7498		0		4812		survived		9.07528		8.94441		604		414		186		180		186		180		
607		7498		0		4812		survived		9.07528		8.94441		605		414		186		180		186		180		
608		7498		0		4812		survived		9.07528		8.94441		606		414		186		180		186		180		
609		7498		0		4812		survived		9.07528		8.94441		607		414		186		180		186		180		
610		7498		0		4812		survived		9.07528		8.94441		608		414		186		180		186		180		
611		7498		0		4812		survived		9.07528		8.94441		609		414		186		180		186		180		
612		11021		0		10529		mutate_weight(-0.10633964955)		9.22644		9.05629		461		461		182		184		182		184		
613		11021		0		10529		survived		9.22644		9.05629		462		461		182		184		182		184		
614		11021		0		10529		survived		9.22644		9.05629		463		461		182		184		182		184		
615		11021		0		10529		survived		9.22644		9.05629		464		461		182		184		182		184		
616		11021		0		10529		survived		9.22644		9.05629		465		461		182		184		182		184		
617		11021		0		10529		survived		9.22644		9.05629		466		461		182		184		182		184		
618		11021		0		10529		survived		9.22644		9.05629		467		461		182		184		182		184		
619		11021		0		10529		survived		9.22644		9.05629		468		461		182		184		182		184		
620		11021		0		10529		survived		9.22644		9.05629		469		461		182		184		182		184		
621		11021		0		10529		survived		9.22644		9.05629		470		461		182		184		182		184		
622		11021		0		10529		survived		9.22644		9.05629		471		461		182		184		182		184		
623		11021		0		10529		survived		9.22644		9.05629		472		461		182		184		182		184		
624		11021		0		10529		survived		9.22644		9.05629		473		461		182		184		182		184		
625		11021		0		10529		survived		9.22644		9.05629		474		461		182		184		182		184		
626		11021		0		10529		survived		9.22644		9.05629		475		461		182		184		182		184		
627		11021		0		10529		survived		9.22644		9.05629		476		461		182		184		182		184		
628		11021		0		10529		survived		9.22644		9.05629		477		461		182		184		182		184		
629		11021		0		10529		survived		9.22644		9.05629		478		461		182		184		182		184		
630		11021		0		10529		survived		9.22644		9.05629		479		461		182		184		182		184		
631		11021		0		10529		survived		9.22644		9.05629		480		461		182		184		182		184		
632		11021		0		10529		survived		9.22644		9.05629		481		461		182		184		182		184		
633		11021		0		10529		survived		9.22644		9.05629		482		461		182		184		182		184		
634		11021		0		10529		survived		9.22644		9.05629		483		461		182		184		182		184		
635		11021		0		10529		survived		9.22644		9.05629		484		461		182		184		182		184		
636		11021		0		10529		survived		9.22644		9.05629		485		461		182		184		182		184		
637		11021		0		10529		survived		9.22644		9.05629		486		461		182		184		182		184		
638		11021		0		10529		survived		9.22644		9.05629		487		461		182		184		182		184		
639		11021		0		10529		survived		9.22644		9.05629		488		461		182		184		182		184		
640		11021		0		10529		survived		9.22644		9.05629		489		461		182		184		182		184		
641		11021		0		10529		survived		9.22644		9.05629		490		461		182		184		182		184		
642		11021		0		10529		survived		9.22644		9.05629		491		461		182		184		182		184		
643		11021		0		10529		survived		9.22644		9.05629		492		461		182		184		182		184		
644		11021		0		10529		survived		9.22644		9.05629		493		461		182		184		182		184		
645		11021		0		10529		survived		9.22644		9.05629		494		461		182		184		182		184		
646		11021		0		10529		survived		9.22644		9.05629		495		461		182		184		182		184		
647		11021		0		10529		survived		9.22644		9.05629		496		461		182		184		182		184		
648		11021		0		10529		survived		9.22644		9.05629		497		461		182		184		182		184		
649		11021		0		10529		survived		9.22644		9.05629		498		461		182		184		182		184		
650		11021		0		10529		survived		9.22644		9.05629		499		461		182		184		182		184		
651		11021		0		10529		survived		9.22644		9.05629		500		461		182		184		182		184		
652		11021		0		10529		survived		9.22644		9.05629		501		461		182		184		182		184		
653		11021		0		10529		survived		9.22644		9.05629		502		461		182		184		182		184		
654		11021		0		10529		survived		9.22644		9.05629		503		461		182		184		182		184		
655		11021		0		10529		survived		9.22644		9.05629		504		461		182		184		182		184		
656		11021		0		10529		survived		9.22644		9.05629		505		461		182		184		182		184		
657		11021		0		10529		survived		9.22644		9.05629		506		461		182		184		182		184		
658		11021		0		10529		survived		9.22644		9.05629		507		461		182		184		182		184		
659		11021		0		10529		survived		9.22644		9.05629		508		461		182		184		182		184		
660		11021		0		10529		survived		9.22644		9.05629		509		461		182		184		182		184		
661		11021		0		10529		survived		9.22644		9.05629		510		461		182		184		182		184		
662		11021		0		10529		survived		9.22644		9.05629		511		461		182		184		182		184		
663		11021		0		10529		survived		9.22644		9.05629		512		461		182		184		182		184		
664		11021		0		10529		survived		9.22644		9.05629		513		461		182		184		182		184		
665		11021		0		10529		survived		9.22644		9.05629		514		461		182		184		182		184		
666		11021		0		10529		survived		9.22644		9.05629		515		461		182		184		182		184		
667		11021		0		10529		survived		9.22644		9.05629		516		461		182		184		182		184		
668		11021		0		10529		survived		9.22644		9.05629		517		461		182		184		182		184		
669		11021		0		10529		survived		9.22644		9.05629		518		461		182		184		182		184		
670		11021		0		10529		survived		9.22644		9.05629		519		461		182		184		182		184		
671		11021		0		10529		survived		9.22644		9.05629		520		461		182		184		182		184		
672		11021		0		10529		survived		9.22644		9.05629		521		461		182		184		182		184		
673		11021		0		10529		survived		9.22644		9.05629		522		461		182		184		182		184		
674		12131		0		11021		mutate_weight(0.0191062691238)		9.26132		9.22644		523		523		182		182		182		182		
675		12131		0		11021		survived		9.26132		9.22644		524		523		182		182		182		182		
676		12131		0		11021		survived		9.26132		9.22644		525		523		182		182		182		182		
677		12131		0		11021		survived		9.26132		9.22644		526		523		182		182		182		182		
678		12131		0		11021		survived		9.26132		9.22644		527		523		182		182		182		182		
679		12131		0		11021		survived		9.26132		9.22644		528		523		182		182		182		182		
680		12131		0		11021		survived		9.26132		9.22644		529		523		182		182		182		182		
681		12131		0		11021		survived		9.26132		9.22644		530		523		182		182		182		182		
682		12131		0		11021		survived		9.26132		9.22644		531		523		182		182		182		182		
683		12131		0		11021		survived		9.26132		9.22644		532		523		182		182		182		182		
684		12131		0		11021		survived		9.26132		9.22644		533		523		182		182		182		182		
685		12131		0		11021		survived		9.26132		9.22644		534		523		182		182		182		182		
686		12131		0		11021		survived		9.26132		9.22644		535		523		182		182		182		182		
687		12131		0		11021		survived		9.26132		9.22644		536		523		182		182		182		182		
688		12131		0		11021		survived		9.26132		9.22644		537		523		182		182		182		182		
689		12131		0		11021		survived		9.26132		9.22644		538		523		182		182		182		182		
690		12131		0		11021		survived		9.26132		9.22644		539		523		182		182		182		182		
691		12131		0		11021		survived		9.26132		9.22644		540		523		182		182		182		182		
692		12131		0		11021		survived		9.26132		9.22644		541		523		182		182		182		182		
693		12131		0		11021		survived		9.26132		9.22644		542		523		182		182		182		182		
694		12131		0		11021		survived		9.26132		9.22644		543		523		182		182		182		182		
695		12131		0		11021		survived		9.26132		9.22644		544		523		182		182		182		182		
696		12131		0		11021		survived		9.26132		9.22644		545		523		182		182		182		182		
697		12131		0		11021		survived		9.26132		9.22644		546		523		182		182		182		182		
698		12131		0		11021		survived		9.26132		9.22644		547		523		182		182		182		182		
699		12131		0		11021		survived		9.26132		9.22644		548		523		182		182		182		182		
700		12131		0		11021		survived		9.26132		9.22644		549		523		182		182		182		182		
701		12131		0		11021		survived		9.26132		9.22644		550		523		182		182		182		182		
702		12131		0		11021		survived		9.26132		9.22644		551		523		182		182		182		182		
703		12131		0		11021		survived		9.26132		9.22644		552		523		182		182		182		182		
704		12131		0		11021		survived		9.26132		9.22644		553		523		182		182		182		182		
705		12131		0		11021		survived		9.26132		9.22644		554		523		182		182		182		182		
706		12131		0		11021		survived		9.26132		9.22644		555		523		182		182		182		182		
707		12131		0		11021		survived		9.26132		9.22644		556		523		182		182		182		182		
708		12131		0		11021		survived		9.26132		9.22644		557		523		182		182		182		182		
709		12131		0		11021		survived		9.26132		9.22644		558		523		182		182		182		182		
710		12131		0		11021		survived		9.26132		9.22644		559		523		182		182		182		182		
711		12131		0		11021		survived		9.26132		9.22644		560		523		182		182		182		182		
712		12131		0		11021		survived		9.26132		9.22644		561		523		182		182		182		182		
713		12131		0		11021		survived		9.26132		9.22644		562		523		182		182		182		182		
714		12131		0		11021		survived		9.26132		9.22644		563		523		182		182		182		182		
715		12131		0		11021		survived		9.26132		9.22644		564		523		182		182		182		182		
716		12131		0		11021		survived		9.26132		9.22644		565		523		182		182		182		182		
717		12131		0		11021		survived		9.26132		9.22644		566		523		182		182		182		182		
718		12131		0		11021		survived		9.26132		9.22644		567		523		182		182		182		182		
719		12131		0		11021		survived		9.26132		9.22644		568		523		182		182		182		182		
720		12131		0		11021		survived		9.26132		9.22644		569		523		182		182		182		182		
721		12131		0		11021		survived		9.26132		9.22644		570		523		182		182		182		182		
722		12131		0		11021		survived		9.26132		9.22644		571		523		182		182		182		182		
723		12131		0		11021		survived		9.26132		9.22644		572		523		182		182		182		182		
724		12131		0		11021		survived		9.26132		9.22644		573		523		182		182		182		182		
725		12131		0		11021		survived		9.26132		9.22644		574		523		182		182		182		182		
726		12131		0		11021		survived		9.26132		9.22644		575		523		182		182		182		182		
727		12131		0		11021		survived		9.26132		9.22644		576		523		182		182		182		182		
728		12131		0		11021		survived		9.26132		9.22644		577		523		182		182		182		182		
729		12131		0		11021		survived		9.26132		9.22644		578		523		182		182		182		182		
730		12131		0		11021		survived		9.26132		9.22644		579		523		182		182		182		182		
731		12131		0		11021		survived		9.26132		9.22644		580		523		182		182		182		182		
732		12131		0		11021		survived		9.26132		9.22644		581		523		182		182		182		182		
733		12131		0		11021		survived		9.26132		9.22644		582		523		182		182		182		182		
734		12131		0		11021		survived		9.26132		9.22644		583		523		182		182		182		182		
735		12131		0		11021		survived		9.26132		9.22644		584		523		182		182		182		182		
736		12131		0		11021		survived		9.26132		9.22644		585		523		182		182		182		182		
737		12131		0		11021		survived		9.26132		9.22644		586		523		182		182		182		182		
738		12131		0		11021		survived		9.26132		9.22644		587		523		182		182		182		182		
739		12131		0		11021		survived		9.26132		9.22644		588		523		182		182		182		182		
740		12131		0		11021		survived		9.26132		9.22644		589		523		182		182		182		182		
741		12131		0		11021		survived		9.26132		9.22644		590		523		182		182		182		182		
742		12131		0		11021		survived		9.26132		9.22644		591		523		182		182		182		182		
743		12131		0		11021		survived		9.26132		9.22644		592		523		182		182		182		182		
744		12131		0		11021		survived		9.26132		9.22644		593		523		182		182		182		182		
745		12131		0		11021		survived		9.26132		9.22644		594		523		182		182		182		182		
746		12131		0		11021		survived		9.26132		9.22644		595		523		182		182		182		182		
747		12131		0		11021		survived		9.26132		9.22644		596		523		182		182		182		182		
748		12131		0		11021		survived		9.26132		9.22644		597		523		182		182		182		182		
749		12131		0		11021		survived		9.26132		9.22644		598		523		182		182		182		182		
750		12131		0		11021		survived		9.26132		9.22644		599		523		182		182		182		182		
751		12131		0		11021		survived		9.26132		9.22644		600		523		182		182		182		182		
752		12131		0		11021		survived		9.26132		9.22644		601		523		182		182		182		182		
753		12131		0		11021		survived		9.26132		9.22644		602		523		182		182		182		182		
754		12131		0		11021		survived		9.26132		9.22644		603		523		182		182		182		182		
755		12131		0		11021		survived		9.26132		9.22644		604		523		182		182		182		182		
756		12131		0		11021		survived		9.26132		9.22644		605		523		182		182		182		182		
757		12131		0		11021		survived		9.26132		9.22644		606		523		182		182		182		182		
758		12131		0		11021		survived		9.26132		9.22644		607		523		182		182		182		182		
759		12131		0		11021		survived		9.26132		9.22644		608		523		182		182		182		182		
760		12131		0		11021		survived		9.26132		9.22644		609		523		182		182		182		182		
761		12131		0		11021		survived		9.26132		9.22644		610		523		182		182		182		182		
762		12131		0		11021		survived		9.26132		9.22644		611		523		182		182		182		182		
763		12131		0		11021		survived		9.26132		9.22644		612		523		182		182		182		182		
764		12131		0		11021		survived		9.26132		9.22644		613		523		182		182		182		182		
765		12131		0		11021		survived		9.26132		9.22644		614		523		182		182		182		182		
766		12131		0		11021		survived		9.26132		9.22644		615		523		182		182		182		182		
767		12131		0		11021		survived		9.26132		9.22644		616		523		182		182		182		182		
768		12131		0		11021		survived		9.26132		9.22644		617		523		182		182		182		182		
769		12131		0		11021		survived		9.26132		9.22644		618		523		182		182		182		182		
770		12131		0		11021		survived		9.26132		9.22644		619		523		182		182		182		182		
771		12131		0		11021		survived		9.26132		9.22644		620		523		182		182		182		182		
772		12131		0		11021		survived		9.26132		9.22644		621		523		182		182		182		182		
773		12131		0		11021		survived		9.26132		9.22644		622		523		182		182		182		182		
774		12131		0		11021		survived		9.26132		9.22644		623		523		182		182		182		182		
775		12131		0		11021		survived		9.26132		9.22644		624		523		182		182		182		182		
776		12131		0		11021		survived		9.26132		9.22644		625		523		182		182		182		182		
777		12131		0		11021		survived		9.26132		9.22644		626		523		182		182		182		182		
778		12131		0		11021		survived		9.26132		9.22644		627		523		182		182		182		182		
779		12131		0		11021		survived		9.26132		9.22644		628		523		182		182		182		182		
780		12131		0		11021		survived		9.26132		9.22644		629		523		182		182		182		182		
781		12131		0		11021		survived		9.26132		9.22644		630		523		182		182		182		182		
782		12131		0		11021		survived		9.26132		9.22644		631		523		182		182		182		182		
783		12131		0		11021		survived		9.26132		9.22644		632		523		182		182		182		182		
784		12131		0		11021		survived		9.26132		9.22644		633		523		182		182		182		182		
785		12131		0		11021		survived		9.26132		9.22644		634		523		182		182		182		182		
786		12131		0		11021		survived		9.26132		9.22644		635		523		182		182		182		182		
787		12131		0		11021		survived		9.26132		9.22644		636		523		182		182		182		182		
788		12131		0		11021		survived		9.26132		9.22644		637		523		182		182		182		182		
789		12131		0		11021		survived		9.26132		9.22644		638		523		182		182		182		182		
790		12131		0		11021		survived		9.26132		9.22644		639		523		182		182		182		182		
791		12131		0		11021		survived		9.26132		9.22644		640		523		182		182		182		182		
792		12131		0		11021		survived		9.26132		9.22644		641		523		182		182		182		182		
793		12131		0		11021		survived		9.26132		9.22644		642		523		182		182		182		182		
794		12131		0		11021		survived		9.26132		9.22644		643		523		182		182		182		182		
795		12131		0		11021		survived		9.26132		9.22644		644		523		182		182		182		182		
796		12131		0		11021		survived		9.26132		9.22644		645		523		182		182		182		182		
797		12131		0		11021		survived		9.26132		9.22644		646		523		182		182		182		182		
798		12131		0		11021		survived		9.26132		9.22644		647		523		182		182		182		182		
799		12131		0		11021		survived		9.26132		9.22644		648		523		182		182		182		182		
800		12131		0		11021		survived		9.26132		9.22644		649		523		182		182		182		182		
801		12131		0		11021		survived		9.26132		9.22644		650		523		182		182		182		182		
802		12131		0		11021		survived		9.26132		9.22644		651		523		182		182		182		182		
803		12131		0		11021		survived		9.26132		9.22644		652		523		182		182		182		182		
804		12131		0		11021		survived		9.26132		9.22644		653		523		182		182		182		182		
805		12131		0		11021		survived		9.26132		9.22644		654		523		182		182		182		182		
806		12131		0		11021		survived		9.26132		9.22644		655		523		182		182		182		182		
807		12131		0		11021		survived		9.26132		9.22644		656		523		182		182		182		182		
808		12131		0		11021		survived		9.26132		9.22644		657		523		182		182		182		182		
809		12131		0		11021		survived		9.26132		9.22644		658		523		182		182		182		182		
810		12131		0		11021		survived		9.26132		9.22644		659		523		182		182		182		182		
811		12131		0		11021		survived		9.26132		9.22644		660		523		182		182		182		182		
812		12131		0		11021		survived		9.26132		9.22644		661		523		182		182		182		182		
813		12131		0		11021		survived		9.26132		9.22644		662		523		182		182		182		182		
814		12131		0		11021		survived		9.26132		9.22644		663		523		182		182		182		182		
815		12131		0		11021		survived		9.26132		9.22644		664		523		182		182		182		182		
816		12131		0		11021		survived		9.26132		9.22644		665		523		182		182		182		182		
817		12131		0		11021		survived		9.26132		9.22644		666		523		182		182		182		182		
818		12131		0		11021		survived		9.26132		9.22644		667		523		182		182		182		182		
819		12131		0		11021		survived		9.26132		9.22644		668		523		182		182		182		182		
820		12131		0		11021		survived		9.26132		9.22644		669		523		182		182		182		182		
821		12131		0		11021		survived		9.26132		9.22644		670		523		182		182		182		182		
822		12131		0		11021		survived		9.26132		9.22644		671		523		182		182		182		182		
823		12131		0		11021		survived		9.26132		9.22644		672		523		182		182		182		182		
824		12131		0		11021		survived		9.26132		9.22644		673		523		182		182		182		182		
825		12131		0		11021		survived		9.26132		9.22644		674		523		182		182		182		182		
826		12131		0		11021		survived		9.26132		9.22644		675		523		182		182		182		182		
827		12131		0		11021		survived		9.26132		9.22644		676		523		182		182		182		182		
828		12131		0		11021		survived		9.26132		9.22644		677		523		182		182		182		182		
829		12131		0		11021		survived		9.26132		9.22644		678		523		182		182		182		182		
830		12131		0		11021		survived		9.26132		9.22644		679		523		182		182		182		182		
831		12131		0		11021		survived		9.26132		9.22644		680		523		182		182		182		182		
832		12131		0		11021		survived		9.26132		9.22644		681		523		182		182		182		182		
833		12131		0		11021		survived		9.26132		9.22644		682		523		182		182		182		182		
834		12131		0		11021		survived		9.26132		9.22644		683		523		182		182		182		182		
835		12131		0		11021		survived		9.26132		9.22644		684		523		182		182		182		182		
836		12131		0		11021		survived		9.26132		9.22644		685		523		182		182		182		182		
837		12131		0		11021		survived		9.26132		9.22644		686		523		182		182		182		182		
838		12131		0		11021		survived		9.26132		9.22644		687		523		182		182		182		182		
839		12131		0		11021		survived		9.26132		9.22644		688		523		182		182		182		182		
840		12131		0		11021		survived		9.26132		9.22644		689		523		182		182		182		182		
841		12131		0		11021		survived		9.26132		9.22644		690		523		182		182		182		182		
842		12131		0		11021		survived		9.26132		9.22644		691		523		182		182		182		182		
843		12131		0		11021		survived		9.26132		9.22644		692		523		182		182		182		182		
844		12131		0		11021		survived		9.26132		9.22644		693		523		182		182		182		182		
845		12131		0		11021		survived		9.26132		9.22644		694		523		182		182		182		182		
846		12131		0		11021		survived		9.26132		9.22644		695		523		182		182		182		182		
847		12131		0		11021		survived		9.26132		9.22644		696		523		182		182		182		182		
848		12131		0		11021		survived		9.26132		9.22644		697		523		182		182		182		182		
849		12131		0		11021		survived		9.26132		9.22644		698		523		182		182		182		182		
850		12131		0		11021		survived		9.26132		9.22644		699		523		182		182		182		182		
851		12131		0		11021		survived		9.26132		9.22644		700		523		182		182		182		182		
852		12131		0		11021		survived		9.26132		9.22644		701		523		182		182		182		182		
853		12131		0		11021		survived		9.26132		9.22644		702		523		182		182		182		182		
854		12131		0		11021		survived		9.26132		9.22644		703		523		182		182		182		182		
855		12131		0		11021		survived		9.26132		9.22644		704		523		182		182		182		182		
856		12131		0		11021		survived		9.26132		9.22644		705		523		182		182		182		182		
857		12131		0		11021		survived		9.26132		9.22644		706		523		182		182		182		182		
858		12131		0		11021		survived		9.26132		9.22644		707		523		182		182		182		182		
859		12131		0		11021		survived		9.26132		9.22644		708		523		182		182		182		182		
860		12131		0		11021		survived		9.26132		9.22644		709		523		182		182		182		182		
861		12131		0		11021		survived		9.26132		9.22644		710		523		182		182		182		182		
862		12131		0		11021		survived		9.26132		9.22644		711		523		182		182		182		182		
863		12131		0		11021		survived		9.26132		9.22644		712		523		182		182		182		182		
864		12131		0		11021		survived		9.26132		9.22644		713		523		182		182		182		182		
865		12131		0		11021		survived		9.26132		9.22644		714		523		182		182		182		182		
866		12131		0		11021		survived		9.26132		9.22644		715		523		182		182		182		182		
867		12131		0		11021		survived		9.26132		9.22644		716		523		182		182		182		182		
868		12131		0		11021		survived		9.26132		9.22644		717		523		182		182		182		182		
869		12131		0		11021		survived		9.26132		9.22644		718		523		182		182		182		182		
870		12131		0		11021		survived		9.26132		9.22644		719		523		182		182		182		182		
871		12131		0		11021		survived		9.26132		9.22644		720		523		182		182		182		182		
872		12131		0		11021		survived		9.26132		9.22644		721		523		182		182		182		182		
873		12131		0		11021		survived		9.26132		9.22644		722		523		182		182		182		182		
874		12131		0		11021		survived		9.26132		9.22644		723		523		182		182		182		182		
875		12131		0		11021		survived		9.26132		9.22644		724		523		182		182		182		182		
876		12131		0		11021		survived		9.26132		9.22644		725		523		182		182		182		182		
877		12131		0		11021		survived		9.26132		9.22644		726		523		182		182		182		182		
878		12131		0		11021		survived		9.26132		9.22644		727		523		182		182		182		182		
879		12131		0		11021		survived		9.26132		9.22644		728		523		182		182		182		182		
880		12131		0		11021		survived		9.26132		9.22644		729		523		182		182		182		182		
881		12131		0		11021		survived		9.26132		9.22644		730		523		182		182		182		182		
882		12131		0		11021		survived		9.26132		9.22644		731		523		182		182		182		182		
883		12131		0		11021		survived		9.26132		9.22644		732		523		182		182		182		182		
884		12131		0		11021		survived		9.26132		9.22644		733		523		182		182		182		182		
885		12131		0		11021		survived		9.26132		9.22644		734		523		182		182		182		182		
886		12131		0		11021		survived		9.26132		9.22644		735		523		182		182		182		182		
887		12131		0		11021		survived		9.26132		9.22644		736		523		182		182		182		182		
888		12131		0		11021		survived		9.26132		9.22644		737		523		182		182		182		182		
889		12131		0		11021		survived		9.26132		9.22644		738		523		182		182		182		182		
890		12131		0		11021		survived		9.26132		9.22644		739		523		182		182		182		182		
891		12131		0		11021		survived		9.26132		9.22644		740		523		182		182		182		182		
892		12131		0		11021		survived		9.26132		9.22644		741		523		182		182		182		182		
893		12131		0		11021		survived		9.26132		9.22644		742		523		182		182		182		182		
894		12131		0		11021		survived		9.26132		9.22644		743		523		182		182		182		182		
895		12131		0		11021		survived		9.26132		9.22644		744		523		182		182		182		182		
896		12131		0		11021		survived		9.26132		9.22644		745		523		182		182		182		182		
897		12131		0		11021		survived		9.26132		9.22644		746		523		182		182		182		182		
898		12131		0		11021		survived		9.26132		9.22644		747		523		182		182		182		182		
899		12131		0		11021		survived		9.26132		9.22644		748		523		182		182		182		182		
900		12131		0		11021		survived		9.26132		9.22644		749		523		182		182		182		182		
901		12131		0		11021		survived		9.26132		9.22644		750		523		182		182		182		182		
902		12131		0		11021		survived		9.26132		9.22644		751		523		182		182		182		182		
903		12131		0		11021		survived		9.26132		9.22644		752		523		182		182		182		182		
904		12131		0		11021		survived		9.26132		9.22644		753		523		182		182		182		182		
905		12131		0		11021		survived		9.26132		9.22644		754		523		182		182		182		182		
906		12131		0		11021		survived		9.26132		9.22644		755		523		182		182		182		182		
907		12131		0		11021		survived		9.26132		9.22644		756		523		182		182		182		182		
908		12131		0		11021		survived		9.26132		9.22644		757		523		182		182		182		182		
909		12131		0		11021		survived		9.26132		9.22644		758		523		182		182		182		182		
910		12131		0		11021		survived		9.26132		9.22644		759		523		182		182		182		182		
911		12131		0		11021		survived		9.26132		9.22644		760		523		182		182		182		182		
912		12131		0		11021		survived		9.26132		9.22644		761		523		182		182		182		182		
913		12131		0		11021		survived		9.26132		9.22644		762		523		182		182		182		182		
914		12131		0		11021		survived		9.26132		9.22644		763		523		182		182		182		182		
915		12131		0		11021		survived		9.26132		9.22644		764		523		182		182		182		182		
916		12131		0		11021		survived		9.26132		9.22644		765		523		182		182		182		182		
917		12131		0		11021		survived		9.26132		9.22644		766		523		182		182		182		182		
918		12131		0		11021		survived		9.26132		9.22644		767		523		182		182		182		182		
919		12131		0		11021		survived		9.26132		9.22644		768		523		182		182		182		182		
920		12131		0		11021		survived		9.26132		9.22644		769		523		182		182		182		182		
921		12131		0		11021		survived		9.26132		9.22644		770		523		182		182		182		182		
922		12131		0		11021		survived		9.26132		9.22644		771		523		182		182		182		182		
923		12131		0		11021		survived		9.26132		9.22644		772		523		182		182		182		182		
924		12131		0		11021		survived		9.26132		9.22644		773		523		182		182		182		182		
925		12131		0		11021		survived		9.26132		9.22644		774		523		182		182		182		182		
926		12131		0		11021		survived		9.26132		9.22644		775		523		182		182		182		182		
927		12131		0		11021		survived		9.26132		9.22644		776		523		182		182		182		182		
928		12131		0		11021		survived		9.26132		9.22644		777		523		182		182		182		182		
929		12131		0		11021		survived		9.26132		9.22644		778		523		182		182		182		182		
930		12131		0		11021		survived		9.26132		9.22644		779		523		182		182		182		182		
931		12131		0		11021		survived		9.26132		9.22644		780		523		182		182		182		182		
932		12131		0		11021		survived		9.26132		9.22644		781		523		182		182		182		182		
933		12131		0		11021		survived		9.26132		9.22644		782		523		182		182		182		182		
934		12131		0		11021		survived		9.26132		9.22644		783		523		182		182		182		182		
935		12131		0		11021		survived		9.26132		9.22644		784		523		182		182		182		182		
936		12131		0		11021		survived		9.26132		9.22644		785		523		182		182		182		182		
937		12131		0		11021		survived		9.26132		9.22644		786		523		182		182		182		182		
938		12131		0		11021		survived		9.26132		9.22644		787		523		182		182		182		182		
939		12131		0		11021		survived		9.26132		9.22644		788		523		182		182		182		182		
940		12131		0		11021		survived		9.26132		9.22644		789		523		182		182		182		182		
941		12131		0		11021		survived		9.26132		9.22644		790		523		182		182		182		182		
942		12131		0		11021		survived		9.26132		9.22644		791		523		182		182		182		182		
943		12131		0		11021		survived		9.26132		9.22644		792		523		182		182		182		182		
944		12131		0		11021		survived		9.26132		9.22644		793		523		182		182		182		182		
945		12131		0		11021		survived		9.26132		9.22644		794		523		182		182		182		182		
946		12131		0		11021		survived		9.26132		9.22644		795		523		182		182		182		182		
947		12131		0		11021		survived		9.26132		9.22644		796		523		182		182		182		182		
948		12131		0		11021		survived		9.26132		9.22644		797		523		182		182		182		182		
949		12131		0		11021		survived		9.26132		9.22644		798		523		182		182		182		182		
950		12131		0		11021		survived		9.26132		9.22644		799		523		182		182		182		182		
951		12131		0		11021		survived		9.26132		9.22644		800		523		182		182		182		182		
952		12131		0		11021		survived		9.26132		9.22644		801		523		182		182		182		182		
953		12131		0		11021		survived		9.26132		9.22644		802		523		182		182		182		182		
954		12131		0		11021		survived		9.26132		9.22644		803		523		182		182		182		182		
955		12131		0		11021		survived		9.26132		9.22644		804		523		182		182		182		182		
956		12131		0		11021		survived		9.26132		9.22644		805		523		182		182		182		182		
957		12131		0		11021		survived		9.26132		9.22644		806		523		182		182		182		182		
958		12131		0		11021		survived		9.26132		9.22644		807		523		182		182		182		182		
959		12131		0		11021		survived		9.26132		9.22644		808		523		182		182		182		182		
960		12131		0		11021		survived		9.26132		9.22644		809		523		182		182		182		182		
961		12131		0		11021		survived		9.26132		9.22644		810		523		182		182		182		182		
962		12131		0		11021		survived		9.26132		9.22644		811		523		182		182		182		182		
963		12131		0		11021		survived		9.26132		9.22644		812		523		182		182		182		182		
964		12131		0		11021		survived		9.26132		9.22644		813		523		182		182		182		182		
965		12131		0		11021		survived		9.26132		9.22644		814		523		182		182		182		182		
966		12131		0		11021		survived		9.26132		9.22644		815		523		182		182		182		182		
967		12131		0		11021		survived		9.26132		9.22644		816		523		182		182		182		182		
968		12131		0		11021		survived		9.26132		9.22644		817		523		182		182		182		182		
969		12131		0		11021		survived		9.26132		9.22644		818		523		182		182		182		182		
970		12131		0		11021		survived		9.26132		9.22644		819		523		182		182		182		182		
971		12131		0		11021		survived		9.26132		9.22644		820		523		182		182		182		182		
972		12131		0		11021		survived		9.26132		9.22644		821		523		182		182		182		182		
973		12131		0		11021		survived		9.26132		9.22644		822		523		182		182		182		182		
974		12131		0		11021		survived		9.26132		9.22644		823		523		182		182		182		182		
975		12131		0		11021		survived		9.26132		9.22644		824		523		182		182		182		182		
976		12131		0		11021		survived		9.26132		9.22644		825		523		182		182		182		182		
977		12131		0		11021		survived		9.26132		9.22644		826		523		182		182		182		182		
978		12131		0		11021		survived		9.26132		9.22644		827		523		182		182		182		182		
979		12131		0		11021		survived		9.26132		9.22644		828		523		182		182		182		182		
980		12131		0		11021		survived		9.26132		9.22644		829		523		182		182		182		182		
981		12131		0		11021		survived		9.26132		9.22644		830		523		182		182		182		182		
982		12131		0		11021		survived		9.26132		9.22644		831		523		182		182		182		182		
983		12131		0		11021		survived		9.26132		9.22644		832		523		182		182		182		182		
984		12131		0		11021		survived		9.26132		9.22644		833		523		182		182		182		182		
985		12131		0		11021		survived		9.26132		9.22644		834		523		182		182		182		182		
986		12131		0		11021		survived		9.26132		9.22644		835		523		182		182		182		182		
987		12131		0		11021		survived		9.26132		9.22644		836		523		182		182		182		182		
988		12131		0		11021		survived		9.26132		9.22644		837		523		182		182		182		182		
989		12131		0		11021		survived		9.26132		9.22644		838		523		182		182		182		182		
990		12131		0		11021		survived		9.26132		9.22644		839		523		182		182		182		182		
991		12131		0		11021		survived		9.26132		9.22644		840		523		182		182		182		182		
992		12131		0		11021		survived		9.26132		9.22644		841		523		182		182		182		182		
993		12131		0		11021		survived		9.26132		9.22644		842		523		182		182		182		182		
994		12131		0		11021		survived		9.26132		9.22644		843		523		182		182		182		182		
995		12131		0		11021		survived		9.26132		9.22644		844		523		182		182		182		182		
996		12131		0		11021		survived		9.26132		9.22644		845		523		182		182		182		182		
997		12131		0		11021		survived		9.26132		9.22644		846		523		182		182		182		182		
998		12131		0		11021		survived		9.26132		9.22644		847		523		182		182		182		182		
999		12131		0		11021		survived		9.26132		9.22644		848		523		182		182		182		182		
1000		12131		0		11021		survived		9.26132		9.22644		849		523		182		182		182		182		
