gen		id		dom		parent_id		variation_type		fitness		parent_fitness		age		parent_age		num_voxels		parent_num_voxels		energy		parent_energy		material_different_from_parent		mean_material		mean_parent_material		mean_parent_diff_material
0		7		0		-1		newly_generated		0.458627		-10000000.0		0		10000000.0		216		10000000.0		163		10000000.0		
1		20		0		3		mutate_function(square-to-sin)		5.08705		0.0124369		1		1		216		216		216		216		
2		20		0		3		survived		5.08705		0.0124369		2		1		216		216		216		216		
3		20		0		3		survived		5.08705		0.0124369		3		1		216		216		216		216		
4		94		0		20		mutate_function(neg_abs-to-neg_sqrt_abs)		5.68078		5.08705		4		4		216		216		216		216		
5		94		0		20		survived		5.68078		5.08705		5		4		216		216		216		216		
6		127		0		107		add_link		5.78431		5.56475		6		6		216		216		216		216		
7		127		0		107		survived		5.78431		5.56475		7		6		216		216		216		216		
8		182		0		127		add_link		5.8036		5.78431		8		8		216		216		216		216		
9		182		0		127		survived		5.8036		5.78431		9		8		216		216		216		216		
10		182		0		127		survived		5.8036		5.78431		10		8		216		216		216		216		
11		236		0		182		mutate_function(neg_sqrt_abs-to-absolute)		6.19846		5.8036		11		11		216		216		216		216		
12		236		0		182		survived		6.19846		5.8036		12		11		216		216		216		216		
13		291		0		236		remove_link		6.42147		6.19846		13		13		216		216		216		216		
14		291		0		236		survived		6.42147		6.19846		14		13		216		216		216		216		
15		291		0		236		survived		6.42147		6.19846		15		13		216		216		216		216		
16		351		0		291		mutate_weight(0.156420170625)		6.43632		6.42147		16		16		216		216		216		216		
17		351		0		291		survived		6.43632		6.42147		17		16		216		216		216		216		
18		351		0		291		survived		6.43632		6.42147		18		16		216		216		216		216		
19		351		0		291		survived		6.43632		6.42147		19		16		216		216		216		216		
20		351		0		291		survived		6.43632		6.42147		20		16		216		216		216		216		
21		351		0		291		survived		6.43632		6.42147		21		16		216		216		216		216		
22		351		0		291		survived		6.43632		6.42147		22		16		216		216		216		216		
23		351		0		291		survived		6.43632		6.42147		23		16		216		216		216		216		
24		351		0		291		survived		6.43632		6.42147		24		16		216		216		216		216		
25		351		0		291		survived		6.43632		6.42147		25		16		216		216		216		216		
26		351		0		291		survived		6.43632		6.42147		26		16		216		216		216		216		
27		351		0		291		survived		6.43632		6.42147		27		16		216		216		216		216		
28		351		0		291		survived		6.43632		6.42147		28		16		216		216		216		216		
29		351		0		291		survived		6.43632		6.42147		29		16		216		216		216		216		
30		351		0		291		survived		6.43632		6.42147		30		16		216		216		216		216		
31		351		0		291		survived		6.43632		6.42147		31		16		216		216		216		216		
32		351		0		291		survived		6.43632		6.42147		32		16		216		216		216		216		
33		351		0		291		survived		6.43632		6.42147		33		16		216		216		216		216		
34		351		0		291		survived		6.43632		6.42147		34		16		216		216		216		216		
35		351		0		291		survived		6.43632		6.42147		35		16		216		216		216		216		
36		351		0		291		survived		6.43632		6.42147		36		16		216		216		216		216		
37		351		0		291		survived		6.43632		6.42147		37		16		216		216		216		216		
38		832		0		351		mutate_weight(0.0329077691416)		6.46106		6.43632		38		38		216		216		216		216		
39		832		0		351		survived		6.46106		6.43632		39		38		216		216		216		216		
40		832		0		351		survived		6.46106		6.43632		40		38		216		216		216		216		
41		832		0		351		survived		6.46106		6.43632		41		38		216		216		216		216		
42		832		0		351		survived		6.46106		6.43632		42		38		216		216		216		216		
43		832		0		351		survived		6.46106		6.43632		43		38		216		216		216		216		
44		832		0		351		survived		6.46106		6.43632		44		38		216		216		216		216		
45		832		0		351		survived		6.46106		6.43632		45		38		216		216		216		216		
46		832		0		351		survived		6.46106		6.43632		46		38		216		216		216		216		
47		832		0		351		survived		6.46106		6.43632		47		38		216		216		216		216		
48		832		0		351		survived		6.46106		6.43632		48		38		216		216		216		216		
49		832		0		351		survived		6.46106		6.43632		49		38		216		216		216		216		
50		1101		0		832		mutate_weight(-0.325508742023)		6.46534		6.46106		50		50		216		216		216		216		
51		1101		0		832		survived		6.46534		6.46106		51		50		216		216		216		216		
52		1101		0		832		survived		6.46534		6.46106		52		50		216		216		216		216		
53		1101		0		832		survived		6.46534		6.46106		53		50		216		216		216		216		
54		1101		0		832		survived		6.46534		6.46106		54		50		216		216		216		216		
55		1101		0		832		survived		6.46534		6.46106		55		50		216		216		216		216		
56		1101		0		832		survived		6.46534		6.46106		56		50		216		216		216		216		
57		1101		0		832		survived		6.46534		6.46106		57		50		216		216		216		216		
58		1101		0		832		survived		6.46534		6.46106		58		50		216		216		216		216		
59		1101		0		832		survived		6.46534		6.46106		59		50		216		216		216		216		
60		1101		0		832		survived		6.46534		6.46106		60		50		216		216		216		216		
61		1101		0		832		survived		6.46534		6.46106		61		50		216		216		216		216		
62		1101		0		832		survived		6.46534		6.46106		62		50		216		216		216		216		
63		1380		0		1372		add_node		6.59498		3.3503		1		1		216		216		216		216		
64		1380		0		1372		survived		6.59498		3.3503		2		1		216		216		216		216		
65		1380		0		1372		survived		6.59498		3.3503		3		1		216		216		216		216		
66		1380		0		1372		survived		6.59498		3.3503		4		1		216		216		216		216		
67		1380		0		1372		survived		6.59498		3.3503		5		1		216		216		216		216		
68		1502		0		1380		remove_link		6.61646		6.59498		6		6		216		216		216		216		
69		1502		0		1380		survived		6.61646		6.59498		7		6		216		216		216		216		
70		1502		0		1380		survived		6.61646		6.59498		8		6		216		216		216		216		
71		1502		0		1380		survived		6.61646		6.59498		9		6		216		216		216		216		
72		1502		0		1380		survived		6.61646		6.59498		10		6		216		216		216		216		
73		1502		0		1380		survived		6.61646		6.59498		11		6		216		216		216		216		
74		1502		0		1380		survived		6.61646		6.59498		12		6		216		216		216		216		
75		1502		0		1380		survived		6.61646		6.59498		13		6		216		216		216		216		
76		1502		0		1380		survived		6.61646		6.59498		14		6		216		216		216		216		
77		1698		0		1502		add_link		6.64047		6.61646		15		15		216		216		216		216		
78		1698		0		1502		survived		6.64047		6.61646		16		15		216		216		216		216		
79		1698		0		1502		survived		6.64047		6.61646		17		15		216		216		216		216		
80		1698		0		1502		survived		6.64047		6.61646		18		15		216		216		216		216		
81		1698		0		1502		survived		6.64047		6.61646		19		15		216		216		216		216		
82		1698		0		1502		survived		6.64047		6.61646		20		15		216		216		216		216		
83		1826		0		1698		add_link		6.64617		6.64047		21		21		216		216		216		216		
84		1826		0		1698		survived		6.64617		6.64047		22		21		216		216		216		216		
85		1826		0		1698		survived		6.64617		6.64047		23		21		216		216		216		216		
86		1826		0		1698		survived		6.64617		6.64047		24		21		216		216		216		216		
87		1826		0		1698		survived		6.64617		6.64047		25		21		216		216		216		216		
88		1826		0		1698		survived		6.64617		6.64047		26		21		216		216		216		216		
89		1826		0		1698		survived		6.64617		6.64047		27		21		216		216		216		216		
90		1826		0		1698		survived		6.64617		6.64047		28		21		216		216		216		216		
91		1826		0		1698		survived		6.64617		6.64047		29		21		216		216		216		216		
92		1826		0		1698		survived		6.64617		6.64047		30		21		216		216		216		216		
93		1826		0		1698		survived		6.64617		6.64047		31		21		216		216		216		216		
94		1826		0		1698		survived		6.64617		6.64047		32		21		216		216		216		216		
95		1826		0		1698		survived		6.64617		6.64047		33		21		216		216		216		216		
96		1826		0		1698		survived		6.64617		6.64047		34		21		216		216		216		216		
97		1826		0		1698		survived		6.64617		6.64047		35		21		216		216		216		216		
98		1826		0		1698		survived		6.64617		6.64047		36		21		216		216		216		216		
99		1826		0		1698		survived		6.64617		6.64047		37		21		216		216		216		216		
100		1826		0		1698		survived		6.64617		6.64047		38		21		216		216		216		216		
101		1826		0		1698		survived		6.64617		6.64047		39		21		216		216		216		216		
102		1826		0		1698		survived		6.64617		6.64047		40		21		216		216		216		216		
103		1826		0		1698		survived		6.64617		6.64047		41		21		216		216		216		216		
104		1826		0		1698		survived		6.64617		6.64047		42		21		216		216		216		216		
105		1826		0		1698		survived		6.64617		6.64047		43		21		216		216		216		216		
106		1826		0		1698		survived		6.64617		6.64047		44		21		216		216		216		216		
107		1826		0		1698		survived		6.64617		6.64047		45		21		216		216		216		216		
108		1826		0		1698		survived		6.64617		6.64047		46		21		216		216		216		216		
109		1826		0		1698		survived		6.64617		6.64047		47		21		216		216		216		216		
110		1826		0		1698		survived		6.64617		6.64047		48		21		216		216		216		216		
111		1826		0		1698		survived		6.64617		6.64047		49		21		216		216		216		216		
112		1826		0		1698		survived		6.64617		6.64047		50		21		216		216		216		216		
113		1826		0		1698		survived		6.64617		6.64047		51		21		216		216		216		216		
114		1826		0		1698		survived		6.64617		6.64047		52		21		216		216		216		216		
115		1826		0		1698		survived		6.64617		6.64047		53		21		216		216		216		216		
116		1826		0		1698		survived		6.64617		6.64047		54		21		216		216		216		216		
117		1826		0		1698		survived		6.64617		6.64047		55		21		216		216		216		216		
118		1826		0		1698		survived		6.64617		6.64047		56		21		216		216		216		216		
119		1826		0		1698		survived		6.64617		6.64047		57		21		216		216		216		216		
120		1826		0		1698		survived		6.64617		6.64047		58		21		216		216		216		216		
121		1826		0		1698		survived		6.64617		6.64047		59		21		216		216		216		216		
122		1826		0		1698		survived		6.64617		6.64047		60		21		216		216		216		216		
123		1826		0		1698		survived		6.64617		6.64047		61		21		216		216		216		216		
124		1826		0		1698		survived		6.64617		6.64047		62		21		216		216		216		216		
125		1826		0		1698		survived		6.64617		6.64047		63		21		216		216		216		216		
126		1826		0		1698		survived		6.64617		6.64047		64		21		216		216		216		216		
127		1826		0		1698		survived		6.64617		6.64047		65		21		216		216		216		216		
128		1826		0		1698		survived		6.64617		6.64047		66		21		216		216		216		216		
129		1826		0		1698		survived		6.64617		6.64047		67		21		216		216		216		216		
130		1826		0		1698		survived		6.64617		6.64047		68		21		216		216		216		216		
131		1826		0		1698		survived		6.64617		6.64047		69		21		216		216		216		216		
132		1826		0		1698		survived		6.64617		6.64047		70		21		216		216		216		216		
133		1826		0		1698		survived		6.64617		6.64047		71		21		216		216		216		216		
134		1826		0		1698		survived		6.64617		6.64047		72		21		216		216		216		216		
135		1826		0		1698		survived		6.64617		6.64047		73		21		216		216		216		216		
136		1826		0		1698		survived		6.64617		6.64047		74		21		216		216		216		216		
137		1826		0		1698		survived		6.64617		6.64047		75		21		216		216		216		216		
138		1826		0		1698		survived		6.64617		6.64047		76		21		216		216		216		216		
139		1826		0		1698		survived		6.64617		6.64047		77		21		216		216		216		216		
140		1826		0		1698		survived		6.64617		6.64047		78		21		216		216		216		216		
141		1826		0		1698		survived		6.64617		6.64047		79		21		216		216		216		216		
142		1826		0		1698		survived		6.64617		6.64047		80		21		216		216		216		216		
143		1826		0		1698		survived		6.64617		6.64047		81		21		216		216		216		216		
144		1826		0		1698		survived		6.64617		6.64047		82		21		216		216		216		216		
145		1826		0		1698		survived		6.64617		6.64047		83		21		216		216		216		216		
146		1826		0		1698		survived		6.64617		6.64047		84		21		216		216		216		216		
147		1826		0		1698		survived		6.64617		6.64047		85		21		216		216		216		216		
148		1826		0		1698		survived		6.64617		6.64047		86		21		216		216		216		216		
149		1826		0		1698		survived		6.64617		6.64047		87		21		216		216		216		216		
150		1826		0		1698		survived		6.64617		6.64047		88		21		216		216		216		216		
151		1826		0		1698		survived		6.64617		6.64047		89		21		216		216		216		216		
152		1826		0		1698		survived		6.64617		6.64047		90		21		216		216		216		216		
153		1826		0		1698		survived		6.64617		6.64047		91		21		216		216		216		216		
154		1826		0		1698		survived		6.64617		6.64047		92		21		216		216		216		216		
155		1826		0		1698		survived		6.64617		6.64047		93		21		216		216		216		216		
156		1826		0		1698		survived		6.64617		6.64047		94		21		216		216		216		216		
157		1826		0		1698		survived		6.64617		6.64047		95		21		216		216		216		216		
158		1826		0		1698		survived		6.64617		6.64047		96		21		216		216		216		216		
159		1826		0		1698		survived		6.64617		6.64047		97		21		216		216		216		216		
160		1826		0		1698		survived		6.64617		6.64047		98		21		216		216		216		216		
161		1826		0		1698		survived		6.64617		6.64047		99		21		216		216		216		216		
162		1826		0		1698		survived		6.64617		6.64047		100		21		216		216		216		216		
163		1826		0		1698		survived		6.64617		6.64047		101		21		216		216		216		216		
164		1826		0		1698		survived		6.64617		6.64047		102		21		216		216		216		216		
165		1826		0		1698		survived		6.64617		6.64047		103		21		216		216		216		216		
166		1826		0		1698		survived		6.64617		6.64047		104		21		216		216		216		216		
167		1826		0		1698		survived		6.64617		6.64047		105		21		216		216		216		216		
168		1826		0		1698		survived		6.64617		6.64047		106		21		216		216		216		216		
169		1826		0		1698		survived		6.64617		6.64047		107		21		216		216		216		216		
170		1826		0		1698		survived		6.64617		6.64047		108		21		216		216		216		216		
171		1826		0		1698		survived		6.64617		6.64047		109		21		216		216		216		216		
172		1826		0		1698		survived		6.64617		6.64047		110		21		216		216		216		216		
173		1826		0		1698		survived		6.64617		6.64047		111		21		216		216		216		216		
174		1826		0		1698		survived		6.64617		6.64047		112		21		216		216		216		216		
175		1826		0		1698		survived		6.64617		6.64047		113		21		216		216		216		216		
176		1826		0		1698		survived		6.64617		6.64047		114		21		216		216		216		216		
177		1826		0		1698		survived		6.64617		6.64047		115		21		216		216		216		216		
178		1826		0		1698		survived		6.64617		6.64047		116		21		216		216		216		216		
179		1826		0		1698		survived		6.64617		6.64047		117		21		216		216		216		216		
180		1826		0		1698		survived		6.64617		6.64047		118		21		216		216		216		216		
181		1826		0		1698		survived		6.64617		6.64047		119		21		216		216		216		216		
182		1826		0		1698		survived		6.64617		6.64047		120		21		216		216		216		216		
183		1826		0		1698		survived		6.64617		6.64047		121		21		216		216		216		216		
184		1826		0		1698		survived		6.64617		6.64047		122		21		216		216		216		216		
185		1826		0		1698		survived		6.64617		6.64047		123		21		216		216		216		216		
186		1826		0		1698		survived		6.64617		6.64047		124		21		216		216		216		216		
187		1826		0		1698		survived		6.64617		6.64047		125		21		216		216		216		216		
188		1826		0		1698		survived		6.64617		6.64047		126		21		216		216		216		216		
189		1826		0		1698		survived		6.64617		6.64047		127		21		216		216		216		216		
190		1826		0		1698		survived		6.64617		6.64047		128		21		216		216		216		216		
191		1826		0		1698		survived		6.64617		6.64047		129		21		216		216		216		216		
192		1826		0		1698		survived		6.64617		6.64047		130		21		216		216		216		216		
193		1826		0		1698		survived		6.64617		6.64047		131		21		216		216		216		216		
194		1826		0		1698		survived		6.64617		6.64047		132		21		216		216		216		216		
195		1826		0		1698		survived		6.64617		6.64047		133		21		216		216		216		216		
196		1826		0		1698		survived		6.64617		6.64047		134		21		216		216		216		216		
197		1826		0		1698		survived		6.64617		6.64047		135		21		216		216		216		216		
198		1826		0		1698		survived		6.64617		6.64047		136		21		216		216		216		216		
199		1826		0		1698		survived		6.64617		6.64047		137		21		216		216		216		216		
200		1826		0		1698		survived		6.64617		6.64047		138		21		216		216		216		216		
201		1826		0		1698		survived		6.64617		6.64047		139		21		216		216		216		216		
202		1826		0		1698		survived		6.64617		6.64047		140		21		216		216		216		216		
203		1826		0		1698		survived		6.64617		6.64047		141		21		216		216		216		216		
204		1826		0		1698		survived		6.64617		6.64047		142		21		216		216		216		216		
205		1826		0		1698		survived		6.64617		6.64047		143		21		216		216		216		216		
206		1826		0		1698		survived		6.64617		6.64047		144		21		216		216		216		216		
207		1826		0		1698		survived		6.64617		6.64047		145		21		216		216		216		216		
208		1826		0		1698		survived		6.64617		6.64047		146		21		216		216		216		216		
209		1826		0		1698		survived		6.64617		6.64047		147		21		216		216		216		216		
210		1826		0		1698		survived		6.64617		6.64047		148		21		216		216		216		216		
211		1826		0		1698		survived		6.64617		6.64047		149		21		216		216		216		216		
212		1826		0		1698		survived		6.64617		6.64047		150		21		216		216		216		216		
213		4680		0		4657		remove_link		6.64617		6.4824		151		151		216		216		216		216		
214		4680		0		4657		survived		6.64617		6.4824		152		151		216		216		216		216		
215		4680		0		4657		survived		6.64617		6.4824		153		151		216		216		216		216		
216		4680		0		4657		survived		6.64617		6.4824		154		151		216		216		216		216		
217		4680		0		4657		survived		6.64617		6.4824		155		151		216		216		216		216		
218		4680		0		4657		survived		6.64617		6.4824		156		151		216		216		216		216		
219		4680		0		4657		survived		6.64617		6.4824		157		151		216		216		216		216		
220		4680		0		4657		survived		6.64617		6.4824		158		151		216		216		216		216		
221		4680		0		4657		survived		6.64617		6.4824		159		151		216		216		216		216		
222		4680		0		4657		survived		6.64617		6.4824		160		151		216		216		216		216		
223		4680		0		4657		survived		6.64617		6.4824		161		151		216		216		216		216		
224		4680		0		4657		survived		6.64617		6.4824		162		151		216		216		216		216		
225		4680		0		4657		survived		6.64617		6.4824		163		151		216		216		216		216		
226		4680		0		4657		survived		6.64617		6.4824		164		151		216		216		216		216		
227		4680		0		4657		survived		6.64617		6.4824		165		151		216		216		216		216		
228		4680		0		4657		survived		6.64617		6.4824		166		151		216		216		216		216		
229		4680		0		4657		survived		6.64617		6.4824		167		151		216		216		216		216		
230		4680		0		4657		survived		6.64617		6.4824		168		151		216		216		216		216		
231		4680		0		4657		survived		6.64617		6.4824		169		151		216		216		216		216		
232		4680		0		4657		survived		6.64617		6.4824		170		151		216		216		216		216		
233		4680		0		4657		survived		6.64617		6.4824		171		151		216		216		216		216		
234		4680		0		4657		survived		6.64617		6.4824		172		151		216		216		216		216		
235		4680		0		4657		survived		6.64617		6.4824		173		151		216		216		216		216		
236		4680		0		4657		survived		6.64617		6.4824		174		151		216		216		216		216		
237		4680		0		4657		survived		6.64617		6.4824		175		151		216		216		216		216		
238		4680		0		4657		survived		6.64617		6.4824		176		151		216		216		216		216		
239		4680		0		4657		survived		6.64617		6.4824		177		151		216		216		216		216		
240		4680		0		4657		survived		6.64617		6.4824		178		151		216		216		216		216		
241		4680		0		4657		survived		6.64617		6.4824		179		151		216		216		216		216		
242		4680		0		4657		survived		6.64617		6.4824		180		151		216		216		216		216		
243		4680		0		4657		survived		6.64617		6.4824		181		151		216		216		216		216		
244		5375		0		4680		remove_link		6.65631		6.64617		182		182		216		216		216		216		
245		5375		0		4680		survived		6.65631		6.64617		183		182		216		216		216		216		
246		5375		0		4680		survived		6.65631		6.64617		184		182		216		216		216		216		
247		5375		0		4680		survived		6.65631		6.64617		185		182		216		216		216		216		
248		5375		0		4680		survived		6.65631		6.64617		186		182		216		216		216		216		
249		5375		0		4680		survived		6.65631		6.64617		187		182		216		216		216		216		
250		5375		0		4680		survived		6.65631		6.64617		188		182		216		216		216		216		
251		5375		0		4680		survived		6.65631		6.64617		189		182		216		216		216		216		
252		5375		0		4680		survived		6.65631		6.64617		190		182		216		216		216		216		
253		5375		0		4680		survived		6.65631		6.64617		191		182		216		216		216		216		
254		5375		0		4680		survived		6.65631		6.64617		192		182		216		216		216		216		
255		5375		0		4680		survived		6.65631		6.64617		193		182		216		216		216		216		
256		5375		0		4680		survived		6.65631		6.64617		194		182		216		216		216		216		
257		5375		0		4680		survived		6.65631		6.64617		195		182		216		216		216		216		
258		5375		0		4680		survived		6.65631		6.64617		196		182		216		216		216		216		
259		5375		0		4680		survived		6.65631		6.64617		197		182		216		216		216		216		
260		5375		0		4680		survived		6.65631		6.64617		198		182		216		216		216		216		
261		5375		0		4680		survived		6.65631		6.64617		199		182		216		216		216		216		
262		5375		0		4680		survived		6.65631		6.64617		200		182		216		216		216		216		
263		5375		0		4680		survived		6.65631		6.64617		201		182		216		216		216		216		
264		5805		0		5375		mutate_weight(0.248905192996)		6.65904		6.65631		202		202		216		216		216		216		
265		5805		0		5375		survived		6.65904		6.65631		203		202		216		216		216		216		
266		5805		0		5375		survived		6.65904		6.65631		204		202		216		216		216		216		
267		5805		0		5375		survived		6.65904		6.65631		205		202		216		216		216		216		
268		5805		0		5375		survived		6.65904		6.65631		206		202		216		216		216		216		
269		5805		0		5375		survived		6.65904		6.65631		207		202		216		216		216		216		
270		5805		0		5375		survived		6.65904		6.65631		208		202		216		216		216		216		
271		5805		0		5375		survived		6.65904		6.65631		209		202		216		216		216		216		
272		5805		0		5375		survived		6.65904		6.65631		210		202		216		216		216		216		
273		5805		0		5375		survived		6.65904		6.65631		211		202		216		216		216		216		
274		5805		0		5375		survived		6.65904		6.65631		212		202		216		216		216		216		
275		5805		0		5375		survived		6.65904		6.65631		213		202		216		216		216		216		
276		5805		0		5375		survived		6.65904		6.65631		214		202		216		216		216		216		
277		5805		0		5375		survived		6.65904		6.65631		215		202		216		216		216		216		
278		5805		0		5375		survived		6.65904		6.65631		216		202		216		216		216		216		
279		5805		0		5375		survived		6.65904		6.65631		217		202		216		216		216		216		
280		5805		0		5375		survived		6.65904		6.65631		218		202		216		216		216		216		
281		5805		0		5375		survived		6.65904		6.65631		219		202		216		216		216		216		
282		5805		0		5375		survived		6.65904		6.65631		220		202		216		216		216		216		
283		5805		0		5375		survived		6.65904		6.65631		221		202		216		216		216		216		
284		5805		0		5375		survived		6.65904		6.65631		222		202		216		216		216		216		
285		5805		0		5375		survived		6.65904		6.65631		223		202		216		216		216		216		
286		5805		0		5375		survived		6.65904		6.65631		224		202		216		216		216		216		
287		5805		0		5375		survived		6.65904		6.65631		225		202		216		216		216		216		
288		5805		0		5375		survived		6.65904		6.65631		226		202		216		216		216		216		
289		5805		0		5375		survived		6.65904		6.65631		227		202		216		216		216		216		
290		5805		0		5375		survived		6.65904		6.65631		228		202		216		216		216		216		
291		5805		0		5375		survived		6.65904		6.65631		229		202		216		216		216		216		
292		5805		0		5375		survived		6.65904		6.65631		230		202		216		216		216		216		
293		5805		0		5375		survived		6.65904		6.65631		231		202		216		216		216		216		
294		5805		0		5375		survived		6.65904		6.65631		232		202		216		216		216		216		
295		5805		0		5375		survived		6.65904		6.65631		233		202		216		216		216		216		
296		5805		0		5375		survived		6.65904		6.65631		234		202		216		216		216		216		
297		5805		0		5375		survived		6.65904		6.65631		235		202		216		216		216		216		
298		5805		0		5375		survived		6.65904		6.65631		236		202		216		216		216		216		
299		5805		0		5375		survived		6.65904		6.65631		237		202		216		216		216		216		
300		5805		0		5375		survived		6.65904		6.65631		238		202		216		216		216		216		
301		5805		0		5375		survived		6.65904		6.65631		239		202		216		216		216		216		
302		5805		0		5375		survived		6.65904		6.65631		240		202		216		216		216		216		
303		5805		0		5375		survived		6.65904		6.65631		241		202		216		216		216		216		
304		5805		0		5375		survived		6.65904		6.65631		242		202		216		216		216		216		
305		5805		0		5375		survived		6.65904		6.65631		243		202		216		216		216		216		
306		5805		0		5375		survived		6.65904		6.65631		244		202		216		216		216		216		
307		5805		0		5375		survived		6.65904		6.65631		245		202		216		216		216		216		
308		5805		0		5375		survived		6.65904		6.65631		246		202		216		216		216		216		
309		5805		0		5375		survived		6.65904		6.65631		247		202		216		216		216		216		
310		5805		0		5375		survived		6.65904		6.65631		248		202		216		216		216		216		
311		5805		0		5375		survived		6.65904		6.65631		249		202		216		216		216		216		
312		5805		0		5375		survived		6.65904		6.65631		250		202		216		216		216		216		
313		5805		0		5375		survived		6.65904		6.65631		251		202		216		216		216		216		
314		5805		0		5375		survived		6.65904		6.65631		252		202		216		216		216		216		
315		5805		0		5375		survived		6.65904		6.65631		253		202		216		216		216		216		
316		5805		0		5375		survived		6.65904		6.65631		254		202		216		216		216		216		
317		5805		0		5375		survived		6.65904		6.65631		255		202		216		216		216		216		
318		5805		0		5375		survived		6.65904		6.65631		256		202		216		216		216		216		
319		5805		0		5375		survived		6.65904		6.65631		257		202		216		216		216		216		
320		5805		0		5375		survived		6.65904		6.65631		258		202		216		216		216		216		
321		5805		0		5375		survived		6.65904		6.65631		259		202		216		216		216		216		
322		5805		0		5375		survived		6.65904		6.65631		260		202		216		216		216		216		
323		5805		0		5375		survived		6.65904		6.65631		261		202		216		216		216		216		
324		5805		0		5375		survived		6.65904		6.65631		262		202		216		216		216		216		
325		5805		0		5375		survived		6.65904		6.65631		263		202		216		216		216		216		
326		5805		0		5375		survived		6.65904		6.65631		264		202		216		216		216		216		
327		5805		0		5375		survived		6.65904		6.65631		265		202		216		216		216		216		
328		5805		0		5375		survived		6.65904		6.65631		266		202		216		216		216		216		
329		5805		0		5375		survived		6.65904		6.65631		267		202		216		216		216		216		
330		5805		0		5375		survived		6.65904		6.65631		268		202		216		216		216		216		
331		5805		0		5375		survived		6.65904		6.65631		269		202		216		216		216		216		
332		5805		0		5375		survived		6.65904		6.65631		270		202		216		216		216		216		
333		5805		0		5375		survived		6.65904		6.65631		271		202		216		216		216		216		
334		5805		0		5375		survived		6.65904		6.65631		272		202		216		216		216		216		
335		5805		0		5375		survived		6.65904		6.65631		273		202		216		216		216		216		
336		5805		0		5375		survived		6.65904		6.65631		274		202		216		216		216		216		
337		5805		0		5375		survived		6.65904		6.65631		275		202		216		216		216		216		
338		5805		0		5375		survived		6.65904		6.65631		276		202		216		216		216		216		
339		5805		0		5375		survived		6.65904		6.65631		277		202		216		216		216		216		
340		5805		0		5375		survived		6.65904		6.65631		278		202		216		216		216		216		
341		5805		0		5375		survived		6.65904		6.65631		279		202		216		216		216		216		
342		5805		0		5375		survived		6.65904		6.65631		280		202		216		216		216		216		
343		5805		0		5375		survived		6.65904		6.65631		281		202		216		216		216		216		
344		5805		0		5375		survived		6.65904		6.65631		282		202		216		216		216		216		
345		5805		0		5375		survived		6.65904		6.65631		283		202		216		216		216		216		
346		5805		0		5375		survived		6.65904		6.65631		284		202		216		216		216		216		
347		5805		0		5375		survived		6.65904		6.65631		285		202		216		216		216		216		
348		5805		0		5375		survived		6.65904		6.65631		286		202		216		216		216		216		
349		5805		0		5375		survived		6.65904		6.65631		287		202		216		216		216		216		
350		5805		0		5375		survived		6.65904		6.65631		288		202		216		216		216		216		
351		5805		0		5375		survived		6.65904		6.65631		289		202		216		216		216		216		
352		5805		0		5375		survived		6.65904		6.65631		290		202		216		216		216		216		
353		5805		0		5375		survived		6.65904		6.65631		291		202		216		216		216		216		
354		5805		0		5375		survived		6.65904		6.65631		292		202		216		216		216		216		
355		5805		0		5375		survived		6.65904		6.65631		293		202		216		216		216		216		
356		5805		0		5375		survived		6.65904		6.65631		294		202		216		216		216		216		
357		5805		0		5375		survived		6.65904		6.65631		295		202		216		216		216		216		
358		5805		0		5375		survived		6.65904		6.65631		296		202		216		216		216		216		
359		5805		0		5375		survived		6.65904		6.65631		297		202		216		216		216		216		
360		5805		0		5375		survived		6.65904		6.65631		298		202		216		216		216		216		
361		5805		0		5375		survived		6.65904		6.65631		299		202		216		216		216		216		
362		5805		0		5375		survived		6.65904		6.65631		300		202		216		216		216		216		
363		5805		0		5375		survived		6.65904		6.65631		301		202		216		216		216		216		
364		5805		0		5375		survived		6.65904		6.65631		302		202		216		216		216		216		
365		5805		0		5375		survived		6.65904		6.65631		303		202		216		216		216		216		
366		5805		0		5375		survived		6.65904		6.65631		304		202		216		216		216		216		
367		5805		0		5375		survived		6.65904		6.65631		305		202		216		216		216		216		
368		5805		0		5375		survived		6.65904		6.65631		306		202		216		216		216		216		
369		5805		0		5375		survived		6.65904		6.65631		307		202		216		216		216		216		
370		5805		0		5375		survived		6.65904		6.65631		308		202		216		216		216		216		
371		5805		0		5375		survived		6.65904		6.65631		309		202		216		216		216		216		
372		5805		0		5375		survived		6.65904		6.65631		310		202		216		216		216		216		
373		5805		0		5375		survived		6.65904		6.65631		311		202		216		216		216		216		
374		5805		0		5375		survived		6.65904		6.65631		312		202		216		216		216		216		
375		5805		0		5375		survived		6.65904		6.65631		313		202		216		216		216		216		
376		5805		0		5375		survived		6.65904		6.65631		314		202		216		216		216		216		
377		5805		0		5375		survived		6.65904		6.65631		315		202		216		216		216		216		
378		5805		0		5375		survived		6.65904		6.65631		316		202		216		216		216		216		
379		5805		0		5375		survived		6.65904		6.65631		317		202		216		216		216		216		
380		5805		0		5375		survived		6.65904		6.65631		318		202		216		216		216		216		
381		5805		0		5375		survived		6.65904		6.65631		319		202		216		216		216		216		
382		5805		0		5375		survived		6.65904		6.65631		320		202		216		216		216		216		
383		5805		0		5375		survived		6.65904		6.65631		321		202		216		216		216		216		
384		5805		0		5375		survived		6.65904		6.65631		322		202		216		216		216		216		
385		5805		0		5375		survived		6.65904		6.65631		323		202		216		216		216		216		
386		5805		0		5375		survived		6.65904		6.65631		324		202		216		216		216		216		
387		5805		0		5375		survived		6.65904		6.65631		325		202		216		216		216		216		
388		5805		0		5375		survived		6.65904		6.65631		326		202		216		216		216		216		
389		5805		0		5375		survived		6.65904		6.65631		327		202		216		216		216		216		
390		5805		0		5375		survived		6.65904		6.65631		328		202		216		216		216		216		
391		5805		0		5375		survived		6.65904		6.65631		329		202		216		216		216		216		
392		5805		0		5375		survived		6.65904		6.65631		330		202		216		216		216		216		
393		5805		0		5375		survived		6.65904		6.65631		331		202		216		216		216		216		
394		5805		0		5375		survived		6.65904		6.65631		332		202		216		216		216		216		
395		5805		0		5375		survived		6.65904		6.65631		333		202		216		216		216		216		
396		5805		0		5375		survived		6.65904		6.65631		334		202		216		216		216		216		
397		5805		0		5375		survived		6.65904		6.65631		335		202		216		216		216		216		
398		5805		0		5375		survived		6.65904		6.65631		336		202		216		216		216		216		
399		5805		0		5375		survived		6.65904		6.65631		337		202		216		216		216		216		
400		5805		0		5375		survived		6.65904		6.65631		338		202		216		216		216		216		
401		5805		0		5375		survived		6.65904		6.65631		339		202		216		216		216		216		
402		5805		0		5375		survived		6.65904		6.65631		340		202		216		216		216		216		
403		5805		0		5375		survived		6.65904		6.65631		341		202		216		216		216		216		
404		5805		0		5375		survived		6.65904		6.65631		342		202		216		216		216		216		
405		5805		0		5375		survived		6.65904		6.65631		343		202		216		216		216		216		
406		5805		0		5375		survived		6.65904		6.65631		344		202		216		216		216		216		
407		5805		0		5375		survived		6.65904		6.65631		345		202		216		216		216		216		
408		5805		0		5375		survived		6.65904		6.65631		346		202		216		216		216		216		
409		5805		0		5375		survived		6.65904		6.65631		347		202		216		216		216		216		
410		5805		0		5375		survived		6.65904		6.65631		348		202		216		216		216		216		
411		5805		0		5375		survived		6.65904		6.65631		349		202		216		216		216		216		
412		5805		0		5375		survived		6.65904		6.65631		350		202		216		216		216		216		
413		5805		0		5375		survived		6.65904		6.65631		351		202		216		216		216		216		
414		5805		0		5375		survived		6.65904		6.65631		352		202		216		216		216		216		
415		5805		0		5375		survived		6.65904		6.65631		353		202		216		216		216		216		
416		5805		0		5375		survived		6.65904		6.65631		354		202		216		216		216		216		
417		5805		0		5375		survived		6.65904		6.65631		355		202		216		216		216		216		
418		5805		0		5375		survived		6.65904		6.65631		356		202		216		216		216		216		
419		5805		0		5375		survived		6.65904		6.65631		357		202		216		216		216		216		
420		5805		0		5375		survived		6.65904		6.65631		358		202		216		216		216		216		
421		5805		0		5375		survived		6.65904		6.65631		359		202		216		216		216		216		
422		5805		0		5375		survived		6.65904		6.65631		360		202		216		216		216		216		
423		5805		0		5375		survived		6.65904		6.65631		361		202		216		216		216		216		
424		5805		0		5375		survived		6.65904		6.65631		362		202		216		216		216		216		
425		5805		0		5375		survived		6.65904		6.65631		363		202		216		216		216		216		
426		5805		0		5375		survived		6.65904		6.65631		364		202		216		216		216		216		
427		5805		0		5375		survived		6.65904		6.65631		365		202		216		216		216		216		
428		5805		0		5375		survived		6.65904		6.65631		366		202		216		216		216		216		
429		5805		0		5375		survived		6.65904		6.65631		367		202		216		216		216		216		
430		9464		0		9240		add_node		6.6746		6.65653		81		81		216		216		216		216		
431		9464		0		9240		survived		6.6746		6.65653		82		81		216		216		216		216		
432		9464		0		9240		survived		6.6746		6.65653		83		81		216		216		216		216		
433		9464		0		9240		survived		6.6746		6.65653		84		81		216		216		216		216		
434		9464		0		9240		survived		6.6746		6.65653		85		81		216		216		216		216		
435		9464		0		9240		survived		6.6746		6.65653		86		81		216		216		216		216		
436		9598		0		9464		mutate_weight(0.0818411088476)		6.67586		6.6746		87		87		216		216		216		216		
437		9598		0		9464		survived		6.67586		6.6746		88		87		216		216		216		216		
438		9598		0		9464		survived		6.67586		6.6746		89		87		216		216		216		216		
439		9598		0		9464		survived		6.67586		6.6746		90		87		216		216		216		216		
440		9598		0		9464		survived		6.67586		6.6746		91		87		216		216		216		216		
441		9598		0		9464		survived		6.67586		6.6746		92		87		216		216		216		216		
442		9598		0		9464		survived		6.67586		6.6746		93		87		216		216		216		216		
443		9598		0		9464		survived		6.67586		6.6746		94		87		216		216		216		216		
444		9598		0		9464		survived		6.67586		6.6746		95		87		216		216		216		216		
445		9598		0		9464		survived		6.67586		6.6746		96		87		216		216		216		216		
446		9598		0		9464		survived		6.67586		6.6746		97		87		216		216		216		216		
447		9598		0		9464		survived		6.67586		6.6746		98		87		216		216		216		216		
448		9598		0		9464		survived		6.67586		6.6746		99		87		216		216		216		216		
449		9882		0		9598		mutate_weight(-0.647925977211)		6.67648		6.67586		100		100		216		216		216		216		
450		9882		0		9598		survived		6.67648		6.67586		101		100		216		216		216		216		
451		9882		0		9598		survived		6.67648		6.67586		102		100		216		216		216		216		
452		9882		0		9598		survived		6.67648		6.67586		103		100		216		216		216		216		
453		9882		0		9598		survived		6.67648		6.67586		104		100		216		216		216		216		
454		9882		0		9598		survived		6.67648		6.67586		105		100		216		216		216		216		
455		9882		0		9598		survived		6.67648		6.67586		106		100		216		216		216		216		
456		9882		0		9598		survived		6.67648		6.67586		107		100		216		216		216		216		
457		9882		0		9598		survived		6.67648		6.67586		108		100		216		216		216		216		
458		9882		0		9598		survived		6.67648		6.67586		109		100		216		216		216		216		
459		9882		0		9598		survived		6.67648		6.67586		110		100		216		216		216		216		
460		9882		0		9598		survived		6.67648		6.67586		111		100		216		216		216		216		
461		9882		0		9598		survived		6.67648		6.67586		112		100		216		216		216		216		
462		9882		0		9598		survived		6.67648		6.67586		113		100		216		216		216		216		
463		9882		0		9598		survived		6.67648		6.67586		114		100		216		216		216		216		
464		9882		0		9598		survived		6.67648		6.67586		115		100		216		216		216		216		
465		9882		0		9598		survived		6.67648		6.67586		116		100		216		216		216		216		
466		9882		0		9598		survived		6.67648		6.67586		117		100		216		216		216		216		
467		9882		0		9598		survived		6.67648		6.67586		118		100		216		216		216		216		
468		9882		0		9598		survived		6.67648		6.67586		119		100		216		216		216		216		
469		9882		0		9598		survived		6.67648		6.67586		120		100		216		216		216		216		
470		9882		0		9598		survived		6.67648		6.67586		121		100		216		216		216		216		
471		9882		0		9598		survived		6.67648		6.67586		122		100		216		216		216		216		
472		9882		0		9598		survived		6.67648		6.67586		123		100		216		216		216		216		
473		9882		0		9598		survived		6.67648		6.67586		124		100		216		216		216		216		
474		9882		0		9598		survived		6.67648		6.67586		125		100		216		216		216		216		
475		9882		0		9598		survived		6.67648		6.67586		126		100		216		216		216		216		
476		9882		0		9598		survived		6.67648		6.67586		127		100		216		216		216		216		
477		9882		0		9598		survived		6.67648		6.67586		128		100		216		216		216		216		
478		9882		0		9598		survived		6.67648		6.67586		129		100		216		216		216		216		
479		9882		0		9598		survived		6.67648		6.67586		130		100		216		216		216		216		
480		9882		0		9598		survived		6.67648		6.67586		131		100		216		216		216		216		
481		9882		0		9598		survived		6.67648		6.67586		132		100		216		216		216		216		
482		9882		0		9598		survived		6.67648		6.67586		133		100		216		216		216		216		
483		9882		0		9598		survived		6.67648		6.67586		134		100		216		216		216		216		
484		9882		0		9598		survived		6.67648		6.67586		135		100		216		216		216		216		
485		9882		0		9598		survived		6.67648		6.67586		136		100		216		216		216		216		
486		9882		0		9598		survived		6.67648		6.67586		137		100		216		216		216		216		
487		9882		0		9598		survived		6.67648		6.67586		138		100		216		216		216		216		
488		9882		0		9598		survived		6.67648		6.67586		139		100		216		216		216		216		
489		9882		0		9598		survived		6.67648		6.67586		140		100		216		216		216		216		
490		9882		0		9598		survived		6.67648		6.67586		141		100		216		216		216		216		
491		9882		0		9598		survived		6.67648		6.67586		142		100		216		216		216		216		
492		9882		0		9598		survived		6.67648		6.67586		143		100		216		216		216		216		
493		9882		0		9598		survived		6.67648		6.67586		144		100		216		216		216		216		
494		9882		0		9598		survived		6.67648		6.67586		145		100		216		216		216		216		
495		9882		0		9598		survived		6.67648		6.67586		146		100		216		216		216		216		
496		9882		0		9598		survived		6.67648		6.67586		147		100		216		216		216		216		
497		9882		0		9598		survived		6.67648		6.67586		148		100		216		216		216		216		
498		9882		0		9598		survived		6.67648		6.67586		149		100		216		216		216		216		
499		9882		0		9598		survived		6.67648		6.67586		150		100		216		216		216		216		
500		9882		0		9598		survived		6.67648		6.67586		151		100		216		216		216		216		
501		9882		0		9598		survived		6.67648		6.67586		152		100		216		216		216		216		
502		9882		0		9598		survived		6.67648		6.67586		153		100		216		216		216		216		
503		9882		0		9598		survived		6.67648		6.67586		154		100		216		216		216		216		
504		9882		0		9598		survived		6.67648		6.67586		155		100		216		216		216		216		
505		9882		0		9598		survived		6.67648		6.67586		156		100		216		216		216		216		
506		9882		0		9598		survived		6.67648		6.67586		157		100		216		216		216		216		
507		9882		0		9598		survived		6.67648		6.67586		158		100		216		216		216		216		
508		9882		0		9598		survived		6.67648		6.67586		159		100		216		216		216		216		
509		9882		0		9598		survived		6.67648		6.67586		160		100		216		216		216		216		
510		9882		0		9598		survived		6.67648		6.67586		161		100		216		216		216		216		
511		9882		0		9598		survived		6.67648		6.67586		162		100		216		216		216		216		
512		9882		0		9598		survived		6.67648		6.67586		163		100		216		216		216		216		
513		9882		0		9598		survived		6.67648		6.67586		164		100		216		216		216		216		
514		9882		0		9598		survived		6.67648		6.67586		165		100		216		216		216		216		
515		9882		0		9598		survived		6.67648		6.67586		166		100		216		216		216		216		
516		9882		0		9598		survived		6.67648		6.67586		167		100		216		216		216		216		
517		9882		0		9598		survived		6.67648		6.67586		168		100		216		216		216		216		
518		9882		0		9598		survived		6.67648		6.67586		169		100		216		216		216		216		
519		9882		0		9598		survived		6.67648		6.67586		170		100		216		216		216		216		
520		9882		0		9598		survived		6.67648		6.67586		171		100		216		216		216		216		
521		9882		0		9598		survived		6.67648		6.67586		172		100		216		216		216		216		
522		9882		0		9598		survived		6.67648		6.67586		173		100		216		216		216		216		
523		9882		0		9598		survived		6.67648		6.67586		174		100		216		216		216		216		
524		9882		0		9598		survived		6.67648		6.67586		175		100		216		216		216		216		
525		9882		0		9598		survived		6.67648		6.67586		176		100		216		216		216		216		
526		9882		0		9598		survived		6.67648		6.67586		177		100		216		216		216		216		
527		9882		0		9598		survived		6.67648		6.67586		178		100		216		216		216		216		
528		9882		0		9598		survived		6.67648		6.67586		179		100		216		216		216		216		
529		9882		0		9598		survived		6.67648		6.67586		180		100		216		216		216		216		
530		9882		0		9598		survived		6.67648		6.67586		181		100		216		216		216		216		
531		9882		0		9598		survived		6.67648		6.67586		182		100		216		216		216		216		
532		9882		0		9598		survived		6.67648		6.67586		183		100		216		216		216		216		
533		9882		0		9598		survived		6.67648		6.67586		184		100		216		216		216		216		
534		9882		0		9598		survived		6.67648		6.67586		185		100		216		216		216		216		
535		9882		0		9598		survived		6.67648		6.67586		186		100		216		216		216		216		
536		9882		0		9598		survived		6.67648		6.67586		187		100		216		216		216		216		
537		9882		0		9598		survived		6.67648		6.67586		188		100		216		216		216		216		
538		9882		0		9598		survived		6.67648		6.67586		189		100		216		216		216		216		
539		9882		0		9598		survived		6.67648		6.67586		190		100		216		216		216		216		
540		9882		0		9598		survived		6.67648		6.67586		191		100		216		216		216		216		
541		9882		0		9598		survived		6.67648		6.67586		192		100		216		216		216		216		
542		9882		0		9598		survived		6.67648		6.67586		193		100		216		216		216		216		
543		9882		0		9598		survived		6.67648		6.67586		194		100		216		216		216		216		
544		9882		0		9598		survived		6.67648		6.67586		195		100		216		216		216		216		
545		9882		0		9598		survived		6.67648		6.67586		196		100		216		216		216		216		
546		9882		0		9598		survived		6.67648		6.67586		197		100		216		216		216		216		
547		9882		0		9598		survived		6.67648		6.67586		198		100		216		216		216		216		
548		9882		0		9598		survived		6.67648		6.67586		199		100		216		216		216		216		
549		9882		0		9598		survived		6.67648		6.67586		200		100		216		216		216		216		
550		9882		0		9598		survived		6.67648		6.67586		201		100		216		216		216		216		
551		9882		0		9598		survived		6.67648		6.67586		202		100		216		216		216		216		
552		9882		0		9598		survived		6.67648		6.67586		203		100		216		216		216		216		
553		9882		0		9598		survived		6.67648		6.67586		204		100		216		216		216		216		
554		9882		0		9598		survived		6.67648		6.67586		205		100		216		216		216		216		
555		9882		0		9598		survived		6.67648		6.67586		206		100		216		216		216		216		
556		9882		0		9598		survived		6.67648		6.67586		207		100		216		216		216		216		
557		9882		0		9598		survived		6.67648		6.67586		208		100		216		216		216		216		
558		9882		0		9598		survived		6.67648		6.67586		209		100		216		216		216		216		
559		9882		0		9598		survived		6.67648		6.67586		210		100		216		216		216		216		
560		9882		0		9598		survived		6.67648		6.67586		211		100		216		216		216		216		
561		9882		0		9598		survived		6.67648		6.67586		212		100		216		216		216		216		
562		9882		0		9598		survived		6.67648		6.67586		213		100		216		216		216		216		
563		9882		0		9598		survived		6.67648		6.67586		214		100		216		216		216		216		
564		9882		0		9598		survived		6.67648		6.67586		215		100		216		216		216		216		
565		9882		0		9598		survived		6.67648		6.67586		216		100		216		216		216		216		
566		9882		0		9598		survived		6.67648		6.67586		217		100		216		216		216		216		
567		9882		0		9598		survived		6.67648		6.67586		218		100		216		216		216		216		
568		9882		0		9598		survived		6.67648		6.67586		219		100		216		216		216		216		
569		9882		0		9598		survived		6.67648		6.67586		220		100		216		216		216		216		
570		9882		0		9598		survived		6.67648		6.67586		221		100		216		216		216		216		
571		9882		0		9598		survived		6.67648		6.67586		222		100		216		216		216		216		
572		9882		0		9598		survived		6.67648		6.67586		223		100		216		216		216		216		
573		9882		0		9598		survived		6.67648		6.67586		224		100		216		216		216		216		
574		9882		0		9598		survived		6.67648		6.67586		225		100		216		216		216		216		
575		9882		0		9598		survived		6.67648		6.67586		226		100		216		216		216		216		
576		9882		0		9598		survived		6.67648		6.67586		227		100		216		216		216		216		
577		9882		0		9598		survived		6.67648		6.67586		228		100		216		216		216		216		
578		9882		0		9598		survived		6.67648		6.67586		229		100		216		216		216		216		
579		9882		0		9598		survived		6.67648		6.67586		230		100		216		216		216		216		
580		9882		0		9598		survived		6.67648		6.67586		231		100		216		216		216		216		
581		9882		0		9598		survived		6.67648		6.67586		232		100		216		216		216		216		
582		9882		0		9598		survived		6.67648		6.67586		233		100		216		216		216		216		
583		9882		0		9598		survived		6.67648		6.67586		234		100		216		216		216		216		
584		9882		0		9598		survived		6.67648		6.67586		235		100		216		216		216		216		
585		9882		0		9598		survived		6.67648		6.67586		236		100		216		216		216		216		
586		9882		0		9598		survived		6.67648		6.67586		237		100		216		216		216		216		
587		9882		0		9598		survived		6.67648		6.67586		238		100		216		216		216		216		
588		9882		0		9598		survived		6.67648		6.67586		239		100		216		216		216		216		
589		9882		0		9598		survived		6.67648		6.67586		240		100		216		216		216		216		
590		9882		0		9598		survived		6.67648		6.67586		241		100		216		216		216		216		
591		9882		0		9598		survived		6.67648		6.67586		242		100		216		216		216		216		
592		9882		0		9598		survived		6.67648		6.67586		243		100		216		216		216		216		
593		9882		0		9598		survived		6.67648		6.67586		244		100		216		216		216		216		
594		9882		0		9598		survived		6.67648		6.67586		245		100		216		216		216		216		
595		9882		0		9598		survived		6.67648		6.67586		246		100		216		216		216		216		
596		9882		0		9598		survived		6.67648		6.67586		247		100		216		216		216		216		
597		9882		0		9598		survived		6.67648		6.67586		248		100		216		216		216		216		
598		9882		0		9598		survived		6.67648		6.67586		249		100		216		216		216		216		
599		9882		0		9598		survived		6.67648		6.67586		250		100		216		216		216		216		
600		9882		0		9598		survived		6.67648		6.67586		251		100		216		216		216		216		
601		9882		0		9598		survived		6.67648		6.67586		252		100		216		216		216		216		
602		9882		0		9598		survived		6.67648		6.67586		253		100		216		216		216		216		
603		9882		0		9598		survived		6.67648		6.67586		254		100		216		216		216		216		
604		9882		0		9598		survived		6.67648		6.67586		255		100		216		216		216		216		
605		9882		0		9598		survived		6.67648		6.67586		256		100		216		216		216		216		
606		9882		0		9598		survived		6.67648		6.67586		257		100		216		216		216		216		
607		9882		0		9598		survived		6.67648		6.67586		258		100		216		216		216		216		
608		9882		0		9598		survived		6.67648		6.67586		259		100		216		216		216		216		
609		9882		0		9598		survived		6.67648		6.67586		260		100		216		216		216		216		
610		9882		0		9598		survived		6.67648		6.67586		261		100		216		216		216		216		
611		9882		0		9598		survived		6.67648		6.67586		262		100		216		216		216		216		
612		9882		0		9598		survived		6.67648		6.67586		263		100		216		216		216		216		
613		9882		0		9598		survived		6.67648		6.67586		264		100		216		216		216		216		
614		9882		0		9598		survived		6.67648		6.67586		265		100		216		216		216		216		
615		9882		0		9598		survived		6.67648		6.67586		266		100		216		216		216		216		
616		9882		0		9598		survived		6.67648		6.67586		267		100		216		216		216		216		
617		9882		0		9598		survived		6.67648		6.67586		268		100		216		216		216		216		
618		9882		0		9598		survived		6.67648		6.67586		269		100		216		216		216		216		
619		9882		0		9598		survived		6.67648		6.67586		270		100		216		216		216		216		
620		9882		0		9598		survived		6.67648		6.67586		271		100		216		216		216		216		
621		9882		0		9598		survived		6.67648		6.67586		272		100		216		216		216		216		
622		9882		0		9598		survived		6.67648		6.67586		273		100		216		216		216		216		
623		9882		0		9598		survived		6.67648		6.67586		274		100		216		216		216		216		
624		9882		0		9598		survived		6.67648		6.67586		275		100		216		216		216		216		
625		9882		0		9598		survived		6.67648		6.67586		276		100		216		216		216		216		
626		9882		0		9598		survived		6.67648		6.67586		277		100		216		216		216		216		
627		9882		0		9598		survived		6.67648		6.67586		278		100		216		216		216		216		
628		9882		0		9598		survived		6.67648		6.67586		279		100		216		216		216		216		
629		9882		0		9598		survived		6.67648		6.67586		280		100		216		216		216		216		
630		9882		0		9598		survived		6.67648		6.67586		281		100		216		216		216		216		
631		9882		0		9598		survived		6.67648		6.67586		282		100		216		216		216		216		
632		9882		0		9598		survived		6.67648		6.67586		283		100		216		216		216		216		
633		9882		0		9598		survived		6.67648		6.67586		284		100		216		216		216		216		
634		9882		0		9598		survived		6.67648		6.67586		285		100		216		216		216		216		
635		9882		0		9598		survived		6.67648		6.67586		286		100		216		216		216		216		
636		9882		0		9598		survived		6.67648		6.67586		287		100		216		216		216		216		
637		9882		0		9598		survived		6.67648		6.67586		288		100		216		216		216		216		
638		9882		0		9598		survived		6.67648		6.67586		289		100		216		216		216		216		
639		9882		0		9598		survived		6.67648		6.67586		290		100		216		216		216		216		
640		9882		0		9598		survived		6.67648		6.67586		291		100		216		216		216		216		
641		9882		0		9598		survived		6.67648		6.67586		292		100		216		216		216		216		
642		9882		0		9598		survived		6.67648		6.67586		293		100		216		216		216		216		
643		9882		0		9598		survived		6.67648		6.67586		294		100		216		216		216		216		
644		9882		0		9598		survived		6.67648		6.67586		295		100		216		216		216		216		
645		9882		0		9598		survived		6.67648		6.67586		296		100		216		216		216		216		
646		9882		0		9598		survived		6.67648		6.67586		297		100		216		216		216		216		
647		9882		0		9598		survived		6.67648		6.67586		298		100		216		216		216		216		
648		9882		0		9598		survived		6.67648		6.67586		299		100		216		216		216		216		
649		9882		0		9598		survived		6.67648		6.67586		300		100		216		216		216		216		
650		9882		0		9598		survived		6.67648		6.67586		301		100		216		216		216		216		
651		9882		0		9598		survived		6.67648		6.67586		302		100		216		216		216		216		
652		9882		0		9598		survived		6.67648		6.67586		303		100		216		216		216		216		
653		9882		0		9598		survived		6.67648		6.67586		304		100		216		216		216		216		
654		9882		0		9598		survived		6.67648		6.67586		305		100		216		216		216		216		
655		9882		0		9598		survived		6.67648		6.67586		306		100		216		216		216		216		
656		9882		0		9598		survived		6.67648		6.67586		307		100		216		216		216		216		
657		9882		0		9598		survived		6.67648		6.67586		308		100		216		216		216		216		
658		9882		0		9598		survived		6.67648		6.67586		309		100		216		216		216		216		
659		9882		0		9598		survived		6.67648		6.67586		310		100		216		216		216		216		
660		9882		0		9598		survived		6.67648		6.67586		311		100		216		216		216		216		
661		9882		0		9598		survived		6.67648		6.67586		312		100		216		216		216		216		
662		9882		0		9598		survived		6.67648		6.67586		313		100		216		216		216		216		
663		9882		0		9598		survived		6.67648		6.67586		314		100		216		216		216		216		
664		9882		0		9598		survived		6.67648		6.67586		315		100		216		216		216		216		
665		9882		0		9598		survived		6.67648		6.67586		316		100		216		216		216		216		
666		9882		0		9598		survived		6.67648		6.67586		317		100		216		216		216		216		
667		9882		0		9598		survived		6.67648		6.67586		318		100		216		216		216		216		
668		9882		0		9598		survived		6.67648		6.67586		319		100		216		216		216		216		
669		9882		0		9598		survived		6.67648		6.67586		320		100		216		216		216		216		
670		9882		0		9598		survived		6.67648		6.67586		321		100		216		216		216		216		
671		14769		0		14695		add_link		6.89087		5.93363		62		62		175		173		175		173		
672		14769		0		14695		survived		6.89087		5.93363		63		62		175		173		175		173		
673		14769		0		14695		survived		6.89087		5.93363		64		62		175		173		175		173		
674		14823		0		14790		mutate_weight(-0.404303247172)		7.06893		6.18109		65		65		173		174		173		174		
675		14823		0		14790		survived		7.06893		6.18109		66		65		173		174		173		174		
676		14823		0		14790		survived		7.06893		6.18109		67		65		173		174		173		174		
677		14823		0		14790		survived		7.06893		6.18109		68		65		173		174		173		174		
678		14823		0		14790		survived		7.06893		6.18109		69		65		173		174		173		174		
679		14823		0		14790		survived		7.06893		6.18109		70		65		173		174		173		174		
680		14823		0		14790		survived		7.06893		6.18109		71		65		173		174		173		174		
681		14823		0		14790		survived		7.06893		6.18109		72		65		173		174		173		174		
682		14823		0		14790		survived		7.06893		6.18109		73		65		173		174		173		174		
683		14823		0		14790		survived		7.06893		6.18109		74		65		173		174		173		174		
684		14823		0		14790		survived		7.06893		6.18109		75		65		173		174		173		174		
685		14823		0		14790		survived		7.06893		6.18109		76		65		173		174		173		174		
686		14823		0		14790		survived		7.06893		6.18109		77		65		173		174		173		174		
687		14823		0		14790		survived		7.06893		6.18109		78		65		173		174		173		174		
688		14823		0		14790		survived		7.06893		6.18109		79		65		173		174		173		174		
689		14823		0		14790		survived		7.06893		6.18109		80		65		173		174		173		174		
690		14823		0		14790		survived		7.06893		6.18109		81		65		173		174		173		174		
691		14823		0		14790		survived		7.06893		6.18109		82		65		173		174		173		174		
692		14823		0		14790		survived		7.06893		6.18109		83		65		173		174		173		174		
693		14823		0		14790		survived		7.06893		6.18109		84		65		173		174		173		174		
694		14823		0		14790		survived		7.06893		6.18109		85		65		173		174		173		174		
695		14823		0		14790		survived		7.06893		6.18109		86		65		173		174		173		174		
696		14823		0		14790		survived		7.06893		6.18109		87		65		173		174		173		174		
697		14823		0		14790		survived		7.06893		6.18109		88		65		173		174		173		174		
698		14823		0		14790		survived		7.06893		6.18109		89		65		173		174		173		174		
699		14823		0		14790		survived		7.06893		6.18109		90		65		173		174		173		174		
700		14823		0		14790		survived		7.06893		6.18109		91		65		173		174		173		174		
701		15428		0		15222		mutate_function(absolute-to-sin)		7.26093		7.02006		92		92		172		172		172		172		
702		15428		0		15222		survived		7.26093		7.02006		93		92		172		172		172		172		
703		15428		0		15222		survived		7.26093		7.02006		94		92		172		172		172		172		
704		15428		0		15222		survived		7.26093		7.02006		95		92		172		172		172		172		
705		15428		0		15222		survived		7.26093		7.02006		96		92		172		172		172		172		
706		15428		0		15222		survived		7.26093		7.02006		97		92		172		172		172		172		
707		15428		0		15222		survived		7.26093		7.02006		98		92		172		172		172		172		
708		15428		0		15222		survived		7.26093		7.02006		99		92		172		172		172		172		
709		15428		0		15222		survived		7.26093		7.02006		100		92		172		172		172		172		
710		15428		0		15222		survived		7.26093		7.02006		101		92		172		172		172		172		
711		15428		0		15222		survived		7.26093		7.02006		102		92		172		172		172		172		
712		15428		0		15222		survived		7.26093		7.02006		103		92		172		172		172		172		
713		15428		0		15222		survived		7.26093		7.02006		104		92		172		172		172		172		
714		15702		0		15648		remove_link		7.4108		7.0704		105		105		164		170		164		170		
715		15702		0		15648		survived		7.4108		7.0704		106		105		164		170		164		170		
716		15702		0		15648		survived		7.4108		7.0704		107		105		164		170		164		170		
717		15702		0		15648		survived		7.4108		7.0704		108		105		164		170		164		170		
718		15702		0		15648		survived		7.4108		7.0704		109		105		164		170		164		170		
719		15702		0		15648		survived		7.4108		7.0704		110		105		164		170		164		170		
720		15702		0		15648		survived		7.4108		7.0704		111		105		164		170		164		170		
721		15702		0		15648		survived		7.4108		7.0704		112		105		164		170		164		170		
722		15702		0		15648		survived		7.4108		7.0704		113		105		164		170		164		170		
723		15702		0		15648		survived		7.4108		7.0704		114		105		164		170		164		170		
724		15702		0		15648		survived		7.4108		7.0704		115		105		164		170		164		170		
725		15702		0		15648		survived		7.4108		7.0704		116		105		164		170		164		170		
726		15702		0		15648		survived		7.4108		7.0704		117		105		164		170		164		170		
727		15702		0		15648		survived		7.4108		7.0704		118		105		164		170		164		170		
728		15702		0		15648		survived		7.4108		7.0704		119		105		164		170		164		170		
729		15702		0		15648		survived		7.4108		7.0704		120		105		164		170		164		170		
730		15702		0		15648		survived		7.4108		7.0704		121		105		164		170		164		170		
731		15702		0		15648		survived		7.4108		7.0704		122		105		164		170		164		170		
732		15702		0		15648		survived		7.4108		7.0704		123		105		164		170		164		170		
733		15702		0		15648		survived		7.4108		7.0704		124		105		164		170		164		170		
734		15702		0		15648		survived		7.4108		7.0704		125		105		164		170		164		170		
735		15702		0		15648		survived		7.4108		7.0704		126		105		164		170		164		170		
736		15702		0		15648		survived		7.4108		7.0704		127		105		164		170		164		170		
737		15702		0		15648		survived		7.4108		7.0704		128		105		164		170		164		170		
738		15702		0		15648		survived		7.4108		7.0704		129		105		164		170		164		170		
739		15702		0		15648		survived		7.4108		7.0704		130		105		164		170		164		170		
740		15702		0		15648		survived		7.4108		7.0704		131		105		164		170		164		170		
741		15702		0		15648		survived		7.4108		7.0704		132		105		164		170		164		170		
742		15702		0		15648		survived		7.4108		7.0704		133		105		164		170		164		170		
743		15702		0		15648		survived		7.4108		7.0704		134		105		164		170		164		170		
744		15702		0		15648		survived		7.4108		7.0704		135		105		164		170		164		170		
745		15702		0		15648		survived		7.4108		7.0704		136		105		164		170		164		170		
746		15702		0		15648		survived		7.4108		7.0704		137		105		164		170		164		170		
747		15702		0		15648		survived		7.4108		7.0704		138		105		164		170		164		170		
748		15702		0		15648		survived		7.4108		7.0704		139		105		164		170		164		170		
749		15702		0		15648		survived		7.4108		7.0704		140		105		164		170		164		170		
750		15702		0		15648		survived		7.4108		7.0704		141		105		164		170		164		170		
751		15702		0		15648		survived		7.4108		7.0704		142		105		164		170		164		170		
752		15702		0		15648		survived		7.4108		7.0704		143		105		164		170		164		170		
753		15702		0		15648		survived		7.4108		7.0704		144		105		164		170		164		170		
754		15702		0		15648		survived		7.4108		7.0704		145		105		164		170		164		170		
755		15702		0		15648		survived		7.4108		7.0704		146		105		164		170		164		170		
756		15702		0		15648		survived		7.4108		7.0704		147		105		164		170		164		170		
757		15702		0		15648		survived		7.4108		7.0704		148		105		164		170		164		170		
758		15702		0		15648		survived		7.4108		7.0704		149		105		164		170		164		170		
759		16693		0		15948		remove_link		7.4108		6.97518		150		150		162		162		162		162		
760		16693		0		15948		survived		7.4108		6.97518		151		150		162		162		162		162		
