gen		id		dom		parent_id		variation_type		fitness		parent_fitness		age		parent_age		num_voxels		parent_num_voxels		energy		parent_energy		material_different_from_parent		mean_material		mean_parent_material		mean_parent_diff_material
0		12		0		-1		newly_generated		2.9616		-10000000.0		0		10000000.0		216		10000000.0		216		10000000.0		
1		21		0		12		add_node		5.27793		2.9616		1		1		216		216		216		216		
2		21		0		12		survived		5.27793		2.9616		2		1		216		216		216		216		
3		21		0		12		survived		5.27793		2.9616		3		1		216		216		216		216		
4		21		0		12		survived		5.27793		2.9616		4		1		216		216		216		216		
5		104		0		-1		newly_generated		5.35498		-10000000.0		0		10000000.0		216		10000000.0		216		10000000.0		
6		104		0		-1		survived		5.35498		-10000000.0		1		10000000.0		216		10000000.0		216		10000000.0		
7		104		0		-1		survived		5.35498		-10000000.0		2		10000000.0		216		10000000.0		216		10000000.0		
8		145		0		104		add_node		5.39143		5.35498		3		3		216		216		216		216		
9		145		0		104		survived		5.39143		5.35498		4		3		216		216		216		216		
10		145		0		104		survived		5.39143		5.35498		5		3		216		216		216		216		
11		197		0		176		remove_link		5.46215		2.85379		2		2		216		216		216		216		
12		225		0		145		add_link		5.6579		5.39143		7		7		216		216		216		216		
13		233		0		218		mutate_weight(-0.274554609182)		5.9079		4.59072		4		4		205		195		205		195		
14		233		0		218		survived		5.9079		4.59072		5		4		205		195		205		195		
15		233		0		218		survived		5.9079		4.59072		6		4		205		195		205		195		
16		233		0		218		survived		5.9079		4.59072		7		4		205		195		205		195		
17		233		0		218		survived		5.9079		4.59072		8		4		205		195		205		195		
18		233		0		218		survived		5.9079		4.59072		9		4		205		195		205		195		
19		233		0		218		survived		5.9079		4.59072		10		4		205		195		205		195		
20		233		0		218		survived		5.9079		4.59072		11		4		205		195		205		195		
21		233		0		218		survived		5.9079		4.59072		12		4		205		195		205		195		
22		233		0		218		survived		5.9079		4.59072		13		4		205		195		205		195		
23		233		0		218		survived		5.9079		4.59072		14		4		205		195		205		195		
24		233		0		218		survived		5.9079		4.59072		15		4		205		195		205		195		
25		233		0		218		survived		5.9079		4.59072		16		4		205		195		205		195		
26		233		0		218		survived		5.9079		4.59072		17		4		205		195		205		195		
27		233		0		218		survived		5.9079		4.59072		18		4		205		195		205		195		
28		233		0		218		survived		5.9079		4.59072		19		4		205		195		205		195		
29		531		0		233		add_link		5.99771		5.9079		20		20		205		205		205		205		
30		531		0		233		survived		5.99771		5.9079		21		20		205		205		205		205		
31		531		0		233		survived		5.99771		5.9079		22		20		205		205		205		205		
32		531		0		233		survived		5.99771		5.9079		23		20		205		205		205		205		
33		531		0		233		survived		5.99771		5.9079		24		20		205		205		205		205		
34		531		0		233		survived		5.99771		5.9079		25		20		205		205		205		205		
35		531		0		233		survived		5.99771		5.9079		26		20		205		205		205		205		
36		531		0		233		survived		5.99771		5.9079		27		20		205		205		205		205		
37		531		0		233		survived		5.99771		5.9079		28		20		205		205		205		205		
38		531		0		233		survived		5.99771		5.9079		29		20		205		205		205		205		
39		531		0		233		survived		5.99771		5.9079		30		20		205		205		205		205		
40		531		0		233		survived		5.99771		5.9079		31		20		205		205		205		205		
41		531		0		233		survived		5.99771		5.9079		32		20		205		205		205		205		
42		757		0		531		mutate_weight(-0.181421767851)		6.00831		5.99771		33		33		205		205		205		205		
43		757		0		531		survived		6.00831		5.99771		34		33		205		205		205		205		
44		796		0		762		remove_link		6.14136		5.56961		35		35		198		199		198		199		
45		796		0		762		survived		6.14136		5.56961		36		35		198		199		198		199		
46		832		0		796		remove_link		6.4938		6.14136		37		37		198		198		198		198		
47		832		0		796		survived		6.4938		6.14136		38		37		198		198		198		198		
48		832		0		796		survived		6.4938		6.14136		39		37		198		198		198		198		
49		832		0		796		survived		6.4938		6.14136		40		37		198		198		198		198		
50		832		0		796		survived		6.4938		6.14136		41		37		198		198		198		198		
51		832		0		796		survived		6.4938		6.14136		42		37		198		198		198		198		
52		832		0		796		survived		6.4938		6.14136		43		37		198		198		198		198		
53		832		0		796		survived		6.4938		6.14136		44		37		198		198		198		198		
54		832		0		796		survived		6.4938		6.14136		45		37		198		198		198		198		
55		832		0		796		survived		6.4938		6.14136		46		37		198		198		198		198		
56		832		0		796		survived		6.4938		6.14136		47		37		198		198		198		198		
57		832		0		796		survived		6.4938		6.14136		48		37		198		198		198		198		
58		832		0		796		survived		6.4938		6.14136		49		37		198		198		198		198		
59		832		0		796		survived		6.4938		6.14136		50		37		198		198		198		198		
60		832		0		796		survived		6.4938		6.14136		51		37		198		198		198		198		
61		832		0		796		survived		6.4938		6.14136		52		37		198		198		198		198		
62		832		0		796		survived		6.4938		6.14136		53		37		198		198		198		198		
63		1139		0		832		add_link		6.53497		6.4938		54		54		198		198		198		198		
64		1139		0		832		survived		6.53497		6.4938		55		54		198		198		198		198		
65		1139		0		832		survived		6.53497		6.4938		56		54		198		198		198		198		
66		1139		0		832		survived		6.53497		6.4938		57		54		198		198		198		198		
67		1139		0		832		survived		6.53497		6.4938		58		54		198		198		198		198		
68		1139		0		832		survived		6.53497		6.4938		59		54		198		198		198		198		
69		1139		0		832		survived		6.53497		6.4938		60		54		198		198		198		198		
70		1139		0		832		survived		6.53497		6.4938		61		54		198		198		198		198		
71		1139		0		832		survived		6.53497		6.4938		62		54		198		198		198		198		
72		1139		0		832		survived		6.53497		6.4938		63		54		198		198		198		198		
73		1313		0		1263		mutate_function(neg_sqrt_abs-to-square)		6.55455		4.4692		8		8		216		216		216		208		
74		1340		0		1313		remove_node		6.55831		6.55455		9		9		216		216		216		216		
75		1340		0		1313		survived		6.55831		6.55455		10		9		216		216		216		216		
76		1340		0		1313		survived		6.55831		6.55455		11		9		216		216		216		216		
77		1340		0		1313		survived		6.55831		6.55455		12		9		216		216		216		216		
78		1340		0		1313		survived		6.55831		6.55455		13		9		216		216		216		216		
79		1340		0		1313		survived		6.55831		6.55455		14		9		216		216		216		216		
80		1447		0		1139		mutate_weight(0.29674211094)		6.55853		6.53497		71		71		198		198		198		198		
81		1447		0		1139		survived		6.55853		6.53497		72		71		198		198		198		198		
82		1475		0		1447		add_link		6.60187		6.55853		73		73		198		198		198		198		
83		1475		0		1447		survived		6.60187		6.55853		74		73		198		198		198		198		
84		1475		0		1447		survived		6.60187		6.55853		75		73		198		198		198		198		
85		1475		0		1447		survived		6.60187		6.55853		76		73		198		198		198		198		
86		1475		0		1447		survived		6.60187		6.55853		77		73		198		198		198		198		
87		1475		0		1447		survived		6.60187		6.55853		78		73		198		198		198		198		
88		1475		0		1447		survived		6.60187		6.55853		79		73		198		198		198		198		
89		1475		0		1447		survived		6.60187		6.55853		80		73		198		198		198		198		
90		1475		0		1447		survived		6.60187		6.55853		81		73		198		198		198		198		
91		1475		0		1447		survived		6.60187		6.55853		82		73		198		198		198		198		
92		1475		0		1447		survived		6.60187		6.55853		83		73		198		198		198		198		
93		1475		0		1447		survived		6.60187		6.55853		84		73		198		198		198		198		
94		1475		0		1447		survived		6.60187		6.55853		85		73		198		198		198		198		
95		1475		0		1447		survived		6.60187		6.55853		86		73		198		198		198		198		
96		1475		0		1447		survived		6.60187		6.55853		87		73		198		198		198		198		
97		1755		0		1539		remove_link		6.62091		6.05922		40		40		216		216		212		208		
98		1755		0		1539		survived		6.62091		6.05922		41		40		216		216		212		208		
99		1783		0		1539		mutate_weight(0.199345218627)		6.62091		6.05922		42		42		216		216		208		208		
100		1783		0		1539		survived		6.62091		6.05922		43		42		216		216		208		208		
101		1783		0		1539		survived		6.62091		6.05922		44		42		216		216		208		208		
102		1783		0		1539		survived		6.62091		6.05922		45		42		216		216		208		208		
103		1783		0		1539		survived		6.62091		6.05922		46		42		216		216		208		208		
104		1783		0		1539		survived		6.62091		6.05922		47		42		216		216		208		208		
105		1783		0		1539		survived		6.62091		6.05922		48		42		216		216		208		208		
106		1783		0		1539		survived		6.62091		6.05922		49		42		216		216		208		208		
107		1783		0		1539		survived		6.62091		6.05922		50		42		216		216		208		208		
108		1783		0		1539		survived		6.62091		6.05922		51		42		216		216		208		208		
109		1783		0		1539		survived		6.62091		6.05922		52		42		216		216		208		208		
110		1783		0		1539		survived		6.62091		6.05922		53		42		216		216		208		208		
111		1783		0		1539		survived		6.62091		6.05922		54		42		216		216		208		208		
112		1783		0		1539		survived		6.62091		6.05922		55		42		216		216		208		208		
113		1783		0		1539		survived		6.62091		6.05922		56		42		216		216		208		208		
114		1783		0		1539		survived		6.62091		6.05922		57		42		216		216		208		208		
115		2079		0		1977		add_link		6.70657		6.39421		106		106		192		180		192		180		
116		2079		0		1977		survived		6.70657		6.39421		107		106		192		180		192		180		
117		2079		0		1977		survived		6.70657		6.39421		108		106		192		180		192		180		
118		2079		0		1977		survived		6.70657		6.39421		109		106		192		180		192		180		
119		2079		0		1977		survived		6.70657		6.39421		110		106		192		180		192		180		
120		2079		0		1977		survived		6.70657		6.39421		111		106		192		180		192		180		
121		2079		0		1977		survived		6.70657		6.39421		112		106		192		180		192		180		
122		2079		0		1977		survived		6.70657		6.39421		113		106		192		180		192		180		
123		2079		0		1977		survived		6.70657		6.39421		114		106		192		180		192		180		
124		2079		0		1977		survived		6.70657		6.39421		115		106		192		180		192		180		
125		2079		0		1977		survived		6.70657		6.39421		116		106		192		180		192		180		
126		2079		0		1977		survived		6.70657		6.39421		117		106		192		180		192		180		
127		2079		0		1977		survived		6.70657		6.39421		118		106		192		180		192		180		
128		2079		0		1977		survived		6.70657		6.39421		119		106		192		180		192		180		
129		2333		0		2102		add_link		6.7166		6.66201		13		13		216		216		216		216		
130		2333		0		2102		survived		6.7166		6.66201		14		13		216		216		216		216		
131		2333		0		2102		survived		6.7166		6.66201		15		13		216		216		216		216		
132		2333		0		2102		survived		6.7166		6.66201		16		13		216		216		216		216		
133		2333		0		2102		survived		6.7166		6.66201		17		13		216		216		216		216		
134		2333		0		2102		survived		6.7166		6.66201		18		13		216		216		216		216		
135		2333		0		2102		survived		6.7166		6.66201		19		13		216		216		216		216		
136		2333		0		2102		survived		6.7166		6.66201		20		13		216		216		216		216		
137		2333		0		2102		survived		6.7166		6.66201		21		13		216		216		216		216		
138		2333		0		2102		survived		6.7166		6.66201		22		13		216		216		216		216		
139		2333		0		2102		survived		6.7166		6.66201		23		13		216		216		216		216		
140		2333		0		2102		survived		6.7166		6.66201		24		13		216		216		216		216		
141		2333		0		2102		survived		6.7166		6.66201		25		13		216		216		216		216		
142		2333		0		2102		survived		6.7166		6.66201		26		13		216		216		216		216		
143		2333		0		2102		survived		6.7166		6.66201		27		13		216		216		216		216		
144		2333		0		2102		survived		6.7166		6.66201		28		13		216		216		216		216		
145		2333		0		2102		survived		6.7166		6.66201		29		13		216		216		216		216		
146		2333		0		2102		survived		6.7166		6.66201		30		13		216		216		216		216		
147		2333		0		2102		survived		6.7166		6.66201		31		13		216		216		216		216		
148		2333		0		2102		survived		6.7166		6.66201		32		13		216		216		216		216		
149		2333		0		2102		survived		6.7166		6.66201		33		13		216		216		216		216		
150		2333		0		2102		survived		6.7166		6.66201		34		13		216		216		216		216		
151		2333		0		2102		survived		6.7166		6.66201		35		13		216		216		216		216		
152		2333		0		2102		survived		6.7166		6.66201		36		13		216		216		216		216		
153		2333		0		2102		survived		6.7166		6.66201		37		13		216		216		216		216		
154		2333		0		2102		survived		6.7166		6.66201		38		13		216		216		216		216		
155		2333		0		2102		survived		6.7166		6.66201		39		13		216		216		216		216		
156		2333		0		2102		survived		6.7166		6.66201		40		13		216		216		216		216		
157		2333		0		2102		survived		6.7166		6.66201		41		13		216		216		216		216		
158		2333		0		2102		survived		6.7166		6.66201		42		13		216		216		216		216		
159		2333		0		2102		survived		6.7166		6.66201		43		13		216		216		216		216		
160		2333		0		2102		survived		6.7166		6.66201		44		13		216		216		216		216		
161		2333		0		2102		survived		6.7166		6.66201		45		13		216		216		216		216		
162		2333		0		2102		survived		6.7166		6.66201		46		13		216		216		216		216		
163		2333		0		2102		survived		6.7166		6.66201		47		13		216		216		216		216		
164		2333		0		2102		survived		6.7166		6.66201		48		13		216		216		216		216		
165		2333		0		2102		survived		6.7166		6.66201		49		13		216		216		216		216		
166		2333		0		2102		survived		6.7166		6.66201		50		13		216		216		216		216		
167		2333		0		2102		survived		6.7166		6.66201		51		13		216		216		216		216		
168		2333		0		2102		survived		6.7166		6.66201		52		13		216		216		216		216		
169		2333		0		2102		survived		6.7166		6.66201		53		13		216		216		216		216		
170		2333		0		2102		survived		6.7166		6.66201		54		13		216		216		216		216		
171		2333		0		2102		survived		6.7166		6.66201		55		13		216		216		216		216		
172		2333		0		2102		survived		6.7166		6.66201		56		13		216		216		216		216		
173		2333		0		2102		survived		6.7166		6.66201		57		13		216		216		216		216		
174		2333		0		2102		survived		6.7166		6.66201		58		13		216		216		216		216		
175		2333		0		2102		survived		6.7166		6.66201		59		13		216		216		216		216		
176		2333		0		2102		survived		6.7166		6.66201		60		13		216		216		216		216		
177		2333		0		2102		survived		6.7166		6.66201		61		13		216		216		216		216		
178		3204		0		2684		add_link		6.74701		6.7165		169		169		192		192		192		192		
179		3204		0		2684		survived		6.74701		6.7165		170		169		192		192		192		192		
180		3204		0		2684		survived		6.74701		6.7165		171		169		192		192		192		192		
181		3204		0		2684		survived		6.74701		6.7165		172		169		192		192		192		192		
182		3204		0		2684		survived		6.74701		6.7165		173		169		192		192		192		192		
183		3204		0		2684		survived		6.74701		6.7165		174		169		192		192		192		192		
184		3204		0		2684		survived		6.74701		6.7165		175		169		192		192		192		192		
185		3327		0		2836		add_link		6.75247		6.57029		176		176		192		190		192		190		
186		3327		0		2836		survived		6.75247		6.57029		177		176		192		190		192		190		
187		3327		0		2836		survived		6.75247		6.57029		178		176		192		190		192		190		
188		3327		0		2836		survived		6.75247		6.57029		179		176		192		190		192		190		
189		3327		0		2836		survived		6.75247		6.57029		180		176		192		190		192		190		
190		3327		0		2836		survived		6.75247		6.57029		181		176		192		190		192		190		
191		3327		0		2836		survived		6.75247		6.57029		182		176		192		190		192		190		
192		3327		0		2836		survived		6.75247		6.57029		183		176		192		190		192		190		
193		3327		0		2836		survived		6.75247		6.57029		184		176		192		190		192		190		
194		3327		0		2836		survived		6.75247		6.57029		185		176		192		190		192		190		
195		3327		0		2836		survived		6.75247		6.57029		186		176		192		190		192		190		
196		3327		0		2836		survived		6.75247		6.57029		187		176		192		190		192		190		
197		3327		0		2836		survived		6.75247		6.57029		188		176		192		190		192		190		
198		3327		0		2836		survived		6.75247		6.57029		189		176		192		190		192		190		
199		3327		0		2836		survived		6.75247		6.57029		190		176		192		190		192		190		
200		3327		0		2836		survived		6.75247		6.57029		191		176		192		190		192		190		
201		3327		0		2836		survived		6.75247		6.57029		192		176		192		190		192		190		
202		3327		0		2836		survived		6.75247		6.57029		193		176		192		190		192		190		
203		3327		0		2836		survived		6.75247		6.57029		194		176		192		190		192		190		
204		3327		0		2836		survived		6.75247		6.57029		195		176		192		190		192		190		
205		3327		0		2836		survived		6.75247		6.57029		196		176		192		190		192		190		
206		3327		0		2836		survived		6.75247		6.57029		197		176		192		190		192		190		
207		3327		0		2836		survived		6.75247		6.57029		198		176		192		190		192		190		
208		3327		0		2836		survived		6.75247		6.57029		199		176		192		190		192		190		
209		3327		0		2836		survived		6.75247		6.57029		200		176		192		190		192		190		
210		3327		0		2836		survived		6.75247		6.57029		201		176		192		190		192		190		
211		3327		0		2836		survived		6.75247		6.57029		202		176		192		190		192		190		
212		3327		0		2836		survived		6.75247		6.57029		203		176		192		190		192		190		
213		3327		0		2836		survived		6.75247		6.57029		204		176		192		190		192		190		
214		3327		0		2836		survived		6.75247		6.57029		205		176		192		190		192		190		
215		3327		0		2836		survived		6.75247		6.57029		206		176		192		190		192		190		
216		3327		0		2836		survived		6.75247		6.57029		207		176		192		190		192		190		
217		3327		0		2836		survived		6.75247		6.57029		208		176		192		190		192		190		
218		3327		0		2836		survived		6.75247		6.57029		209		176		192		190		192		190		
219		3327		0		2836		survived		6.75247		6.57029		210		176		192		190		192		190		
220		3327		0		2836		survived		6.75247		6.57029		211		176		192		190		192		190		
221		3327		0		2836		survived		6.75247		6.57029		212		176		192		190		192		190		
222		3327		0		2836		survived		6.75247		6.57029		213		176		192		190		192		190		
223		3327		0		2836		survived		6.75247		6.57029		214		176		192		190		192		190		
224		3327		0		2836		survived		6.75247		6.57029		215		176		192		190		192		190		
225		3327		0		2836		survived		6.75247		6.57029		216		176		192		190		192		190		
226		3327		0		2836		survived		6.75247		6.57029		217		176		192		190		192		190		
227		3327		0		2836		survived		6.75247		6.57029		218		176		192		190		192		190		
228		3327		0		2836		survived		6.75247		6.57029		219		176		192		190		192		190		
229		3327		0		2836		survived		6.75247		6.57029		220		176		192		190		192		190		
230		3327		0		2836		survived		6.75247		6.57029		221		176		192		190		192		190		
231		3327		0		2836		survived		6.75247		6.57029		222		176		192		190		192		190		
232		3327		0		2836		survived		6.75247		6.57029		223		176		192		190		192		190		
233		3327		0		2836		survived		6.75247		6.57029		224		176		192		190		192		190		
234		3327		0		2836		survived		6.75247		6.57029		225		176		192		190		192		190		
235		3327		0		2836		survived		6.75247		6.57029		226		176		192		190		192		190		
236		3327		0		2836		survived		6.75247		6.57029		227		176		192		190		192		190		
237		3327		0		2836		survived		6.75247		6.57029		228		176		192		190		192		190		
238		3327		0		2836		survived		6.75247		6.57029		229		176		192		190		192		190		
239		3327		0		2836		survived		6.75247		6.57029		230		176		192		190		192		190		
240		3327		0		2836		survived		6.75247		6.57029		231		176		192		190		192		190		
241		3327		0		2836		survived		6.75247		6.57029		232		176		192		190		192		190		
242		3327		0		2836		survived		6.75247		6.57029		233		176		192		190		192		190		
243		3327		0		2836		survived		6.75247		6.57029		234		176		192		190		192		190		
244		3327		0		2836		survived		6.75247		6.57029		235		176		192		190		192		190		
245		4414		0		4301		add_node		6.77502		6.73285		129		129		216		216		216		216		
246		4414		0		4301		survived		6.77502		6.73285		130		129		216		216		216		216		
247		4414		0		4301		survived		6.77502		6.73285		131		129		216		216		216		216		
248		4414		0		4301		survived		6.77502		6.73285		132		129		216		216		216		216		
249		4414		0		4301		survived		6.77502		6.73285		133		129		216		216		216		216		
250		4414		0		4301		survived		6.77502		6.73285		134		129		216		216		216		216		
251		4414		0		4301		survived		6.77502		6.73285		135		129		216		216		216		216		
252		4414		0		4301		survived		6.77502		6.73285		136		129		216		216		216		216		
253		4414		0		4301		survived		6.77502		6.73285		137		129		216		216		216		216		
254		4414		0		4301		survived		6.77502		6.73285		138		129		216		216		216		216		
255		4414		0		4301		survived		6.77502		6.73285		139		129		216		216		216		216		
256		4414		0		4301		survived		6.77502		6.73285		140		129		216		216		216		216		
257		4414		0		4301		survived		6.77502		6.73285		141		129		216		216		216		216		
258		4414		0		4301		survived		6.77502		6.73285		142		129		216		216		216		216		
259		4414		0		4301		survived		6.77502		6.73285		143		129		216		216		216		216		
260		4414		0		4301		survived		6.77502		6.73285		144		129		216		216		216		216		
261		4414		0		4301		survived		6.77502		6.73285		145		129		216		216		216		216		
262		4414		0		4301		survived		6.77502		6.73285		146		129		216		216		216		216		
263		4414		0		4301		survived		6.77502		6.73285		147		129		216		216		216		216		
264		4414		0		4301		survived		6.77502		6.73285		148		129		216		216		216		216		
265		4414		0		4301		survived		6.77502		6.73285		149		129		216		216		216		216		
266		4414		0		4301		survived		6.77502		6.73285		150		129		216		216		216		216		
267		4414		0		4301		survived		6.77502		6.73285		151		129		216		216		216		216		
268		4414		0		4301		survived		6.77502		6.73285		152		129		216		216		216		216		
269		4414		0		4301		survived		6.77502		6.73285		153		129		216		216		216		216		
270		4859		0		4414		add_link		6.78485		6.77502		154		154		216		216		216		216		
271		4859		0		4414		survived		6.78485		6.77502		155		154		216		216		216		216		
272		4859		0		4414		survived		6.78485		6.77502		156		154		216		216		216		216		
273		4859		0		4414		survived		6.78485		6.77502		157		154		216		216		216		216		
274		4859		0		4414		survived		6.78485		6.77502		158		154		216		216		216		216		
275		4859		0		4414		survived		6.78485		6.77502		159		154		216		216		216		216		
276		4859		0		4414		survived		6.78485		6.77502		160		154		216		216		216		216		
277		4859		0		4414		survived		6.78485		6.77502		161		154		216		216		216		216		
278		4859		0		4414		survived		6.78485		6.77502		162		154		216		216		216		216		
279		4859		0		4414		survived		6.78485		6.77502		163		154		216		216		216		216		
280		4859		0		4414		survived		6.78485		6.77502		164		154		216		216		216		216		
281		4859		0		4414		survived		6.78485		6.77502		165		154		216		216		216		216		
282		4859		0		4414		survived		6.78485		6.77502		166		154		216		216		216		216		
283		4859		0		4414		survived		6.78485		6.77502		167		154		216		216		216		216		
284		4859		0		4414		survived		6.78485		6.77502		168		154		216		216		216		216		
285		4859		0		4414		survived		6.78485		6.77502		169		154		216		216		216		216		
286		4859		0		4414		survived		6.78485		6.77502		170		154		216		216		216		216		
287		4859		0		4414		survived		6.78485		6.77502		171		154		216		216		216		216		
288		4859		0		4414		survived		6.78485		6.77502		172		154		216		216		216		216		
289		4859		0		4414		survived		6.78485		6.77502		173		154		216		216		216		216		
290		4859		0		4414		survived		6.78485		6.77502		174		154		216		216		216		216		
291		5248		0		4859		mutate_weight(-0.0239619138597)		6.78658		6.78485		175		175		216		216		216		216		
292		5248		0		4859		survived		6.78658		6.78485		176		175		216		216		216		216		
293		5248		0		4859		survived		6.78658		6.78485		177		175		216		216		216		216		
294		5248		0		4859		survived		6.78658		6.78485		178		175		216		216		216		216		
295		5248		0		4859		survived		6.78658		6.78485		179		175		216		216		216		216		
296		5248		0		4859		survived		6.78658		6.78485		180		175		216		216		216		216		
297		5248		0		4859		survived		6.78658		6.78485		181		175		216		216		216		216		
298		5248		0		4859		survived		6.78658		6.78485		182		175		216		216		216		216		
299		5248		0		4859		survived		6.78658		6.78485		183		175		216		216		216		216		
300		5248		0		4859		survived		6.78658		6.78485		184		175		216		216		216		216		
301		5248		0		4859		survived		6.78658		6.78485		185		175		216		216		216		216		
302		5435		0		5248		add_node		6.78789		6.78658		186		186		216		216		216		216		
303		5435		0		5248		survived		6.78789		6.78658		187		186		216		216		216		216		
304		5435		0		5248		survived		6.78789		6.78658		188		186		216		216		216		216		
305		5494		0		5435		add_link		6.79991		6.78789		189		189		216		216		216		216		
306		5494		0		5435		survived		6.79991		6.78789		190		189		216		216		216		216		
307		5494		0		5435		survived		6.79991		6.78789		191		189		216		216		216		216		
308		5494		0		5435		survived		6.79991		6.78789		192		189		216		216		216		216		
309		5494		0		5435		survived		6.79991		6.78789		193		189		216		216		216		216		
310		5494		0		5435		survived		6.79991		6.78789		194		189		216		216		216		216		
311		5494		0		5435		survived		6.79991		6.78789		195		189		216		216		216		216		
312		5620		0		5494		add_node		6.80115		6.79991		196		196		216		216		216		216		
313		5620		0		5494		survived		6.80115		6.79991		197		196		216		216		216		216		
314		5620		0		5494		survived		6.80115		6.79991		198		196		216		216		216		216		
315		5620		0		5494		survived		6.80115		6.79991		199		196		216		216		216		216		
316		5620		0		5494		survived		6.80115		6.79991		200		196		216		216		216		216		
317		5620		0		5494		survived		6.80115		6.79991		201		196		216		216		216		216		
318		5620		0		5494		survived		6.80115		6.79991		202		196		216		216		216		216		
319		5620		0		5494		survived		6.80115		6.79991		203		196		216		216		216		216		
320		5620		0		5494		survived		6.80115		6.79991		204		196		216		216		216		216		
321		5620		0		5494		survived		6.80115		6.79991		205		196		216		216		216		216		
322		5620		0		5494		survived		6.80115		6.79991		206		196		216		216		216		216		
323		5620		0		5494		survived		6.80115		6.79991		207		196		216		216		216		216		
324		5620		0		5494		survived		6.80115		6.79991		208		196		216		216		216		216		
325		5620		0		5494		survived		6.80115		6.79991		209		196		216		216		216		216		
326		5620		0		5494		survived		6.80115		6.79991		210		196		216		216		216		216		
327		5620		0		5494		survived		6.80115		6.79991		211		196		216		216		216		216		
328		5620		0		5494		survived		6.80115		6.79991		212		196		216		216		216		216		
329		5620		0		5494		survived		6.80115		6.79991		213		196		216		216		216		216		
330		5620		0		5494		survived		6.80115		6.79991		214		196		216		216		216		216		
331		5620		0		5494		survived		6.80115		6.79991		215		196		216		216		216		216		
332		5620		0		5494		survived		6.80115		6.79991		216		196		216		216		216		216		
333		5620		0		5494		survived		6.80115		6.79991		217		196		216		216		216		216		
334		5620		0		5494		survived		6.80115		6.79991		218		196		216		216		216		216		
335		5620		0		5494		survived		6.80115		6.79991		219		196		216		216		216		216		
336		5620		0		5494		survived		6.80115		6.79991		220		196		216		216		216		216		
337		5620		0		5494		survived		6.80115		6.79991		221		196		216		216		216		216		
338		5620		0		5494		survived		6.80115		6.79991		222		196		216		216		216		216		
339		5620		0		5494		survived		6.80115		6.79991		223		196		216		216		216		216		
340		5620		0		5494		survived		6.80115		6.79991		224		196		216		216		216		216		
341		5620		0		5494		survived		6.80115		6.79991		225		196		216		216		216		216		
342		5620		0		5494		survived		6.80115		6.79991		226		196		216		216		216		216		
343		5620		0		5494		survived		6.80115		6.79991		227		196		216		216		216		216		
344		5620		0		5494		survived		6.80115		6.79991		228		196		216		216		216		216		
345		5620		0		5494		survived		6.80115		6.79991		229		196		216		216		216		216		
346		5620		0		5494		survived		6.80115		6.79991		230		196		216		216		216		216		
347		5620		0		5494		survived		6.80115		6.79991		231		196		216		216		216		216		
348		5620		0		5494		survived		6.80115		6.79991		232		196		216		216		216		216		
349		5620		0		5494		survived		6.80115		6.79991		233		196		216		216		216		216		
350		5620		0		5494		survived		6.80115		6.79991		234		196		216		216		216		216		
351		5620		0		5494		survived		6.80115		6.79991		235		196		216		216		216		216		
352		5620		0		5494		survived		6.80115		6.79991		236		196		216		216		216		216		
353		5620		0		5494		survived		6.80115		6.79991		237		196		216		216		216		216		
354		5620		0		5494		survived		6.80115		6.79991		238		196		216		216		216		216		
355		5620		0		5494		survived		6.80115		6.79991		239		196		216		216		216		216		
356		5620		0		5494		survived		6.80115		6.79991		240		196		216		216		216		216		
357		5620		0		5494		survived		6.80115		6.79991		241		196		216		216		216		216		
358		5620		0		5494		survived		6.80115		6.79991		242		196		216		216		216		216		
359		5620		0		5494		survived		6.80115		6.79991		243		196		216		216		216		216		
360		5620		0		5494		survived		6.80115		6.79991		244		196		216		216		216		216		
361		5620		0		5494		survived		6.80115		6.79991		245		196		216		216		216		216		
362		5620		0		5494		survived		6.80115		6.79991		246		196		216		216		216		216		
363		5620		0		5494		survived		6.80115		6.79991		247		196		216		216		216		216		
364		5620		0		5494		survived		6.80115		6.79991		248		196		216		216		216		216		
365		5620		0		5494		survived		6.80115		6.79991		249		196		216		216		216		216		
366		5620		0		5494		survived		6.80115		6.79991		250		196		216		216		216		216		
367		6604		0		6426		mutate_weight(0.249520008822)		6.85208		6.74462		89		89		216		216		208		208		
368		6604		0		6426		survived		6.85208		6.74462		90		89		216		216		208		208		
369		6604		0		6426		survived		6.85208		6.74462		91		89		216		216		208		208		
370		6604		0		6426		survived		6.85208		6.74462		92		89		216		216		208		208		
371		6604		0		6426		survived		6.85208		6.74462		93		89		216		216		208		208		
372		6604		0		6426		survived		6.85208		6.74462		94		89		216		216		208		208		
373		6604		0		6426		survived		6.85208		6.74462		95		89		216		216		208		208		
374		6604		0		6426		survived		6.85208		6.74462		96		89		216		216		208		208		
375		6604		0		6426		survived		6.85208		6.74462		97		89		216		216		208		208		
376		6604		0		6426		survived		6.85208		6.74462		98		89		216		216		208		208		
377		6604		0		6426		survived		6.85208		6.74462		99		89		216		216		208		208		
378		6604		0		6426		survived		6.85208		6.74462		100		89		216		216		208		208		
379		6604		0		6426		survived		6.85208		6.74462		101		89		216		216		208		208		
380		6604		0		6426		survived		6.85208		6.74462		102		89		216		216		208		208		
381		6604		0		6426		survived		6.85208		6.74462		103		89		216		216		208		208		
382		6604		0		6426		survived		6.85208		6.74462		104		89		216		216		208		208		
383		6604		0		6426		survived		6.85208		6.74462		105		89		216		216		208		208		
384		6604		0		6426		survived		6.85208		6.74462		106		89		216		216		208		208		
385		6604		0		6426		survived		6.85208		6.74462		107		89		216		216		208		208		
386		6604		0		6426		survived		6.85208		6.74462		108		89		216		216		208		208		
387		6604		0		6426		survived		6.85208		6.74462		109		89		216		216		208		208		
388		6604		0		6426		survived		6.85208		6.74462		110		89		216		216		208		208		
389		6604		0		6426		survived		6.85208		6.74462		111		89		216		216		208		208		
390		6604		0		6426		survived		6.85208		6.74462		112		89		216		216		208		208		
391		6604		0		6426		survived		6.85208		6.74462		113		89		216		216		208		208		
392		6604		0		6426		survived		6.85208		6.74462		114		89		216		216		208		208		
393		6604		0		6426		survived		6.85208		6.74462		115		89		216		216		208		208		
394		6604		0		6426		survived		6.85208		6.74462		116		89		216		216		208		208		
395		6604		0		6426		survived		6.85208		6.74462		117		89		216		216		208		208		
396		6604		0		6426		survived		6.85208		6.74462		118		89		216		216		208		208		
397		6604		0		6426		survived		6.85208		6.74462		119		89		216		216		208		208		
398		6604		0		6426		survived		6.85208		6.74462		120		89		216		216		208		208		
399		6604		0		6426		survived		6.85208		6.74462		121		89		216		216		208		208		
400		6604		0		6426		survived		6.85208		6.74462		122		89		216		216		208		208		
401		6604		0		6426		survived		6.85208		6.74462		123		89		216		216		208		208		
402		6604		0		6426		survived		6.85208		6.74462		124		89		216		216		208		208		
403		6604		0		6426		survived		6.85208		6.74462		125		89		216		216		208		208		
404		6604		0		6426		survived		6.85208		6.74462		126		89		216		216		208		208		
405		6604		0		6426		survived		6.85208		6.74462		127		89		216		216		208		208		
406		6604		0		6426		survived		6.85208		6.74462		128		89		216		216		208		208		
407		7330		0		6976		mutate_weight(0.0448735954757)		6.85208		6.83448		129		129		216		216		206		206		
408		7330		0		6976		survived		6.85208		6.83448		130		129		216		216		206		206		
409		7330		0		6976		survived		6.85208		6.83448		131		129		216		216		206		206		
410		7330		0		6976		survived		6.85208		6.83448		132		129		216		216		206		206		
411		7330		0		6976		survived		6.85208		6.83448		133		129		216		216		206		206		
412		7330		0		6976		survived		6.85208		6.83448		134		129		216		216		206		206		
413		7330		0		6976		survived		6.85208		6.83448		135		129		216		216		206		206		
414		7330		0		6976		survived		6.85208		6.83448		136		129		216		216		206		206		
415		7330		0		6976		survived		6.85208		6.83448		137		129		216		216		206		206		
416		7330		0		6976		survived		6.85208		6.83448		138		129		216		216		206		206		
417		7330		0		6976		survived		6.85208		6.83448		139		129		216		216		206		206		
418		7330		0		6976		survived		6.85208		6.83448		140		129		216		216		206		206		
419		7330		0		6976		survived		6.85208		6.83448		141		129		216		216		206		206		
420		7330		0		6976		survived		6.85208		6.83448		142		129		216		216		206		206		
421		7330		0		6976		survived		6.85208		6.83448		143		129		216		216		206		206		
